distance	weight	r0	r1	r2	r3	r4	r5	r6	r7	r8	r9	r10	r11	r12	r13	r14	r15	tp	dr1	dr2	dr3
2191.72	0.00833333	0.987397	0.635343	0.254315	0.255102	0.557241	0.0669185	0.173204	0.548678	0.435653	0.975988	0.789844	0.378483	0.604737	0.533325	0.917097	0.288092	92.1862	0.097287	0.0182249	0.043795
2204.24	0.00833333	0.945562	0.49863	0.235123	0.110166	0.47642	0.502182	0.983605	0.32868	0.310475	0.36351	0.303485	0.177888	0.376028	0.107279	0.718874	0.957232	111.04	0.087787	0.00317219	0.044663
2243.02	0.00833333	0.984408	0.796753	0.484902	0.544815	0.452058	0.840619	0.413704	0.619685	0.957837	0.331744	0.450735	0.278043	0.0774868	0.542387	0.223349	0.429062	103.03	0.097565	0.0219304	0.036983
2266.64	0.00833333	1.0107	0.552967	0.140911	0.518057	0.449662	0.322085	0.397591	0.3216	0.763035	0.562416	0.447977	0.715227	0.381265	0.420277	0.769061	0.165386	106.63	0.0872077	0.0244758	0.0188712
2271.69	0.00833333	0.989997	0.722156	0.936072	0.700985	0.779351	0.928017	0.604083	0.757591	0.44483	0.463991	0.516011	0.410715	0.0188116	0.608581	0.733456	0.883658	102.228	0.0929583	0.0257453	0.0204622
2272.51	0.00833333	1.00598	0.864443	0.0262803	0.586561	0.6327	0.428441	0.74047	0.241121	0.60104	0.523509	0.289211	0.116302	0.549457	0.213056	0.383	0.97317	118.371	0.0849593	0.0140345	0.0369092
2290.28	0.00833333	1.03778	0.220248	0.385786	0.379082	0.111882	0.446405	0.478786	0.562288	0.0792781	0.962379	0.552087	0.336366	0.419721	0.5247	0.412863	0.78669	126.131	0.0736315	0.0018785	0.0347325
2300.24	0.00833333	0.904198	0.50696	0.597944	0.495904	0.334139	0.811507	0.891044	0.746963	0.266299	0.841525	0.841936	0.278575	0.566124	0.884025	0.732997	0.271853	122.596	0.0940988	0.0212579	0.0363684
2330.48	0.00833333	0.886195	0.625741	0.929056	0.14117	0.3808	0.54412	0.878726	0.12937	0.199695	0.228135	0.173942	0.321283	0.230184	0.21598	0.666053	0.156191	107.423	0.0974678	0.0243628	0.0374291
2396.32	0.00833333	1.01139	0.983069	0.487674	0.746532	0.763943	0.436758	0.362527	0.561052	0.0126837	0.617309	0.0218113	0.475656	0.548906	0.259503	0.666757	0.677358	92.7497	0.0885745	0.0285279	0.00708705
2421.13	0.00833333	0.933331	0.582665	0.549352	0.650491	0.0329463	0.50676	0.839599	0.80299	0.951562	0.341281	0.220357	0.585736	0.249237	0.428143	0.161337	0.973236	112.575	0.0924015	0.0136618	0.0464431
2430.26	0.00833333	0.969373	0.501446	0.294264	0.61646	0.248624	0.781938	0.105375	0.747615	0.374274	0.899497	0.0957596	0.982252	0.280828	0.364966	0.683312	0.00147168	120.077	0.0890546	0.02461	0.00428536
2445.34	0.00833333	0.802814	0.610617	0.502575	0.963213	0.416434	0.438244	0.245098	0.40414	0.655566	0.523759	0.393989	0.692549	0.249435	0.553291	0.452261	0.31747	125.505	0.0985797	0.0237829	0.0384112
2463.18	0.00833333	0.850007	0.956459	0.459564	0.771754	0.364119	0.262546	0.492644	0.170986	0.0958907	0.676941	0.281401	0.215715	0.301662	0.937426	0.837657	0.323149	122.491	0.095951	0.0269274	0.0339912
2471.72	0.00833333	0.86763	0.066094	0.736805	0.108545	0.891171	0.684703	0.68607	0.704371	0.370165	0.408554	0.57366	0.110636	0.431342	0.807835	0.602675	0.432343	135.757	0.0896054	0.0213778	0.035636
2481.06	0.00833333	0.916565	0.635766	0.104297	0.281506	0.623942	0.105797	0.879619	0.525	0.690071	0.560361	0.509949	0.219707	0.319007	0.272346	0.52401	0.128997	112.234	0.0966922	0.0246891	0.0267037
2482.78	0.00833333	0.92203	0.0406753	0.466147	0.729031	0.0619769	0.628192	0.866136	0.703467	0.823202	0.135494	0.12905	0.257801	0.195014	0.788045	0.147625	0.557171	112.549	0.0994973	0.029185	0.0221671
2494.73	0.00833333	1.12269	0.391702	0.575167	0.72712	0.141338	0.631523	0.767281	0.656377	0.85004	0.274451	0.899757	0.752722	0.0821569	0.744197	0.380239	0.305458	74.4954	0.0927595	0.0266269	0.0277501
2524.15	0.00833333	0.841836	0.35536	0.66249	0.197902	0.794555	0.223496	0.359157	0.161918	0.425041	0.21218	0.279732	0.543481	0.585994	0.556118	0.715904	0.650962	119.012	0.0927273	0.0160183	0.0463565
2554.85	0.00833333	0.876214	0.471353	0.39033	0.645004	0.573854	0.382072	0.51041	0.49555	0.593068	0.802441	0.474302	0.154208	0.236596	0.485988	0.132581	0.665797	129.653	0.0926937	0.0253603	0.0327853
2563.65	0.00833333	0.931845	0.00268627	0.538336	0.110753	0.0983074	0.956641	0.959852	0.800502	0.0311933	0.849042	0.610845	0.289001	0.430288	0.738837	0.62899	0.770691	84.0284	0.0999607	0.0324015	0.00994316
2567.48	0.00833333	0.880201	0.7874	0.82377	0.838039	0.755225	0.521998	0.698774	0.778562	0.112542	0.518038	0.550075	0.109737	0.220067	0.494755	0.674661	0.159432	132.143	0.0909954	0.0215935	0.0315329
2590.12	0.00833333	1.04143	0.0177794	0.69595	0.409524	0.584302	0.676474	0.527728	0.317303	0.531027	0.37896	0.41184	0.582404	0.928659	0.143357	0.482732	0.0942888	107.2	0.0833103	0.0015478	0.0367364
2598.38	0.00833333	1.12093	0.707166	0.379602	0.527075	0.892923	0.205224	0.620975	0.943434	0.0170272	0.0428411	0.539118	0.428916	0.262448	0.233289	0.890601	0.419605	76.5186	0.0843427	0.025488	0.0113595
2611.98	0.00833333	0.995648	0.225662	0.866696	0.865185	0.562096	0.145445	0.72517	0.0153628	0.17019	0.207701	0.769542	0.282913	0.451885	0.611961	0.497463	0.564651	119.765	0.0872144	0.00545915	0.0403629
2629.71	0.00833333	0.985123	0.246971	0.0258629	0.303186	0.490581	0.696826	0.0240361	0.511749	0.401146	0.118446	0.331837	0.354183	0.894866	0.0808325	0.563609	0.0318506	114.718	0.0902561	0.0144088	0.0429399
2631.45	0.00833333	0.756546	0.249674	0.291403	0.438775	0.123155	0.501741	0.432544	0.594083	0.470422	0.539663	0.650216	0.5295	0.419597	0.899653	0.0819262	0.71125	125.767	0.0976667	0.0119064	0.048784
2632.22	0.00833333	0.977633	0.68131	0.850425	0.59549	0.0219614	0.409218	0.606887	0.385934	0.655846	0.193629	0.801812	0.191117	0.270936	0.683886	0.455017	0.840005	107.272	0.0814548	0.0165445	0.0415694
2637.39	0.00833333	0.836822	0.558467	0.396766	0.762256	0.719085	0.884385	0.75429	0.394791	0.746444	0.83627	0.440073	0.95038	0.0776173	0.469355	0.748532	0.558982	129.001	0.0967555	0.0107456	0.0488006
2669.4	0.00833333	1.18167	0.19742	0.0734842	0.757337	0.180856	0.701267	0.192383	0.139179	0.511201	0.483253	0.656925	0.27554	0.213307	0.0410817	0.164344	0.296035	87.2706	0.0748383	0.00433363	0.0346129
2672.91	0.00833333	0.795413	0.726974	0.709725	0.524174	0.962136	0.310821	0.705361	0.114107	0.434874	0.543212	0.192729	0.0810413	0.0125592	0.499092	0.694209	0.253472	111.428	0.0999796	0.0316987	0.0315569
2681.81	0.00833333	1.04492	0.352837	0.481941	0.470211	0.194084	0.784373	0.326549	0.693495	0.632817	0.396578	0.237479	0.454371	0.12847	0.399578	0.0958239	0.359296	110.15	0.079395	0.0197388	0.0246274
2684.24	0.00833333	0.856963	0.828465	0.702345	0.0228902	0.0193595	0.285631	0.502126	0.284181	0.180471	0.998191	0.341279	0.744753	0.504968	0.202198	0.452488	0.740371	148.82	0.087878	0.0213247	0.0339008
2688.52	0.00833333	0.889599	0.383263	0.514161	0.896297	0.0389861	0.671915	0.553174	0.726961	0.719115	0.0126668	0.698505	0.44651	0.922982	0.435962	0.238637	0.502052	152.915	0.0791022	0.0171754	0.0348857
2700.17	0.00833333	0.735187	0.33759	0.363491	0.680436	0.323485	0.309698	0.376252	0.875152	0.564143	0.307831	0.143053	0.981573	0.736058	0.0704704	0.270891	0.995355	138.993	0.0968455	0.014731	0.0461695
2701.07	0.00833333	0.961493	0.746135	0.0212451	0.360121	0.239807	0.69562	0.327046	0.877273	0.275073	0.791203	0.952276	0.11651	0.458491	0.855182	0.0516581	0.784502	142.135	0.0711194	0.023614	0.0122169
2705.66	0.00833333	0.939243	0.578963	0.110059	0.780524	0.962274	0.61624	0.769851	0.783488	0.214375	0.33674	0.0691585	0.598845	0.405583	0.137511	0.311267	0.412972	118.265	0.0956868	0.00375919	0.0445845
2706.67	0.00833333	0.89273	0.46052	0.189354	0.998697	0.249598	0.64953	0.308838	0.499759	0.161358	0.119063	0.675655	0.12758	0.174102	0.533139	0.26344	0.300128	121	0.0905774	4.37899e-05	0.0407818
2713.59	0.00833333	1.03681	0.374328	0.549752	0.492698	0.155662	0.334318	0.0264436	0.828315	0.503728	0.641979	0.359845	0.000751555	0.483557	0.586979	0.641017	0.397806	113.219	0.0797405	0.00927886	0.0416303
2723.86	0.00833333	0.945463	0.215884	0.983351	0.254323	0.980962	0.507573	0.359694	0.230945	0.15196	0.380907	0.448689	0.518514	0.596596	0.188196	0.776708	0.744856	89.8242	0.096104	0.0167406	0.0443509
2731.91	0.00833333	1.01364	0.501201	0.336528	0.223207	0.998852	0.323516	0.924836	0.91834	0.12466	0.338346	0.199819	0.32882	0.448877	0.0310204	0.536	0.520333	146.534	0.0704616	0.021396	0.0203936
2734.86	0.00833333	0.740279	0.755746	0.528892	0.0492953	0.499442	0.578787	0.830171	0.463233	0.513443	0.448527	0.244877	0.871473	0.510267	0.0702282	0.673695	0.968017	127.769	0.0981826	0.0211399	0.0477702
2740.03	0.00833333	0.830564	0.881936	0.918839	0.895627	0.566818	0.632837	0.670986	0.129212	0.19049	0.487232	0.456249	0.663844	0.0723279	0.063464	0.743032	0.564701	123.844	0.094418	0.0310132	0.0194801
2743.51	0.00833333	1.1832	0.499322	0.663365	0.405026	0.214415	0.798975	0.718172	0.387539	0.742675	0.455476	0.157479	0.187833	0.00807202	0.668932	0.376531	0.56968	98.0647	0.0725468	0.0218947	0.00497456
2761.82	0.00833333	1.20893	0.0943704	0.93067	0.455102	0.357316	0.67613	0.731737	0.581249	0.272521	0.727321	0.0848195	0.737318	0.858177	0.263952	0.82766	0.959824	89.451	0.067037	0.00696399	0.0322149
2776.93	0.00833333	0.947194	0.18019	0.995372	0.150988	0.370031	0.594111	0.773382	0.832816	0.539572	0.763022	0.589046	0.422343	0.895993	0.565282	0.746702	0.891251	141.703	0.0818379	0.0219042	0.0303588
2781.83	0.00833333	0.87683	0.768206	0.801003	0.484237	0.48517	0.164731	0.385051	0.237561	0.399274	0.410196	0.610161	0.18999	0.388905	0.678006	0.186544	0.19004	110.904	0.0924129	0.0296707	0.0310735
2782.39	0.00833333	1.08079	0.56923	0.865918	0.265505	0.451989	0.439634	0.418097	0.373496	0.273293	0.624379	0.510219	0.236187	0.168811	0.674212	0.314677	0.406329	90.9092	0.0872915	0.0228243	0.036925
2782.56	0.00833333	0.932868	0.654131	0.0543853	0.815393	0.0892301	0.276502	0.700653	0.687398	0.498671	0.594648	0.616833	0.491015	0.431697	0.423795	0.388316	0.379719	163.553	0.0760991	0.0174427	0.0282757
2783.44	0.00833333	1.02135	0.159273	0.353088	0.533603	0.598283	0.868966	0.656239	0.378458	0.432907	0.771854	0.675311	0.542649	0.463046	0.769557	0.552521	0.451815	104.03	0.0936991	0.0282429	0.0125525
2792.39	0.00833333	1.10931	0.932107	0.690405	0.857584	0.693662	0.953089	0.174052	0.45876	0.790605	0.242797	0.715865	0.346752	0.030162	0.779277	0.624354	0.46273	86.177	0.0811884	0.0135394	0.0431628
2806.28	0.00833333	0.989201	0.702942	0.0569865	0.659716	0.325726	0.687802	0.0577432	0.392519	0.63464	0.634536	0.0238636	0.733366	0.478833	0.761672	0.0332203	0.917096	120.65	0.0749165	0.0212434	0.0250763
2813.05	0.00833333	1.21992	0.691568	0.846947	0.308041	0.802535	0.160681	0.517687	0.64098	0.0872635	0.527291	0.207889	0.690269	0.708619	0.341043	0.616131	0.223985	78.3064	0.0826178	0.0220068	0.0164911
2831.31	0.00833333	0.911411	0.494984	0.363274	0.73973	0.4809	0.177533	0.204985	0.458039	0.131839	0.254436	0.00954702	0.175692	0.739724	0.691071	0.634692	0.191495	132.195	0.0798078	0.0219966	0.0276378
2833.61	0.00833333	0.779324	0.623969	0.103958	0.462297	0.381929	0.318179	0.90276	0.14047	0.607658	0.36824	0.708948	0.841717	0.0552233	0.68405	0.722496	0.51523	114.668	0.0952638	0.00944069	0.0500603
2851.64	0.00833333	0.865009	0.128974	0.620054	0.211163	0.72302	0.637806	0.2562	0.748681	0.722313	0.489969	0.693689	0.700741	0.204339	0.556328	0.277825	0.976485	137.514	0.0781888	0.00334329	0.04282
2856.28	0.00833333	1.1966	0.915313	0.523047	0.295827	0.769598	0.449666	0.557817	0.0815078	0.466803	0.295945	0.7728	0.079383	0.037716	0.898595	0.738342	0.730627	70.7313	0.0756322	0.00686815	0.0405236
2863.44	0.00833333	1.24882	0.457037	0.0851524	0.121297	0.394496	0.0701332	0.825405	0.129021	0.904921	0.316519	0.943228	0.33981	0.604435	0.194726	0.854764	0.639532	80.7124	0.0719461	0.0150825	0.0273827
2865.67	0.00833333	0.974952	0.168337	0.305246	0.523888	0.97179	0.560109	0.35126	0.667375	0.37432	0.0486006	0.949774	0.690974	0.0670172	0.191838	0.281757	0.235502	113.475	0.0861274	0.0127461	0.0362274
2869.35	0.00833333	1.02017	0.485532	0.0592176	0.608073	0.410557	0.624217	0.794664	0.745448	0.280318	0.743328	0.649953	0.847893	0.188005	0.980585	0.945855	0.804207	80.7019	0.0913344	0.0212603	0.0385685
2873.23	0.00833333	1.04184	0.783367	0.0182027	0.689197	0.740769	0.955258	0.157379	0.44827	0.856476	0.69645	0.0465186	0.605392	0.420643	0.941363	0.415018	0.955778	90.7747	0.0974446	0.028208	0.0287941
2874.07	0.00833333	0.95812	0.0391189	0.218057	0.605633	0.290592	0.759779	0.49511	0.086609	0.827779	0.337976	0.352533	0.127904	0.259415	0.878551	0.224551	0.704065	133.74	0.0814683	0.0143643	0.0321217
2874.94	0.00833333	1.00464	0.0738642	0.317897	0.34023	0.606298	0.447082	0.685105	0.458758	0.762865	0.458374	0.618159	0.547848	0.471306	0.480432	0.33358	0.44104	88.5744	0.0956861	0.007373	0.0512226
2881.8	0.00833333	0.962257	0.871672	0.649941	0.706308	0.647256	0.967464	0.372754	0.758406	0.0373257	0.304339	0.846459	0.236251	0.346829	0.889919	0.835536	0.947967	99.1661	0.0957333	0.0196289	0.0480454
2885.9	0.00833333	0.921406	0.606791	0.867406	0.825331	0.235461	0.757469	0.675642	0.454304	0.213607	0.427417	0.47928	0.164855	0.522725	0.943178	0.516767	0.385754	114.948	0.0807438	0.0275886	0.00856534
2888.24	0.00833333	1.01631	0.270607	0.161306	0.109734	0.455372	0.212521	0.233874	0.514081	0.207301	0.0699474	0.64378	0.0861673	0.650076	0.651144	0.113176	0.712483	139.472	0.0804541	0.0186363	0.0258391
2891.98	0.00833333	0.959441	0.147413	0.427809	0.994519	0.797834	0.0366495	0.947896	0.768493	0.408642	0.395767	0.183087	0.793015	0.0592777	0.6087	0.77999	0.395255	94.0982	0.0900216	0.0277622	0.00309853
2892.83	0.00833333	0.694463	0.29064	0.746278	0.642172	0.0644634	0.668096	0.800766	0.72048	0.549859	0.484642	0.148539	0.421261	0.215052	0.239637	0.690433	0.558857	149.656	0.0978991	0.0272553	0.0336693
2893.97	0.00833333	0.848699	0.405138	0.952584	0.356643	0.692969	0.0687408	0.773274	0.23979	0.169282	0.335347	0.733301	0.232867	0.86022	0.454065	0.7536	0.698449	164.227	0.0830151	0.0185356	0.032119
2896.74	0.00833333	1.19955	0.913114	0.356082	0.333016	0.24657	0.840631	0.277328	0.546966	0.538934	0.731744	0.174665	0.350022	0.298799	0.613835	0.0741375	0.906871	77.6662	0.0757361	0.0163968	0.0365953
2897.64	0.00833333	0.887537	0.80114	0.898977	0.064761	0.466691	0.810548	0.561486	0.697924	0.642552	0.590525	0.286069	0.152726	0.532894	0.277218	0.579523	0.506505	100.364	0.0920974	0.0166027	0.0515073
2903.16	0.00833333	0.756652	0.904847	0.937729	0.309157	0.970612	0.478128	0.509881	0.161603	0.505727	0.297086	0.357489	0.292818	0.204654	0.191851	0.991877	0.20869	157.881	0.0936398	0.0274471	0.00402249
2909.88	0.00833333	0.941685	0.14038	0.482422	0.82891	0.594928	0.711733	0.395518	0.0317873	0.755548	0.331734	0.374321	0.287893	0.325601	0.0936053	0.0752705	0.397211	120.287	0.0837892	0.00706454	0.0380474
2912.67	0.00833333	0.844612	0.302087	0.53155	0.84653	0.455206	0.474042	0.905155	0.738185	0.817197	0.155266	0.582418	0.388674	0.157666	0.453905	0.312361	0.739267	159.003	0.0859929	0.0152207	0.0397758
2915.03	0.00833333	0.83762	0.579355	0.512689	0.312626	0.380521	0.768334	0.100604	0.12666	0.665816	0.701723	0.448904	0.194259	0.262889	0.311168	0.940253	0.712169	105.019	0.092539	0.0321493	0.0210928
2920.23	0.00833333	1.12576	0.716938	0.639019	0.336057	0.33387	0.580631	0.22394	0.00993827	0.0366303	0.55138	0.00781752	0.685559	0.84072	0.586786	0.243337	0.470782	107.822	0.0669959	0.0217666	0.0228078
2927.16	0.00833333	0.899322	0.747614	0.511131	0.0328852	0.134585	0.264138	0.0376393	0.04115	0.130943	0.476242	0.990973	0.86602	0.735182	0.700983	0.130881	0.677245	131.384	0.0802742	0.0153212	0.0374254
2927.59	0.00833333	0.667096	0.379298	0.548086	0.615052	0.56562	0.85265	0.672155	0.739336	0.721738	0.0289781	0.96823	0.347372	0.49638	0.314458	0.23793	0.00509301	145.649	0.0948578	0.00326981	0.0508685
2927.89	0.00833333	0.821602	0.615515	0.317642	0.892367	0.0312063	0.525087	0.661987	0.84783	0.726189	0.171588	0.194082	0.548057	0.728991	0.477881	0.306668	0.393266	133.207	0.0948251	0.0253038	0.0191323
2932.43	0.00833333	0.672563	0.322779	0.454912	0.115299	0.353849	0.404815	0.698577	0.538288	0.406847	0.0622559	0.190428	0.292515	0.974311	0.64156	0.292577	0.487822	121.603	0.0983094	0.00127402	0.0554294
2945.93	0.00833333	0.795362	0.962602	0.0369857	0.682395	0.394102	0.345955	0.460106	0.805308	0.423623	0.24235	0.299605	0.399974	0.214877	0.763228	0.93426	0.961181	126.084	0.0895975	0.0268336	0.030021
2946.5	0.00833333	0.836651	0.894366	0.0644568	0.324774	0.546809	0.819739	0.328474	0.48781	0.624375	0.150069	0.238841	0.375046	0.253959	0.937699	0.456007	0.161049	133.739	0.082376	0.0119178	0.0439282
2947.38	0.00833333	1.11195	0.242263	0.366788	0.7456	0.212339	0.899682	0.678481	0.766713	0.687877	0.259465	0.768277	0.464157	0.0147195	0.636962	0.671304	0.825393	79.5173	0.0787807	0.0228635	0.0329687
2948.01	0.00833333	0.871728	0.910233	0.322561	0.410106	0.0618125	0.446238	0.570336	0.500885	0.728169	0.88464	0.11787	0.349843	0.520536	0.15707	0.764078	0.206884	144.95	0.0826103	0.0127607	0.0436457
2956.29	0.00833333	0.708205	0.436427	0.10974	0.482985	0.060694	0.703238	0.8873	0.659458	0.361021	0.418917	0.0479905	0.353081	0.00343287	0.98939	0.260043	0.311937	140.766	0.0943716	0.0135774	0.0505552
2959.5	0.00833333	1.23076	0.38487	0.631276	0.162292	0.558355	0.843159	0.2849	0.464984	0.0477561	0.181889	0.340956	0.039877	0.838532	0.797313	0.650644	0.498323	90.3059	0.0639202	0.0102794	0.0341694
2960.73	0.00833333	0.857924	0.628558	0.865377	0.500625	0.423023	0.3731	0.666858	0.222044	0.286067	0.526579	0.549679	0.343048	0.353979	0.609272	0.951418	0.892716	145.8	0.0938542	0.0257605	0.0255164
2972.62	0.00833333	0.813991	0.880639	0.171609	0.906024	0.578058	0.298151	0.627407	0.395194	0.611923	0.468706	0.543452	0.164839	0.0889544	0.447002	0.326442	0.121081	140.145	0.0909671	0.0128916	0.0399437
2977.91	0.00833333	1.02398	0.156976	0.82261	0.896514	0.0613039	0.870971	0.340795	0.847649	0.473708	0.426639	0.333815	0.303524	0.59389	0.96229	0.00142773	0.691954	136.114	0.0657353	0.00418472	0.0375209
2985.81	0.00833333	1.07696	0.482811	0.208345	0.834432	0.194603	0.685863	0.0587575	0.224968	0.620417	0.480941	0.858517	0.798636	0.98627	0.542321	0.40985	0.53741	98.7464	0.0874583	0.0208441	0.0204487
2990.29	0.00833333	1.1171	0.386404	0.235921	0.565649	0.1368	0.136319	0.492384	0.424261	0.423411	0.295879	0.301446	0.586582	0.608479	0.400014	0.13555	0.479017	80.9183	0.0781801	0.0128984	0.0392509
2992.53	0.00833333	0.868689	0.692229	0.641823	0.58758	0.461967	0.107137	0.929291	0.204056	0.238305	0.88771	0.508488	0.295429	0.16561	0.417501	0.576187	0.111652	152.944	0.0894679	0.016067	0.0350277
3002.25	0.00833333	0.801883	0.23376	0.449917	0.677796	0.475017	0.447705	0.501262	0.48133	0.540242	0.822922	0.34004	0.249391	0.334318	0.402061	0.268956	0.707755	138.833	0.0953691	0.0233908	0.0271408
3003.26	0.00833333	0.80891	0.598404	0.530088	0.249649	0.216844	0.894841	0.867385	0.397004	0.280804	0.150624	0.537081	0.921008	0.60729	0.799822	0.997992	0.422729	144.812	0.0822167	0.0271338	0.0105279
3011.81	0.00833333	0.727803	0.0530683	0.963367	0.752751	0.223537	0.171874	0.935859	0.590705	0.207303	0.459038	0.267148	0.320432	0.679813	0.484812	0.794148	0.639508	119.97	0.0935357	0.0032271	0.0541118
3016.78	0.00833333	0.790635	0.110266	0.143984	0.527315	0.459444	0.621955	0.449843	0.766261	0.396794	0.43135	0.83243	0.631849	0.366354	0.328477	0.244454	0.753791	160.047	0.0804012	0.00222184	0.0416084
3018.8	0.00833333	0.815808	0.852976	0.824055	0.337718	0.322852	0.479271	0.664018	0.170213	0.128703	0.607765	0.396523	0.910837	0.10021	0.289064	0.577169	0.37532	92.2756	0.0991399	0.0358442	0.0166508
3020.06	0.00833333	0.968748	0.488553	0.640514	0.0204214	0.532447	0.849604	0.26007	0.559337	0.258596	0.518689	0.397054	0.563185	0.295171	0.844655	0.265778	0.377607	85.03	0.0961433	0.00312242	0.0546714
3021.24	0.00833333	0.755235	0.167213	0.279708	0.807096	0.383871	0.0536542	0.336454	0.602447	0.389832	0.337315	0.437847	0.394857	0.59318	0.270003	0.318902	0.694656	144.934	0.0968693	0.0236868	0.0289742
3042.53	0.00833333	0.810645	0.220647	0.892855	0.476874	0.658491	0.55868	0.401172	0.526807	0.747683	0.28253	0.392733	0.393074	0.368019	0.688962	0.0892539	0.149962	129.973	0.0948673	0.0230344	0.0298867
3045.1	0.00833333	0.820145	0.642823	0.104702	0.610232	0.556838	0.856361	0.664136	0.0662578	0.150189	0.487758	0.640899	0.00682229	0.632733	0.192796	0.0573468	0.939521	137.279	0.0900248	0.0258853	0.0365545
3045.99	0.00833333	0.648981	0.326263	0.44809	0.200972	0.447449	0.184392	0.493727	0.573712	0.0893768	0.558703	0.0959671	0.361924	0.311902	0.362149	0.38033	0.425177	134.273	0.0976389	0.0261242	0.0396033
3046.81	0.00833333	0.857629	0.544335	0.684454	0.394207	0.903719	0.307002	0.619639	0.0526881	0.443813	0.600918	0.33218	0.389332	0.218838	0.288174	0.280366	0.300575	116.449	0.0996342	0.024204	0.025854
3053.02	0.00833333	0.703012	0.77703	0.462822	0.293391	0.565329	0.43427	0.562212	0.739086	0.207559	0.380872	0.209218	0.19874	0.620208	0.211291	0.664975	0.578177	164.66	0.0961045	0.0157963	0.0431149
3055.1	0.00833333	1.03703	0.488859	0.987527	0.876367	0.0270528	0.125067	0.420615	0.271545	0.462398	0.739491	0.379688	0.164392	0.206395	0.655545	0.044952	0.645822	95.3085	0.0755027	0.00850905	0.0413827
3066.35	0.00833333	0.85851	0.189252	0.799468	0.992181	0.264488	0.642185	0.910699	0.698833	0.82917	0.523944	0.737928	0.0664957	0.518242	0.887155	0.714371	0.49094	157.845	0.0769235	0.0232809	0.0135702
3071.66	0.00833333	0.809564	0.134338	0.0123482	0.571158	0.0156048	0.402627	0.394068	0.700862	0.475582	0.243787	0.569833	0.435387	0.913481	0.488437	0.667789	0.752122	146.737	0.0811241	0.00355202	0.046166
3074.17	0.00833333	1.08142	0.385613	0.482994	0.956121	0.202525	0.568604	0.391826	0.996539	0.764367	0.0389188	0.367677	0.717589	0.375315	0.33791	0.424311	0.896967	90.4773	0.0988208	0.0262437	0.00462824
3075.67	0.00833333	0.914766	0.432063	0.427293	0.176091	0.441163	0.635141	0.414691	0.0857408	0.24351	0.163649	0.445908	0.817483	0.246752	0.478192	0.664728	0.451072	115.371	0.084402	0.0115068	0.0401583
3076.19	0.00833333	0.89997	0.192799	0.890674	0.853657	0.0276915	0.568974	0.225977	0.753306	0.308461	0.536218	0.724489	0.396431	0.193829	0.287764	0.193079	0.479102	117.646	0.0942405	0.0175322	0.0348809
3077.34	0.00833333	0.747845	0.198769	0.973904	0.334373	0.413592	0.801105	0.65186	0.797687	0.248031	0.87447	0.292282	0.318109	0.519558	0.404653	0.352965	0.662646	164.238	0.0882913	0.025083	0.0188885
3084.99	0.00833333	0.845056	0.238018	0.5275	0.469755	0.67692	0.191421	0.0194963	0.776104	0.307776	0.36928	0.674021	0.764803	0.223295	0.273725	0.0811018	0.677248	155.096	0.0771421	0.00857349	0.0429746
3086.46	0.00833333	0.882014	0.378604	0.0244609	0.919893	0.551974	0.990682	0.305818	0.818429	0.326373	0.767431	0.309548	0.121725	0.494342	0.046118	0.102505	0.854129	159.747	0.0760302	0.0139361	0.039428
3087.63	0.00833333	0.888919	0.764524	0.218705	0.267107	0.557243	0.0177743	0.703837	0.409908	0.0854558	0.288393	0.232144	0.312851	0.821032	0.905344	0.0730408	0.209468	92.9479	0.0912954	0.0334332	0.0158672
3089.55	0.00833333	0.772448	0.869498	0.819291	0.150411	0.279994	0.656488	0.63111	0.557775	0.176599	0.0594991	0.128151	0.488925	0.640947	0.67781	0.459765	0.307708	109.493	0.0955463	0.0273444	0.0376916
3092.01	0.00833333	1.15823	0.330894	0.732807	0.148189	0.0242652	0.38592	0.184381	0.25455	0.269322	0.756435	0.503917	0.711644	0.217979	0.801036	0.257412	0.821635	84.2383	0.0899467	0.0216373	0.0329706
3097.15	0.00833333	0.756674	0.37323	0.0385625	0.362511	0.867348	0.483638	0.955617	0.471716	0.801999	0.403826	0.3503	0.462296	0.301614	0.656067	0.340938	0.568646	133.399	0.0983677	0.0298487	0.0346637
3097.31	0.00833333	0.710406	0.095267	0.436982	0.62453	0.131542	0.28883	0.506205	0.695943	0.496153	0.280617	0.721656	0.0611801	0.608414	0.381505	0.370153	0.408637	157.51	0.0916357	0.0298386	0.00908107
3103.94	0.00833333	0.714356	0.0462019	0.350839	0.730678	0.363253	0.811484	0.982151	0.285526	0.903218	0.788952	0.253871	0.262795	0.0262971	0.491141	0.00887412	0.692639	131.996	0.0930264	0.0158842	0.0517047
3111.26	0.00833333	0.676809	0.139723	0.0211542	0.12394	0.498607	0.280192	0.58264	0.635328	0.760478	0.424504	0.289402	0.266279	0.374072	0.748579	0.320281	0.997916	155.699	0.0923685	0.0256346	0.028861
