distance	weight	r0	r1	r2	r3	r4	r5	r6	r7	r8	r9	r10	r11	r12	r13	r14	r15	tp	dr1	dr2	dr3
2131.25	0.00833333	0.946131	0.382233	0.268262	0.560388	0.136665	0.0184201	0.209365	0.894214	0.179899	0.0248549	0.837596	0.732596	0.0999703	0.476742	0.299633	0.0946842	99.6744	0.0998228	0.0167706	0.045514
2131.4	0.00833333	0.946224	0.801335	0.254901	0.517062	0.877924	0.531135	0.50568	0.859877	0.368616	0.462931	0.507095	0.526463	0.226656	0.641348	0.328155	0.0815713	101.497	0.0998694	0.0284495	0.023346
2131.88	0.00833333	0.952376	0.156627	0.877178	0.909066	0.15166	0.328317	0.231736	0.498289	0.733664	0.568019	0.37143	0.677288	0.445562	0.44944	0.269057	0.230232	98.1973	0.098862	0.0296455	0.00133384
2132.2	0.00833333	0.955581	0.605791	0.924967	0.358678	0.612927	0.797106	0.740882	0.627229	0.933906	0.159577	0.963961	0.644307	0.901428	0.56698	0.697299	0.160916	97.5071	0.099922	0.0265267	0.0327074
2132.67	0.00833333	0.95802	0.172466	0.651844	0.0123405	0.304248	0.400922	0.972213	0.811008	0.820171	0.613728	0.941097	0.77615	0.347729	0.844589	0.257607	0.110614	97.8746	0.0988076	0.0293199	0.0159713
2132.95	0.00833333	0.936585	0.392318	0.456431	0.0150516	0.467301	0.53676	0.263198	0.490808	0.270019	0.142009	0.522478	0.0939054	0.550351	0.162958	0.507536	0.635117	100.919	0.0998968	0.029717	0.00280055
2133.11	0.00833333	0.947194	0.716528	0.634995	0.801511	0.256212	0.0836793	0.599718	0.948774	0.928373	0.00678241	0.718677	0.948657	0.965109	0.480758	0.295928	0.36846	101.593	0.0987169	0.0286961	0.0207297
2133.22	0.00833333	0.935517	0.381584	0.286738	0.753496	0.519701	0.278787	0.106645	0.853749	0.289873	0.689846	0.955367	0.337794	0.863869	0.320262	0.0645494	0.0194863	99.2505	0.0992639	0.00940099	0.0480459
2133.34	0.00833333	0.965183	0.402586	0.48917	0.307245	0.775351	0.798175	0.460927	0.485692	0.498297	0.408819	0.482213	0.26376	0.671067	0.484752	0.0741505	0.326316	99.2361	0.0980996	0.0290712	0.0129298
2133.52	0.00833333	0.944915	0.219672	0.310378	0.275859	0.213398	0.612143	0.232446	0.0115092	0.619505	0.176363	0.574893	0.523958	0.726454	0.388414	0.773896	0.404556	101.167	0.0986311	0.029563	0.00645038
2133.57	0.00833333	0.969593	0.238345	0.829355	0.854078	0.277644	0.132879	0.393138	0.66539	0.3444	0.114468	0.362459	0.0519924	0.560021	0.154329	0.257725	0.168346	96.103	0.0995282	0.0279432	0.0275412
2133.62	0.00833333	0.954582	0.834124	0.685192	0.863147	0.111415	0.423009	0.237403	0.547928	0.556584	0.643467	0.828503	0.860206	0.0749069	0.794317	0.559916	0.0566192	97.8112	0.0999494	0.0184758	0.0441776
2133.71	0.00833333	0.96058	0.404104	0.390534	0.875245	0.0864115	0.551599	0.683778	0.872415	0.388543	0.15083	0.0655164	0.143154	0.508049	0.183265	0.48033	0.637521	97.7072	0.0993245	0.0293595	0.0133479
2134.24	0.00833333	0.949119	0.396203	0.252089	0.949636	0.819373	0.365149	0.556987	0.461413	0.707303	0.0596711	0.596494	0.434401	0.652544	0.0176094	0.690485	0.0882425	100.474	0.0988124	0.0142593	0.0461519
2134.72	0.00833333	0.938087	0.968707	0.692886	0.186495	0.596666	0.426733	0.849728	0.136161	0.816578	0.0768199	0.190529	0.395593	0.994559	0.32527	0.620297	0.276548	102.197	0.0988448	0.0294884	0.0113153
2134.74	0.00833333	0.931856	0.46564	0.422162	0.779362	0.807072	0.664718	0.95514	0.670396	0.265417	0.122078	0.549791	0.485807	0.443581	0.935313	0.226535	0.496528	101.013	0.099513	0.0107552	0.0475705
2134.92	0.00833333	0.934744	0.357739	0.76679	0.501878	0.614314	0.411631	0.66771	0.958148	0.615681	0.112818	0.273968	0.915219	0.492361	0.527244	0.910657	0.657889	98.0246	0.0999889	0.0090779	0.0485141
2135.05	0.00833333	0.936733	0.707628	0.713581	0.0874547	0.0980839	0.424266	0.328266	0.624673	0.841826	0.87478	0.287318	0.815906	0.62848	0.79776	0.214939	0.159246	100.386	0.0999747	0.0149107	0.0464318
2135.06	0.00833333	0.947367	0.282651	0.586345	0.0843641	0.47026	0.941544	0.601911	0.48758	0.679873	0.418497	0.593381	0.941861	0.568954	0.49111	0.484947	0.589081	100.758	0.0986874	0.029167	0.0154897
2135.11	0.00833333	0.94376	0.740242	0.586978	0.495962	0.0249212	0.292505	0.55701	0.527822	0.00172321	0.0192357	0.516523	0.969096	0.364655	0.0844554	0.534457	0.322204	101.249	0.0969765	0.0105123	0.0469645
2135.16	0.00833333	0.968655	0.200721	0.108712	0.437095	0.462433	0.096185	0.61731	0.54751	0.516911	0.529182	0.214835	0.762313	0.180281	0.236448	0.506132	0.250696	99.4291	0.0982244	0.0231348	0.037546
2135.36	0.00833333	0.954281	0.493891	0.17648	0.757421	0.138552	0.648582	0.730115	0.805139	0.530341	0.0519166	0.0878968	0.377042	0.316868	0.53099	0.423934	0.485519	97.6974	0.0995073	0.0222829	0.0410426
2135.38	0.00833333	0.943949	0.26123	0.0282923	0.306076	0.944964	0.598323	0.297526	0.889597	0.551457	0.414864	0.624027	0.683432	0.75664	0.972987	0.290795	0.429062	98.7198	0.099843	0.0296278	0.00901059
2135.45	0.00833333	0.940269	0.876307	0.136642	0.318371	0.913902	0.635494	0.402921	0.68131	0.471499	0.310048	0.592914	0.282608	0.475389	0.666166	0.278928	0.573807	99.7508	0.0999126	0.0300257	0.00406159
2135.52	0.00833333	0.947658	0.707644	0.5708	0.39987	0.873474	0.636674	0.727527	0.0370944	0.284891	0.517484	0.265281	0.66504	0.379781	0.695707	0.546421	0.56585	100.976	0.0994927	0.0289722	0.01785
2135.64	0.00833333	0.96223	0.337013	0.770532	0.629906	0.305389	0.720772	0.774843	0.483008	0.52291	0.328842	0.698066	0.752195	0.645204	0.341581	0.586417	0.0638912	98.0208	0.0981435	0.0294941	0.00309119
2135.71	0.00833333	0.954282	0.770627	0.387059	0.30754	0.375271	0.526329	0.0508563	0.356868	0.255877	0.891481	0.910606	0.36255	0.258595	0.761033	0.825424	0.0460806	99.3576	0.0998737	0.0222963	0.0397608
2135.78	0.00833333	0.977445	0.346859	0.665722	0.500753	0.557084	0.310103	0.871286	0.32016	0.642347	0.220548	0.544123	0.822355	0.47875	0.199017	0.18067	0.16323	96.1946	0.0988624	0.0283621	0.0231885
2135.98	0.00833333	0.93261	0.472342	0.206296	0.888282	0.0776882	0.178227	0.18962	0.292649	0.231104	0.348632	0.775051	0.536881	0.471187	0.143868	0.711565	0.486167	101.948	0.0976669	0.00975965	0.0474833
2136.02	0.00833333	0.953432	0.428086	0.312408	0.474923	0.90943	0.247363	0.312768	0.394389	0.451222	0.70622	0.798606	0.555403	0.517208	0.51546	0.287106	0.267201	99.5324	0.097723	0.0294033	0.0113304
2136.13	0.00833333	0.974284	0.116713	0.701765	0.929193	0.085131	0.143912	0.689393	0.473132	0.22807	0.292895	0.602885	0.359628	0.286196	0.647395	0.324769	0.0448977	100.36	0.0965328	0.0193156	0.0414281
2136.27	0.00833333	0.966075	0.340751	0.406708	0.742369	0.393673	0.329534	0.853136	0.305263	0.87581	0.0946399	0.587184	0.810648	0.501901	0.738733	0.787711	0.198484	98.5992	0.0978546	0.0261612	0.0310296
2136.46	0.00833333	0.962755	0.673697	0.40439	0.74534	0.271277	0.469189	0.522654	0.374967	0.396798	0.0614952	0.976704	0.440808	0.368199	0.0607621	0.847667	0.582028	97.8497	0.0983848	0.0293988	0.0114471
2136.47	0.00833333	0.928571	0.469081	0.453779	0.55994	0.243005	0.0376485	0.0252745	0.236904	0.410769	0.547334	0.811329	0.155198	0.720243	0.724238	0.762143	0.347697	101.791	0.0989077	0.0131036	0.0469982
2136.64	0.00833333	0.937386	0.553265	0.419199	0.395459	0.459339	0.607567	0.377635	0.485508	0.437777	0.323135	0.779427	0.547036	0.635367	0.405924	0.640931	0.197582	100.129	0.0997819	0.0193308	0.0444747
2136.68	0.00833333	0.9376	0.165079	0.0334183	0.570247	0.741367	0.272777	0.428608	0.13202	0.540464	0.137842	0.0306293	0.683738	0.193233	0.888647	0.745306	0.131331	101.05	0.0995678	0.0276376	0.0289306
2136.69	0.00833333	0.963205	0.00296263	0.140455	0.342789	0.223758	0.489181	0.44471	0.0625062	0.265747	0.547032	0.700715	0.510471	0.533486	0.946021	0.496325	0.215724	99.1067	0.0992994	0.0272997	0.0270531
2136.77	0.00833333	0.928808	0.0936181	0.046289	0.285454	0.541397	0.502464	0.734918	0.887949	0.206681	0.131626	0.196118	0.071393	0.419142	0.672817	0.865552	0.451056	98.1432	0.0999658	0.00999738	0.0485342
2136.84	0.00833333	0.960095	0.708644	0.0668134	0.0136341	0.990996	0.0948005	0.824602	0.134215	0.349842	0.377022	0.202932	0.477387	0.477372	0.471572	0.6348	0.204835	99.8743	0.0979403	0.0293425	0.00477148
2136.9	0.00833333	0.944725	0.236876	0.427635	0.399021	0.0449585	0.750848	0.692857	0.0782879	0.182904	0.353975	0.567401	0.324232	0.756196	0.392318	0.893521	0.409589	99.0248	0.0999479	0.0270741	0.0319798
2137.06	0.00833333	0.950123	0.354093	0.751878	0.521974	0.73469	0.345915	0.390652	0.886202	0.616507	0.175088	0.382437	0.814032	0.478355	0.715378	0.0915763	0.0434796	102.989	0.0984656	0.0262006	0.0315771
2137.13	0.00833333	0.936635	0.570486	0.901878	0.416043	0.808758	0.601436	0.406439	0.462863	0.347446	0.197494	0.463779	0.278187	0.140622	0.588995	0.934716	0.122651	102.615	0.099965	0.0246739	0.0362848
2137.13	0.00833333	0.95678	0.238148	0.175034	0.631556	0.268948	0.701286	0.920027	0.855105	0.91958	0.680575	0.479132	0.753711	0.604958	0.72257	0.508829	0.358036	99.7546	0.0993656	0.0271036	0.0282478
2137.15	0.00833333	0.950741	0.706946	0.625278	0.60031	0.437355	0.799369	0.080156	0.611779	0.701018	0.123821	0.555193	0.449683	0.765591	0.060914	0.961393	0.0260502	98.0169	0.0993941	0.0294076	0.01502
2137.35	0.00833333	0.950726	0.0807946	0.552573	0.698646	0.356224	0.673411	0.761922	0.656421	0.435148	0.123834	0.833676	0.298779	0.0141929	0.671855	0.316017	0.120999	101.803	0.0975429	0.0169331	0.0445647
2137.51	0.00833333	0.964031	0.0649907	0.964511	0.0562457	0.522784	0.46352	0.215067	0.850051	0.167738	0.242097	0.181179	0.860705	0.855443	0.554082	0.879707	0.421666	98.9771	0.0976853	0.0203887	0.0415903
2137.52	0.00833333	0.969442	0.44239	0.100222	0.0731429	0.347672	0.958406	0.116657	0.586497	0.21225	0.704611	0.501902	0.136065	0.398043	0.262288	0.00671707	0.558835	100.795	0.0970445	0.0269979	0.02708
2137.7	0.00833333	0.966762	0.177889	0.582795	0.184717	0.491002	0.808801	0.160805	0.559457	0.685986	0.663484	0.987684	0.393327	0.546419	0.423204	0.249958	0.139239	99.0904	0.0991307	0.0280145	0.0240432
2137.74	0.00833333	0.943119	0.517825	0.508103	0.738036	0.159339	0.729975	0.361471	0.69305	0.388423	0.0912969	0.348686	0.579224	0.328292	0.82101	0.881119	0.113075	100.646	0.0969534	0.0107317	0.0469165
2137.81	0.00833333	0.914514	0.946105	0.548629	0.663601	0.858185	0.485601	0.0223995	0.64583	0.308504	0.120208	0.80204	0.876357	0.13061	0.174045	0.292614	0.696536	102.525	0.0970326	0.000153525	0.0475869
2137.84	0.00833333	0.958863	0.50789	0.135346	0.542462	0.459576	0.811813	0.720388	0.446189	0.153283	0.0684008	0.56559	0.464441	0.103944	0.277598	0.170702	0.400266	102.035	0.0982459	0.0280938	0.0214729
2137.92	0.00833333	0.949975	0.540935	0.209155	0.769016	0.0518476	0.313359	0.205375	0.43167	0.444907	0.303296	0.943738	0.274969	0.945744	0.150926	0.435233	0.566302	101.961	0.0977585	0.0281417	0.0227393
2137.98	0.00833333	0.940395	0.455455	0.802004	0.601688	0.482735	0.230081	0.0712456	0.486507	0.450448	0.41525	0.44079	0.650652	0.108031	0.217653	0.264498	0.206046	103.408	0.0974335	0.0103848	0.0467084
2138.01	0.00833333	0.931544	0.556061	0.287018	0.448895	0.244341	0.526343	0.915813	0.35215	0.184779	0.622359	0.52823	0.704084	0.834111	0.179918	0.747674	0.238054	100.597	0.0989323	0.0110561	0.0473675
2138.04	0.00833333	0.957026	0.983575	0.658118	0.517952	0.789903	0.489546	0.678531	0.266529	0.414779	0.911832	0.762928	0.691365	0.579702	0.603963	0.00544293	0.144204	98.3057	0.0990227	0.0293796	0.0192571
2138.08	0.00833333	0.937992	0.166395	0.0117872	0.275323	0.550958	0.732632	0.556552	0.910683	0.410066	0.335359	0.359692	0.271406	0.263404	0.924832	0.619428	0.349027	100.154	0.0997935	0.0179627	0.0455432
2138.2	0.00833333	0.955303	0.179487	0.461756	0.895354	0.00769971	0.317781	0.855284	0.614039	0.427986	0.115418	0.755436	0.976389	0.574689	0.184497	0.829812	0.102825	101.072	0.0978684	0.0160924	0.0450075
2138.2	0.00833333	0.968611	0.71071	0.0385697	0.378947	0.395339	0.587429	0.668324	0.455544	0.294256	0.264317	0.531399	0.872306	0.353538	0.410002	0.147499	0.347584	99.0139	0.0971104	0.0246798	0.0347618
2138.23	0.00833333	0.911683	0.291822	0.206699	0.493497	0.800604	0.970117	0.625013	0.109947	0.0920585	0.0672501	0.410113	0.390272	0.290748	0.10623	0.206141	0.424052	103.051	0.0983305	0.00530683	0.0486143
2138.28	0.00833333	0.932044	0.411051	0.189458	0.490835	0.757879	0.908012	0.995992	0.587712	0.733929	0.227399	0.640455	0.673515	0.882273	0.451482	0.146443	0.0642418	100.547	0.0994505	0.017259	0.0451518
2138.3	0.00833333	0.946622	0.268448	0.576894	0.62286	0.201372	0.173416	0.268071	0.628804	0.560764	0.698519	0.519521	0.406245	0.0287184	0.567048	0.921663	0.185697	101.887	0.0975059	0.0293504	0.00813428
2138.38	0.00833333	0.959765	0.239221	0.974303	0.627787	0.6402	0.0745851	0.664162	0.13916	0.963309	0.343509	0.0977591	0.463022	0.395347	0.362743	0.463418	0.461573	99.3047	0.0991507	0.019954	0.0426452
2138.6	0.00833333	0.964197	0.754558	0.870017	0.472491	0.0781219	0.642628	0.541934	0.534211	0.616274	0.406691	0.45447	0.677182	0.64275	0.551428	0.0439125	0.0659729	100.413	0.0966968	0.0287705	0.0065827
2138.6	0.00833333	0.955478	0.309167	0.794725	0.492934	0.2659	0.190799	0.672421	0.650648	0.392723	0.21404	0.762318	0.417593	0.756404	0.693523	0.593929	0.501712	100.591	0.0979143	0.0231279	0.0375162
2138.8	0.00833333	0.979975	0.503479	0.265721	0.795499	0.761583	0.314875	0.405425	0.891529	0.572962	0.490509	0.726381	0.363225	0.211984	0.351715	0.206277	0.0633456	97.7193	0.0980104	0.0252113	0.0333784
2138.8	0.00833333	0.951079	0.681618	0.627768	0.397547	0.666522	0.412454	0.772284	0.65993	0.288216	0.0161266	0.150184	0.178584	0.729322	0.427885	0.354202	0.496354	99.5798	0.098434	0.0168889	0.0453579
2138.86	0.00833333	0.966759	0.765513	0.0216609	0.88455	0.0605039	0.660114	0.360079	0.905445	0.820321	0.734233	0.483649	0.435705	0.437551	0.266171	0.392818	0.177048	95.7495	0.0989734	0.0290974	0.0201656
2138.87	0.00833333	0.952337	0.407282	0.44002	0.12712	0.3066	0.16259	0.234094	0.715359	0.0571254	0.635969	0.896321	0.803752	0.360221	0.305352	0.90089	0.706196	101.121	0.0991437	0.0271186	0.0278251
2139	0.00833333	0.939107	0.686734	0.233248	0.361893	0.43639	0.645705	0.244712	0.294174	0.0718093	0.571061	0.634089	0.367772	0.654667	0.482558	0.508539	0.673036	102.684	0.0980284	0.0161818	0.0448971
2139.11	0.00833333	0.962339	0.222377	0.601994	0.615404	0.0298328	0.375725	0.925496	0.680403	0.448181	0.0100946	0.674038	0.197492	0.756952	0.533614	0.111314	0.770417	99.3456	0.0979398	0.0172417	0.043806
2139.16	0.00833333	0.961422	0.81295	0.406935	0.590984	0.39952	0.709643	0.173009	0.74603	0.0942646	0.342847	0.252109	0.085779	0.349981	0.625908	0.0271396	0.181861	101.247	0.0977038	0.0201511	0.0408442
2139.26	0.00833333	0.964527	0.0949771	0.552376	0.956977	0.760704	0.583194	0.489124	0.384063	0.31285	0.494953	0.551637	0.484863	0.75354	0.703015	0.26575	0.904859	99.4682	0.098585	0.0252908	0.033414
2139.31	0.00833333	0.954553	0.41805	0.982935	0.23393	0.294037	0.395378	0.659973	0.631213	0.258815	0.604047	0.418246	0.499742	0.141327	0.531621	0.508027	0.515729	101.125	0.0980134	0.0281886	0.0245299
2139.32	0.00833333	0.96156	0.442435	0.628316	0.719151	0.816075	0.960257	0.618025	0.914181	0.0220093	0.0799874	0.623413	0.425371	0.0584028	0.336468	0.665528	0.264709	104.42	0.0960944	0.0246469	0.0333697
2139.38	0.00833333	0.952179	0.444989	0.405543	0.107949	0.954918	0.137385	0.143285	0.152035	0.177719	0.47751	0.786085	0.569749	0.435894	0.502094	0.858205	0.324194	97.5639	0.0985648	0.0298551	0.00422987
2139.42	0.00833333	0.952638	0.927443	0.70171	0.897941	0.075224	0.593526	0.0882097	0.37796	0.650964	0.212855	0.228068	0.468351	0.0661422	0.0397134	0.767211	0.748424	100.733	0.0972759	0.0141378	0.0459469
2139.43	0.00833333	0.928954	0.6167	0.696275	0.77214	0.962672	0.194625	0.457272	0.638961	0.201508	0.473514	0.770921	0.067044	0.108508	0.178576	0.64817	0.814122	102.471	0.0985139	0.00997102	0.047361
2139.44	0.00833333	0.953607	0.277657	0.0106719	0.722214	0.422014	0.25635	0.800357	0.59326	0.952859	0.673929	0.747662	0.184887	0.585129	0.318119	0.524731	0.420864	102.496	0.0987878	0.0279743	0.0244703
2139.45	0.00833333	0.957446	0.0765431	0.278879	0.62598	0.719853	0.433251	0.683055	0.447309	0.633321	0.272776	0.293835	0.421878	0.417793	0.529724	0.292125	0.753477	100.095	0.0978713	0.020049	0.0424609
2139.46	0.00833333	0.944414	0.202602	0.591237	0.808108	0.360345	0.500606	0.987716	0.133308	0.106263	0.200272	0.844689	0.334056	0.186868	0.843809	0.465601	0.460243	101.635	0.0981796	0.0253882	0.0345502
2139.48	0.00833333	0.954298	0.262871	0.542071	0.555773	0.879905	0.337081	0.426281	0.313782	0.500045	0.746369	0.854449	0.095186	0.759235	0.395411	0.172778	0.219524	100.984	0.098471	0.0272824	0.0292328
2139.56	0.00833333	0.963002	0.379077	0.957219	0.150345	0.198527	0.770499	0.127384	0.366396	0.331759	0.987522	0.906745	0.673038	0.457459	0.474686	0.357913	0.292946	102.231	0.0961936	0.0288541	0.00818548
2139.62	0.00833333	0.935832	0.886573	0.462059	0.576125	0.253844	0.912216	0.0168115	0.459788	0.5649	0.515976	0.821711	0.263003	0.61287	0.474915	0.380297	0.499905	100.869	0.0991913	0.0203251	0.0427794
2139.63	0.00833333	0.943125	0.530396	0.348571	0.307787	0.381538	0.795984	0.215479	0.0724123	0.458651	0.382001	0.378143	0.688037	0.230217	0.471493	0.155698	0.350844	100.96	0.0977452	0.0295755	0.00683077
2139.66	0.00833333	0.929668	0.762033	0.0708621	0.715047	0.0223792	0.444574	0.43543	0.962945	0.736352	0.388661	0.312277	0.437548	0.558145	0.548123	0.0817767	0.31346	101.245	0.0980115	0.00657787	0.0483585
2139.66	0.00833333	0.916385	0.2254	0.296322	0.643022	0.645677	0.00571585	0.847259	0.474654	0.656883	0.323144	0.414958	0.12394	0.753188	0.423906	0.755972	0.442312	98.9747	0.0995999	0.00449052	0.049433
2139.8	0.00833333	0.959766	0.291094	0.100994	0.21111	0.0188282	0.287903	0.541078	0.634994	0.174808	0.471076	0.415568	0.290335	0.618791	0.257004	0.0568142	0.687295	100.602	0.097311	0.0191752	0.0418729
2139.81	0.00833333	0.974822	0.705445	0.955474	0.485942	0.312047	0.392839	0.488014	0.657052	0.0652046	0.186325	0.253208	0.0467113	0.896047	0.657418	0.0835936	0.270864	96.6731	0.097513	0.0272486	0.0283926
2139.92	0.00833333	0.953523	0.589436	0.753498	0.260343	0.317858	0.330824	0.52975	0.55903	0.735532	0.401052	0.0538059	0.668104	0.22486	0.661582	0.426362	0.587093	97.6436	0.099824	0.0278884	0.0291584
2140.07	0.00833333	0.949691	0.343904	0.245991	0.693962	0.290584	0.905316	0.823573	0.216209	0.125728	0.22228	0.695789	0.355595	0.607017	0.975502	0.469543	0.322679	101.273	0.0978275	0.0286861	0.0192673
2140.24	0.00833333	0.975594	0.743686	0.466218	0.432952	0.561554	0.310143	0.598477	0.941879	0.0786622	0.124731	0.620122	0.0852574	0.479697	0.742879	0.372914	0.441958	98.2174	0.0980356	0.0278298	0.0254087
2140.43	0.00833333	0.942145	0.164005	0.318863	0.529641	0.321472	0.304458	0.419154	0.707198	0.149018	0.250179	0.356425	0.100526	0.150719	0.572204	0.582001	0.489365	100.042	0.0988845	0.0173916	0.0456108
2140.45	0.00833333	0.949205	0.487344	0.230561	0.642712	0.776029	0.433287	0.664591	0.124641	0.582792	0.184758	0.589849	0.95839	0.709368	0.0959497	0.549291	0.26631	100.9	0.0974522	0.0134167	0.0456732
2140.48	0.00833333	0.96336	0.678497	0.253407	0.282762	0.133932	0.588917	0.530191	0.494598	0.565808	0.295056	0.401652	0.463049	0.520502	0.0284902	0.610177	0.121217	99.1824	0.0997564	0.0248516	0.035772
2140.52	0.00833333	0.942977	0.13262	0.75942	0.0698149	0.816614	0.33799	0.50674	0.0494331	0.785898	0.575174	0.504792	0.163506	0.6843	0.558735	0.832554	0.376864	101.252	0.0985188	0.0195586	0.0433353
2140.67	0.00833333	0.962723	0.61632	0.931792	0.822994	0.405401	0.47885	0.611879	0.0562581	0.416238	0.351692	0.66256	0.880686	0.105366	0.287206	0.272058	0.371004	97.6466	0.0991058	0.0229136	0.0397783
2140.74	0.00833333	0.934351	0.251679	0.432245	0.74954	0.30407	0.828299	0.894693	0.115063	0.5106	0.431532	0.565226	0.390866	0.569898	0.35195	0.953012	0.294811	103.138	0.0991194	0.0250343	0.0358509
2140.75	0.00833333	0.935385	0.744761	0.475574	0.568847	0.158199	0.938396	0.47572	0.701871	0.643653	0.0583676	0.61178	0.468141	0.685472	0.0204785	0.167072	0.190678	101.962	0.0981307	0.0296686	0.00906655
2140.77	0.00833333	0.971908	0.469495	0.217854	0.327078	0.631231	0.519642	0.617732	0.595946	0.660616	0.0572189	0.382527	0.0170527	0.904908	0.620467	0.440391	0.150014	103.863	0.0951985	0.0218985	0.0375448
2140.8	0.00833333	0.967983	0.725247	0.281277	0.643928	0.164565	0.572161	0.360523	0.310961	0.185627	0.905747	0.967967	0.405253	0.956801	0.0294798	0.265884	0.784377	100.482	0.0972854	0.0277027	0.0246519
2140.91	0.00833333	0.975364	0.413682	0.4319	0.752715	0.871994	0.979843	0.0371211	0.608468	0.572402	0.966434	0.644667	0.48435	0.0221996	0.209151	0.540679	0.226082	101.116	0.0955123	0.0284109	0.0122582
2140.96	0.00833333	0.951799	0.0180385	0.0638524	0.703807	0.483113	0.497807	0.876143	0.572689	0.243168	0.839795	0.918291	0.448441	0.732488	0.594026	0.799695	0.13937	102.006	0.0969257	0.0292871	0.00697785
2140.96	0.00833333	0.941242	0.425787	0.476877	0.389884	0.307171	0.22286	0.597312	0.85337	0.333826	0.278051	0.5005	0.846082	0.644636	0.0660294	0.295725	0.3767	104.071	0.0982521	0.0285936	0.0213227
2140.97	0.00833333	0.954782	0.213263	0.412343	0.55306	0.258403	0.333528	0.220937	0.927116	0.950947	0.972708	0.667497	0.485759	0.791462	0.809254	0.0644959	0.925305	99.1289	0.0992979	0.0225958	0.0393296
2141.32	0.00833333	0.939785	0.486433	0.344961	0.362386	0.488095	0.979578	0.413976	0.35496	0.299221	0.708113	0.663135	0.554206	0.640817	0.313597	0.726461	0.297865	98.9953	0.0988011	0.0140127	0.0468908
2141.37	0.00833333	0.966948	0.100764	0.650389	0.0529062	0.529631	0.508663	0.316195	0.927892	0.626969	0.222372	0.709345	0.717936	0.898736	0.587852	0.107419	0.682854	100.306	0.097267	0.0267252	0.0275875
2141.44	0.00833333	0.963075	0.950022	0.477234	0.581223	0.109177	0.883037	0.0269381	0.534204	0.474391	0.0212915	0.197863	0.414029	0.278512	0.520599	0.924082	0.00883862	101.026	0.0965751	0.0282844	0.0173137
2141.51	0.00833333	0.972547	0.187424	0.677327	0.648839	0.114249	0.760001	0.606319	0.0729583	0.496096	0.210377	0.608629	0.27131	0.717888	0.777187	0.5889	0.261207	102.777	0.0945882	0.0177891	0.0417202
2141.51	0.00833333	0.941285	0.578318	0.745876	0.716692	0.866597	0.220891	0.266024	0.956282	0.955431	0.495942	0.807255	0.848246	0.799833	0.670215	0.719774	0.559726	101.02	0.0993767	0.0298748	0.00864967
2141.58	0.00833333	0.982702	0.588507	0.728723	0.693867	0.808165	0.0152562	0.356631	0.391936	0.450828	0.0268761	0.442164	0.0819785	0.199191	0.768728	0.819023	0.22394	99.4949	0.0970341	0.0256781	0.0313901
2141.61	0.00833333	0.979448	0.989427	0.460753	0.133595	0.313808	0.0753294	0.0165883	0.626363	0.35135	0.747704	0.440131	0.558665	0.340894	0.227769	0.662139	0.267593	96.9614	0.0972045	0.0290376	0.00653598
2141.62	0.00833333	0.9761	0.437143	0.306521	0.609092	0.264096	0.668738	0.0571173	0.00493285	0.264136	0.513258	0.817867	0.00362833	0.734912	0.0188449	0.229925	0.586852	101.31	0.0955978	0.0256303	0.0298214
2141.64	0.00833333	0.950319	0.835022	0.37886	0.242036	0.255462	0.905829	0.0625419	0.397929	0.660035	0.415662	0.428998	0.602195	0.82593	0.623201	0.483439	0.343833	101.998	0.0994905	0.027266	0.0272074
2141.71	0.00833333	0.936332	0.531996	0.402768	0.313861	0.446973	0.708299	0.292735	0.623014	0.760783	0.499373	0.609101	0.562156	0.999434	0.0662061	0.468115	0.410221	103.142	0.0989443	0.0287359	0.0194014
2141.73	0.00833333	0.950729	0.237722	0.9821	0.749824	0.58931	0.202469	0.66556	0.682043	0.797947	0.646735	0.78149	0.554224	0.486405	0.506244	0.852205	0.16037	100.156	0.0987489	0.0200081	0.041987
2141.73	0.00833333	0.953798	0.539712	0.392259	0.587541	0.455436	0.905727	0.79033	0.603665	0.74506	0.290418	0.620428	0.39798	0.243185	0.166609	0.212523	0.416872	101.44	0.0978056	0.0208513	0.0417558
2141.77	0.00833333	0.935588	0.739456	0.531762	0.78037	0.0721423	0.654248	0.819757	0.924851	0.803339	0.0874505	0.392454	0.402391	0.167726	0.725658	0.486513	0.764924	104.263	0.0977096	0.0161827	0.0451927
2141.78	0.00833333	0.952602	0.72063	0.63713	0.393177	0.446537	0.459225	0.471269	0.415018	0.465041	0.740629	0.225845	0.625962	0.339137	0.725743	0.282279	0.357275	102.769	0.0978156	0.0278859	0.0217464
2141.88	0.00833333	0.961028	0.197217	0.606626	0.749579	0.334655	0.104612	0.501125	0.0267769	0.997197	0.0923889	0.828758	0.521322	0.332	0.678275	0.476776	0.510535	101.501	0.0965867	0.0268563	0.0286981
2141.88	0.00833333	0.966098	0.38705	0.624966	0.552465	0.658043	0.426002	0.959137	0.708574	0.953327	0.210957	0.348004	0.212563	0.979542	0.228392	0.351081	0.756642	101.132	0.0972825	0.0273141	0.0267849
