distance	weight	r0	r1	r2	r3	r4	r5	r6	r7	r8	r9	r10	r11	r12	r13	r14	r15	tp	dr1	dr2	dr3
2142.56	0.00833333	0.958399	0.777517	0.959697	0.332568	0.940703	0.491022	0.382602	0.218909	0.194979	0.905098	0.762161	0.0390474	0.246902	0.721261	0.137396	0.0309977	100.239	0.09729	0.0265437	0.0308708
2169.6	0.00833333	0.961619	0.75648	0.969742	0.839354	0.0246055	0.539676	0.360202	0.500286	0.463284	0.033731	0.773228	0.352836	0.581138	0.294307	0.402505	0.301815	97.4856	0.0990385	0.0193607	0.044698
2187.24	0.00833333	0.929499	0.436381	0.561094	0.413769	0.109506	0.113436	0.901186	0.66632	0.779759	0.537071	0.829806	0.732545	0.611332	0.684947	0.718226	0.00936434	111.711	0.093816	0.0191067	0.040811
2195.75	0.00833333	0.955779	0.970089	0.308977	0.17269	0.316137	0.578061	0.618284	0.794422	0.281898	0.769259	0.659278	0.774564	0.508685	0.350038	0.661157	0.209696	110.003	0.0944807	0.0273171	0.00851614
2197.95	0.00833333	0.979872	0.672162	0.546345	0.415269	0.37158	0.392722	0.314693	0.474777	0.276462	0.605873	0.381076	0.733362	0.159913	0.0499971	0.092186	0.383959	91.952	0.0994919	0.008707	0.0481588
2203.17	0.00833333	0.94008	0.445915	0.354013	0.650578	0.678102	0.985498	0.566416	0.689955	0.565147	0.138644	0.337229	0.684169	0.415395	0.85767	0.474637	0.870075	101.946	0.0956618	0.0134747	0.0451758
2205.24	0.00833333	0.935507	0.239451	0.17626	0.918071	0.0218462	0.181913	0.461349	0.764347	0.67244	0.84277	0.0586971	0.749432	0.488447	0.0917462	0.204825	0.568114	114.966	0.0925792	0.0222831	0.0349695
2207.16	0.00833333	0.977702	0.365853	0.31056	0.916893	0.327462	0.06666	0.799647	0.465904	0.615545	0.168079	0.38789	0.754644	0.280458	0.54599	0.375996	0.448065	99.5671	0.0966712	0.0238749	0.0323742
2207.65	0.00833333	0.923586	0.760512	0.242308	0.644643	0.395172	0.743103	0.0860381	0.891958	0.50082	0.46498	0.668883	0.621549	0.761831	0.340944	0.698793	0.458623	97.6169	0.0978006	0.00983913	0.049615
2210.98	0.00833333	1.01299	0.136424	0.389585	0.372421	0.686325	0.587583	0.398095	0.148698	0.653992	0.0254815	0.792018	0.0240908	0.639492	0.928772	0.764151	0.756852	93.8789	0.0950547	0.0276637	0.0062146
2215.6	0.00833333	0.942393	0.754469	0.0719267	0.782318	0.702872	0.217174	0.838513	0.628845	0.202201	0.632681	0.134256	0.026724	0.697636	0.0124666	0.43697	0.136546	115.24	0.0938383	0.025468	0.025544
2220.84	0.00833333	0.972081	0.334374	0.481279	0.39533	0.526587	0.769725	0.923265	0.877789	0.372736	0.623481	0.63678	0.296932	0.032907	0.0987941	0.62128	0.914199	107.12	0.0937274	0.0152007	0.0410299
2236.18	0.00833333	0.975474	0.0835606	0.71698	0.291434	0.0397699	0.993542	0.374035	0.536054	0.728651	0.00843285	0.869173	0.181467	0.488357	0.632484	0.220111	0.592294	102.225	0.0948064	0.0253819	0.0262876
2236.8	0.00833333	0.985014	0.708779	0.659546	0.618817	0.188555	0.850579	0.112373	0.585166	0.370203	0.360268	0.199318	0.0514218	0.809888	0.773133	0.282825	0.793567	100.77	0.0911947	0.0285379	0.0149174
2242.96	0.00833333	0.96228	0.395693	0.923126	0.24784	0.450464	0.0542543	0.973744	0.80951	0.789769	0.896304	0.267074	0.288094	0.134956	0.0134474	0.895887	0.723038	115.888	0.0860103	0.0101364	0.0410629
2252.41	0.00833333	0.914925	0.156301	0.0903015	0.252334	0.743429	0.917303	0.320697	0.57678	0.553632	0.961257	0.4251	0.426692	0.867491	0.584612	0.581193	0.134244	105.057	0.0977701	0.014113	0.0485382
2252.96	0.00833333	0.866463	0.392093	0.891229	0.307842	0.680392	0.143801	0.509169	0.577377	0.659858	0.71642	0.641006	0.249073	0.467074	0.344722	0.812318	0.219819	117.676	0.0949539	0.00510243	0.0471203
2253.17	0.00833333	1.07543	0.146542	0.796705	0.393732	0.197038	0.695821	0.681417	0.66799	0.345707	0.203744	0.573644	0.232949	0.262918	0.447636	0.798258	0.91048	123.032	0.0691892	0.0209434	0.00971407
2270.44	0.00833333	1.03664	0.67773	0.345383	0.452131	0.714991	0.111066	0.0728889	0.489022	0.316341	0.9619	0.952045	0.611684	0.508943	0.581692	0.898536	0.36355	120.793	0.0771261	0.00686147	0.0374544
2273.97	0.00833333	0.997391	0.419919	0.880745	0.444539	0.5853	0.871014	0.86852	0.567996	0.132887	0.565292	0.561625	0.394594	0.344962	0.236997	0.218255	0.972273	92.1591	0.0996827	0.0242906	0.0388842
2276.7	0.00833333	1.06673	0.436658	0.797038	0.100964	0.3361	0.634101	0.838798	0.633493	0.111671	0.598371	0.435636	0.884196	0.471957	0.3514	0.464073	0.661693	101.776	0.0791719	0.0109912	0.0381479
2287.15	0.00833333	0.936342	0.71059	0.811556	0.660877	0.284724	0.196398	0.754852	0.828074	0.8577	0.231213	0.0617398	0.211401	0.839148	0.336136	0.580647	0.943355	93.3242	0.0991125	0.0126988	0.0506859
2290.12	0.00833333	1.03105	0.578488	0.654617	0.325733	0.542254	0.422228	0.84312	0.661901	0.179862	0.425137	0.390558	0.695819	0.900371	0.679609	0.603405	0.236475	104.528	0.0819933	0.014793	0.0378395
2299.79	0.00833333	1.04857	0.679955	0.968842	0.0469485	0.933732	0.919051	0.346576	0.758569	0.603471	0.907864	0.425483	0.21886	0.433749	0.249372	0.378049	0.199226	91.3712	0.09086	0.019459	0.0403749
2304.2	0.00833333	1.0367	0.28854	0.634278	0.668316	0.0246751	0.482509	0.357616	0.0734511	0.579193	0.849202	0.543745	0.584738	0.741362	0.181828	0.1139	0.511025	105.092	0.0809381	0.0164377	0.0366955
2307.84	0.00833333	0.92778	0.804357	0.524362	0.744814	0.0491668	0.69137	0.580824	0.456356	0.914057	0.721157	0.229732	0.52305	0.403484	0.256675	0.435455	0.894853	101.243	0.0989978	0.0219805	0.0384851
2311.85	0.00833333	0.98283	0.288194	0.565834	0.458299	0.94619	0.17485	0.884506	0.214774	0.0469164	0.82275	0.274074	0.480371	0.270636	0.295654	0.272154	0.150456	111.761	0.0933926	0.0219791	0.0344234
2319.94	0.00833333	1.04345	0.357216	0.817634	0.335832	0.739009	0.0538644	0.44944	0.112833	0.729278	0.410746	0.822654	0.498556	0.501119	0.451252	0.528239	0.60854	148.948	0.0636788	0.00480406	0.0307562
2322.33	0.00833333	0.991826	0.411333	0.618683	0.606785	0.391025	0.700441	0.439793	0.0453977	0.801653	0.517437	0.516746	0.873196	0.817536	0.54778	0.886349	0.578293	100.832	0.092631	0.0250772	0.0342965
2329.23	0.00833333	0.902829	0.430659	0.189127	0.822647	0.579889	0.159782	0.573008	0.707014	0.339105	0.19809	0.351762	0.754114	0.227327	0.384859	0.0885885	0.0359142	110.92	0.0935633	0.00833075	0.048741
2329.5	0.00833333	1.0782	0.324723	0.54589	0.705949	0.403186	0.645947	0.494093	0.0265171	0.115391	0.283356	0.69542	0.694788	0.805966	0.30641	0.672903	0.379528	120.525	0.0670023	0.00286425	0.0324371
2329.52	0.00833333	0.972972	0.157764	0.375366	0.423544	0.522695	0.577636	0.639451	0.669924	0.233973	0.403721	0.62179	0.483849	0.240799	0.261142	0.731241	0.634509	100.019	0.0896165	0.00623906	0.0472485
2330.97	0.00833333	0.92675	0.805173	0.572799	0.737527	0.196361	0.322452	0.524173	0.680948	0.678579	0.59475	0.723389	0.305555	0.6435	0.00775404	0.286519	0.346016	119.238	0.0956597	0.0272001	0.0102141
2331.62	0.00833333	0.879795	0.152856	0.541853	0.652157	0.442426	0.377197	0.490619	0.660332	0.0225855	0.60713	0.462933	0.284913	0.0724338	0.013506	0.102591	0.559774	106.446	0.098112	0.0277649	0.0344696
2334.27	0.00833333	0.94814	0.440496	0.587367	0.334964	0.684148	0.251934	0.553686	0.44525	0.43681	0.837353	0.585823	0.148319	0.771054	0.26585	0.433067	0.384938	95.691	0.0950259	0.0201017	0.0440647
2336.11	0.00833333	0.94801	0.495571	0.789679	0.357368	0.94368	0.804976	0.743241	0.0738344	0.817662	0.262367	0.453617	0.157744	0.834835	0.396178	0.343364	0.280656	116.77	0.0891851	0.0156451	0.0430346
2343.15	0.00833333	0.931993	0.288316	0.0884083	0.813234	0.66712	0.876484	0.309882	0.877619	0.117058	0.472627	0.338706	0.598518	0.322207	0.580693	0.323442	0.535453	98.3454	0.0927122	0.00333164	0.0493322
2345.69	0.00833333	0.960482	0.177003	0.792349	0.581468	0.36393	0.984292	0.210288	0.846643	0.575895	0.844582	0.233723	0.453341	0.149603	0.758986	0.320282	0.313658	116.874	0.0848693	0.0250611	0.0196799
2345.8	0.00833333	1.02258	0.993893	0.0346218	0.354429	0.590698	0.105692	0.299885	0.871283	0.293971	0.96253	0.727324	0.403571	0.927563	0.346812	0.511356	0.457736	129.994	0.0743162	0.0178647	0.0316262
2347.6	0.00833333	0.968177	0.843625	0.315334	0.394071	0.190456	0.597909	0.47928	0.700718	0.6317	0.0913056	0.41642	0.369727	0.546954	0.465808	0.172342	0.387491	114.917	0.0829127	0.0141313	0.0413535
2349.6	0.00833333	1.03765	0.297442	0.866897	0.569639	0.866735	0.973177	0.294346	0.546592	0.51975	0.702061	0.363115	0.900265	0.372933	0.23906	0.00275803	0.766465	100.061	0.0870564	0.00663199	0.0430681
2355.15	0.00833333	0.962117	0.964058	0.543754	0.915554	0.230208	0.776529	0.353448	0.188022	0.246278	0.289742	0.875184	0.392283	0.152857	0.65725	0.504274	0.740819	124.758	0.0884138	0.0163792	0.03804
2363.99	0.00833333	0.984719	0.646106	0.584297	0.618262	0.463848	0.203261	0.333083	0.817104	0.835002	0.342761	0.640963	0.151425	0.905781	0.0182276	0.275561	0.276026	135.225	0.0805328	0.0179966	0.0320855
2364.89	0.00833333	1.00285	0.63072	0.628043	0.12971	0.872019	0.0848235	0.0615436	0.970538	0.316845	0.281241	0.120277	0.208062	0.0913014	0.0408329	0.625552	0.684667	90.8582	0.0925428	0.0278137	0.0208779
2364.91	0.00833333	1.07608	0.630116	0.554735	0.592656	0.502082	0.661728	0.341581	0.67197	0.177952	0.414212	0.711994	0.0630591	0.579226	0.47385	0.440501	0.287967	105.246	0.0766455	0.0038224	0.0360961
2366.59	0.00833333	1.05947	0.555617	0.535796	0.678835	0.313182	0.205396	0.582354	0.57999	0.114567	0.625956	0.330224	0.633416	0.41026	0.799583	0.0888299	0.142013	122.628	0.0740376	0.00876766	0.0360997
2368.81	0.00833333	1.0706	0.57438	0.337184	0.314482	0.048367	0.550593	0.308739	0.129851	0.708549	0.628093	0.0964572	0.129601	0.127537	0.679235	0.352658	0.648382	92.116	0.0854778	0.0234334	0.026711
2375.17	0.00833333	1.08397	0.0511198	0.671621	0.750291	0.296221	0.788968	0.601371	0.247133	0.0515924	0.522627	0.0436915	0.89427	0.279676	0.326972	0.49381	0.467632	86.0235	0.0877573	0.00841819	0.0420619
2375.54	0.00833333	1.05931	0.477052	0.00837225	0.589245	0.168787	0.772175	0.683359	0.795554	0.356363	0.545471	0.175588	0.503494	0.348499	0.702871	0.0224569	0.649275	116.226	0.0717039	0.00151341	0.034083
2377.88	0.00833333	0.981517	0.670909	0.109469	0.766456	0.809054	0.61529	0.967426	0.665175	0.508408	0.846175	0.276838	0.138281	0.725182	0.594218	0.0151486	0.547278	114.793	0.0890239	0.0232805	0.0228187
2379.69	0.00833333	0.81534	0.663139	0.593171	0.685703	0.775481	0.626791	0.212019	0.541209	0.9528	0.0594391	0.0295017	0.85349	0.640343	0.643994	0.39064	0.361222	116	0.0991343	0.0309849	0.00326531
2380.7	0.00833333	1.03117	0.434949	0.868494	0.216112	0.901847	0.452578	0.774505	0.0101919	0.976138	0.388228	0.829055	0.196305	0.997391	0.191416	0.452798	0.356551	102.929	0.0850646	0.0217277	0.0279422
2382.89	0.00833333	1.04548	0.21066	0.406929	0.0516753	0.53307	0.416469	0.42069	0.687695	0.521996	0.433214	0.429559	0.204588	0.274085	0.325676	0.473671	0.329567	88.4718	0.0945985	0.0262219	0.0187503
2384.72	0.00833333	0.980306	0.534182	0.443377	0.820103	0.412825	0.759887	0.809499	0.541267	0.357065	0.422879	0.726793	0.468826	0.318999	0.260149	0.205813	0.600277	132.779	0.0828649	0.0203255	0.028769
2386.36	0.00833333	0.938608	0.849497	0.186814	0.2876	0.287597	0.62185	0.938729	0.0334301	0.58105	0.754746	0.166018	0.315556	0.379636	0.396264	0.100239	0.162963	122.218	0.0917522	0.0194655	0.0392315
2388.02	0.00833333	1.10762	0.464257	0.0589986	0.894317	0.0642087	0.222123	0.288857	0.23998	0.121226	0.509966	0.492871	0.818657	0.959407	0.652645	0.428844	0.0343713	121.502	0.0670295	0.00403406	0.0326966
2389.06	0.00833333	0.90341	0.889342	0.772054	0.519635	0.57258	0.0834368	0.520141	0.422365	0.036843	0.217399	0.173202	0.604832	0.586245	0.690878	0.141929	0.21279	127.002	0.0881497	0.017833	0.0408796
2390.81	0.00833333	0.976674	0.351551	0.737041	0.736194	0.177733	0.442453	0.559268	0.891803	0.580722	0.325653	0.203131	0.761595	0.507281	0.498699	0.961018	0.204983	93.8808	0.0934141	0.0259901	0.0304581
2391.99	0.00833333	1.00674	0.134221	0.616195	0.559184	0.758367	0.885934	0.712429	0.651582	0.800364	0.628813	0.287935	0.614593	0.0304877	0.700637	0.173784	0.457749	107.435	0.0809681	0.0114552	0.0402953
2392.65	0.00833333	0.998643	0.516378	0.699682	0.243548	0.574089	0.284182	0.738515	0.822037	0.89418	0.348782	0.638361	0.672123	0.748109	0.119256	0.0784687	0.203921	99.7365	0.0873036	0.00743917	0.0418817
2393.58	0.00833333	1.06564	0.743727	0.589983	0.367577	0.994301	0.439756	0.870508	0.892341	0.838858	0.79457	0.853352	0.575244	0.436621	0.40055	0.286893	0.519209	77.1991	0.0981851	0.0235558	0.0330194
2395.42	0.00833333	1.00433	0.546313	0.853768	0.916732	0.0167761	0.494076	0.023927	0.292441	0.715456	0.4949	0.249434	0.0296135	0.577806	0.993334	0.124546	0.885007	114.888	0.0784041	0.0250926	0.0142029
2395.99	0.00833333	0.984533	0.61109	0.618082	0.777541	0.38465	0.0568368	0.2413	0.865427	0.163009	0.812618	0.156968	0.0331414	0.0281804	0.410221	0.789497	0.540339	98.5891	0.0878451	0.0142888	0.0433764
2407.36	0.00833333	0.9493	0.443188	0.801876	0.66502	0.374092	0.605616	0.0135524	0.287769	0.112619	0.892714	0.408935	0.17816	0.285229	0.508606	0.733355	0.952534	106.63	0.0880679	0.0120697	0.0462297
2407.44	0.00833333	1.11144	0.0694414	0.629033	0.941738	0.554638	0.472034	0.367484	0.730812	0.634299	0.34576	0.853779	0.461501	0.0790367	0.527839	0.0861027	0.453366	71.0936	0.0972803	0.0261875	0.0292741
2408.99	0.00833333	0.921827	0.265908	0.0110187	0.244735	0.855147	0.701904	0.742359	0.870945	0.089332	0.639668	0.759779	0.566034	0.620132	0.847713	0.211975	0.60026	115.607	0.089328	0.00916239	0.0423184
2414.87	0.00833333	0.996822	0.765456	0.373773	0.594511	0.988044	0.285821	0.47929	0.0474569	0.894498	0.502093	0.0946161	0.383183	0.309986	0.198047	0.311798	0.0393895	101.509	0.0940172	0.0116245	0.0456424
2416.68	0.00833333	1.06223	0.708333	0.305683	0.497113	0.0053557	0.454578	0.208321	0.57389	0.221704	0.669512	0.431973	0.477405	0.194847	0.674788	0.223338	0.443223	79.4409	0.0944603	0.00409975	0.0441118
2421.57	0.00833333	0.890693	0.024547	0.56107	0.125823	0.815934	0.04102	0.11302	0.0898177	0.404334	0.0957532	0.890248	0.328097	0.342087	0.756097	0.39897	0.314543	120.496	0.0940042	0.0289894	0.0209727
2424.96	0.00833333	0.904294	0.0659072	0.651281	0.167621	0.892392	0.159171	0.226996	0.392029	0.321631	0.303263	0.0132061	0.35933	0.321589	0.608801	0.303012	0.715628	117.731	0.0907541	0.0188632	0.038728
2427.27	0.00833333	1.07242	0.987692	0.0898151	0.874556	0.36744	0.775203	0.0692089	0.346072	0.560775	0.174415	0.186701	0.190192	0.309959	0.464606	0.139049	0.458225	82.233	0.0968754	0.0164098	0.0447511
2428.28	0.00833333	0.850302	0.280183	0.870999	0.637993	0.34947	0.145801	0.491753	0.880491	0.743853	0.747823	0.561197	0.890856	0.499775	0.566324	0.455863	0.423416	108.68	0.0964351	0.00358016	0.0481779
2428.99	0.00833333	0.98034	0.732424	0.481276	0.664281	0.536201	0.419587	0.867449	0.325092	0.224654	0.331746	0.0446081	0.728593	0.385266	0.402614	0.616253	0.703322	100.985	0.0919742	0.0229472	0.030974
2430.02	0.00833333	0.918593	0.0749672	0.727913	0.704315	0.462848	0.658981	0.663774	0.385379	0.351398	0.330159	0.266097	0.371912	0.36673	0.818556	0.451841	0.657939	97.2813	0.0968459	0.0300298	0.02882
2431.18	0.00833333	1.06163	0.58957	0.424754	0.324013	0.286973	0.436951	0.879655	0.222177	0.116003	0.713822	0.356253	0.295488	0.0856967	0.118121	0.718514	0.635528	105.16	0.0761924	0.0186797	0.0331764
2432.48	0.00833333	0.909095	0.527226	0.510133	0.712348	0.990597	0.607224	0.844551	0.443932	0.140987	0.94762	0.235325	0.853941	0.437334	0.774948	0.178158	0.523473	102.735	0.0940041	0.0223126	0.0415057
2434.53	0.00833333	0.96905	0.155621	0.382201	0.666127	0.570813	0.591783	0.573596	0.157913	0.463414	0.0789566	0.130436	0.42105	0.231918	0.425178	0.749216	0.700462	129.507	0.0835978	0.010242	0.0402228
2435.06	0.00833333	0.942981	0.440204	0.0189663	0.604177	0.237677	0.619229	0.62835	0.538436	0.661198	0.0815014	0.406829	0.510169	0.100293	0.0113783	0.163856	0.133133	130.405	0.0886204	0.0209887	0.0338081
2435.58	0.00833333	0.87445	0.75209	0.385345	0.154355	0.65749	0.681923	0.356811	0.598054	0.337559	0.330492	0.647751	0.748889	0.105865	0.10186	0.906226	0.636978	123.358	0.0922648	0.0227469	0.0391237
2442.54	0.00833333	1.01333	0.409566	0.485027	0.570315	0.294096	0.238913	0.481319	0.59373	0.496649	0.101539	0.170681	0.422216	0.369557	0.66861	0.195325	0.178385	107.392	0.0853078	0.0201114	0.0307271
2444.04	0.00833333	0.999289	0.553166	0.947604	0.282633	0.649011	0.603695	0.632117	0.131066	0.121766	0.683027	0.40255	0.921005	0.398351	0.284211	0.0227786	0.946603	103.138	0.0965631	0.0158909	0.0426473
2444.2	0.00833333	0.937487	0.453079	0.582202	0.578041	0.85806	0.503595	0.656423	0.617881	0.374356	0.671118	0.708691	0.742785	0.599314	0.439407	0.279375	0.208655	132.874	0.084667	0.0138392	0.040481
2444.9	0.00833333	0.88193	0.501784	0.527484	0.624142	0.510594	0.996134	0.188816	0.426758	0.204673	0.485764	0.327304	0.51642	0.0451093	0.182892	0.709171	0.660022	123.097	0.0995882	0.0173623	0.0430636
2445.95	0.00833333	0.9251	0.188361	0.380799	0.770712	0.546644	0.755882	0.398612	0.912667	0.569455	0.678291	0.937325	0.985282	0.623047	0.59546	0.107281	0.355424	101.661	0.091227	0.00469427	0.0495761
2447.28	0.00833333	0.915125	0.205029	0.450148	0.773355	0.640835	0.236473	0.358558	0.753589	0.490362	0.592768	0.453669	0.258094	0.307144	0.268718	0.052633	0.360192	117.055	0.0878349	0.0268806	0.0259682
2447.57	0.00833333	0.927953	0.347704	0.187845	0.792347	0.164476	0.51767	0.264523	0.759705	0.365874	0.900656	0.214126	0.0103381	0.451807	0.934108	0.354649	0.372417	127.119	0.085826	0.0268507	0.0184214
2453.38	0.00833333	1.02563	0.95335	0.881922	0.876447	0.631093	0.654868	0.625973	0.465413	0.26308	0.467956	0.635295	0.37073	0.228965	0.747642	0.0922032	0.302899	95.5558	0.086117	0.021588	0.0383667
2455.24	0.00833333	0.869798	0.601167	0.232684	0.0625635	0.978682	0.0524644	0.185175	0.18392	0.330644	0.544925	0.732408	0.264012	0.540392	0.246919	0.897712	0.614098	130.379	0.0912969	0.0265848	0.0268676
2458.77	0.00833333	0.910742	0.253074	0.800669	0.973423	0.635517	0.255828	0.950726	0.491564	0.164413	0.659891	0.281335	0.447402	0.183868	0.331924	0.305401	0.166812	137.223	0.0880885	0.0188303	0.0356449
2459.42	0.00833333	1.11994	0.170182	0.326553	0.904848	0.271006	0.348332	0.518029	0.0262423	0.224216	0.49766	0.364501	0.361585	0.414964	0.715395	0.0856284	0.662804	104.848	0.0691186	0.0214847	0.00197162
2462.64	0.00833333	1.09064	0.784897	0.985537	0.591358	0.612993	0.266401	0.416518	0.509896	0.0931556	0.727758	0.23505	0.720586	0.583943	0.0500263	0.765128	0.549428	90.6016	0.0904606	0.0239926	0.0200894
2466.39	0.00833333	1.05124	0.639817	0.531296	0.626654	0.438629	0.898009	0.708369	0.834998	0.879748	0.339198	0.843815	0.624139	0.765155	0.930193	0.0987371	0.235779	84.4207	0.0955667	0.00791724	0.0435438
2467.75	0.00833333	0.894265	0.748985	0.430913	0.419097	0.381119	0.672079	0.431444	0.918269	0.608631	0.285144	0.982257	0.0188952	0.847042	0.746351	0.684213	0.700334	135.889	0.0868164	0.0262757	0.0177991
2468.69	0.00833333	1.0101	0.496868	0.15529	0.667265	0.50214	0.127469	0.394137	0.138871	0.598274	0.321446	0.410424	0.259114	0.860765	0.399929	0.0383821	0.71438	88.7191	0.0964516	0.0149262	0.0483476
2468.87	0.00833333	1.03342	0.523	0.658436	0.813498	0.254178	0.143862	0.677799	0.86916	0.837163	0.159893	0.678625	0.49591	0.779142	0.122659	0.383695	0.771612	117.703	0.0802292	0.0220509	0.0107002
2469.88	0.00833333	0.978869	0.325033	0.790023	0.569549	0.72081	0.195507	0.27894	0.0235641	0.13436	0.335584	0.458496	0.576776	0.392852	0.794344	0.496238	0.527554	138.765	0.0802337	0.0221275	0.0162343
2472.14	0.00833333	0.96064	0.543771	0.501295	0.710634	0.598353	0.510924	0.457603	0.92496	0.41219	0.228282	0.704551	0.5616	0.575079	0.218209	0.952155	0.0504876	115.22	0.0822465	0.0118059	0.0406661
2473.17	0.00833333	1.02211	0.220017	0.685171	0.468406	0.295893	0.195294	0.935914	0.450052	0.809487	0.196213	0.66856	0.520122	0.326776	0.710073	0.133904	0.321252	98.8232	0.0941223	0.0123498	0.0401232
2473.85	0.00833333	0.921931	0.189363	0.72165	0.559401	0.398326	0.722851	0.290158	0.715684	0.557964	0.837433	0.540865	0.289958	0.187964	0.227791	0.328725	0.515813	121.713	0.0955882	0.0137791	0.0411727
2474.11	0.00833333	0.947741	0.623187	0.339662	0.914199	0.172536	0.953216	0.919143	0.953498	0.365749	0.111691	0.431131	0.844707	0.620977	0.566524	0.921359	0.535233	140.428	0.0825208	0.0109427	0.0380327
2474.31	0.00833333	0.953947	0.0323094	0.857074	0.736219	0.953313	0.735245	0.335412	0.79565	0.448955	0.197567	0.554985	0.662229	0.784369	0.0541283	0.46473	0.185548	143.593	0.0765514	0.010957	0.0355579
2474.66	0.00833333	0.953691	0.558052	0.493332	0.0127381	0.138217	0.783399	0.243049	0.777695	0.648216	0.558263	0.930005	0.421465	0.760117	0.572461	0.944324	0.237719	105.289	0.0980148	0.0197562	0.0365067
2476.77	0.00833333	0.925283	0.892751	0.54947	0.611639	0.0722474	0.0406365	0.694994	0.0761793	0.530433	0.214942	0.507277	0.242114	0.256718	0.539249	0.656441	0.756128	108.632	0.0937689	0.0073544	0.0429412
2478.26	0.00833333	0.903335	0.235541	0.413302	0.582131	0.624321	0.913899	0.496242	0.77091	0.768736	0.167649	0.344096	0.589587	0.17896	0.5676	0.953706	0.539399	110.505	0.0950498	0.0200361	0.0455842
2478.63	0.00833333	0.842917	0.120205	0.122046	0.864422	0.703388	0.798732	0.935893	0.743719	0.700739	0.567276	0.662017	0.52796	0.064262	0.222325	0.458801	0.967202	124.629	0.0934384	0.00367003	0.0446977
2479.7	0.00833333	0.90675	0.885155	0.157789	0.988957	0.504392	0.665263	0.422043	0.921823	0.302629	0.172904	0.93805	0.855569	0.0945823	0.412902	0.231977	0.399381	128.215	0.0922568	0.0164814	0.0423311
2479.89	0.00833333	1.06588	0.101708	0.415798	0.310846	0.909245	0.580123	0.31816	0.661913	0.67391	0.698264	0.439886	0.467345	0.319599	0.638503	0.406009	0.566287	90.6562	0.0906362	0.0273466	0.0228598
2481.02	0.00833333	0.961666	0.538852	0.246874	0.594924	0.153583	0.530756	0.799022	0.846926	0.702315	0.117505	0.475085	0.556818	0.402783	0.229475	0.438756	0.312801	94.6287	0.0929432	0.0241766	0.0357429
2482.08	0.00833333	1.0436	0.374034	0.668533	0.840523	0.624808	0.763541	0.159561	0.226642	0.266846	0.462093	0.178913	0.439264	0.481299	0.817565	0.712718	0.913615	75.7039	0.0932058	0.00834639	0.0448051
2484.27	0.00833333	0.926951	0.166921	0.783778	0.859126	0.544112	0.956619	0.151881	0.852447	0.827103	0.330628	0.403565	0.926498	0.814241	0.0230426	0.455431	0.292337	128.889	0.0849114	0.024764	0.00234095
2494.01	0.00833333	0.895209	0.756295	0.446292	0.507049	0.998201	0.101193	0.234678	0.494711	0.218042	0.182104	0.266734	0.601983	0.304785	0.795583	0.59732	0.407153	128.312	0.0952309	0.0133925	0.0417439
2494.23	0.00833333	1.00805	0.675846	0.688574	0.28436	0.634251	0.945987	0.584601	0.618058	0.274103	0.58182	0.535615	0.230196	0.00640246	0.94247	0.520797	0.334642	109.867	0.0808948	0.0198221	0.0373918
2494.91	0.00833333	0.930746	0.627498	0.64272	0.461826	0.688292	0.96487	0.403079	0.619415	0.474299	0.595548	0.0889792	0.902659	0.681101	0.00797121	0.849566	0.878515	130.797	0.0858796	0.0253471	0.0248638
2498.76	0.00833333	0.949352	0.637269	0.749145	0.421591	0.870116	0.35727	0.575831	0.144031	0.427608	0.356606	0.575355	0.688409	0.726325	0.820772	0.752304	0.243022	137.796	0.0770248	0.023063	0.0217401
2506.59	0.00833333	1.11327	0.318376	0.760136	0.405349	0.5286	0.550499	0.117971	0.635768	0.971731	0.161371	0.3202	0.12468	0.0809726	0.835406	0.452298	0.827902	100.154	0.0791405	0.0211626	0.0293637
2508.56	0.00833333	0.95615	0.0464594	0.348643	0.371773	0.0728464	0.213461	0.299485	0.482563	0.746176	0.00286166	0.674592	0.106702	0.0123587	0.749141	0.253073	0.561769	122.126	0.0809163	0.0246449	0.0265305
2509.39	0.00833333	0.947293	0.202867	0.454921	0.490144	0.846832	0.245875	0.978301	0.349565	0.522808	0.555356	0.0596157	0.771194	0.498177	0.482842	0.335731	0.0976467	103.462	0.0886049	0.0283568	0.0162162
2509.47	0.00833333	0.998237	0.477251	0.00939351	0.511204	0.502512	0.18686	0.771653	0.924447	0.544322	0.183461	0.867894	0.343136	0.812564	0.940464	0.276276	0.140888	86.9729	0.0931712	0.00324018	0.0499825
2510.35	0.00833333	1.07605	0.711558	0.272985	0.271459	0.336996	0.0421785	0.270832	0.12234	0.363545	0.0614161	0.620913	0.373998	0.662892	0.449813	0.353212	0.335969	88.159	0.0937333	0.0254743	0.0106565
2510.93	0.00833333	0.954502	0.749471	0.447236	0.309311	0.130221	0.377688	0.437298	0.243828	0.576522	0.566587	0.7863	0.511912	0.58568	0.74497	0.114621	0.333134	103.593	0.0989762	0.0237095	0.0291085
