distance	weight	r0	r1	r2	r3	r4	r5	r6	r7	r8	r9	r10	r11	r12	r13	r14	r15	tp	dr1	dr2	dr3
2124.89	0.00833333	0.95497	0.206249	0.236517	0.912859	0.240209	0.0827765	0.290266	0.444614	0.141766	0.00700473	0.807614	0.918903	0.450661	9.35197e-05	0.0257688	0.00943358	97.659	0.0999529	0.0296085	0.0126374
2125.4	0.00833333	0.951166	0.0783815	0.0892349	0.723503	0.276761	0.178709	0.815748	0.322359	0.0383108	0.112798	0.374206	0.874956	0.0820876	0.12454	0.0524821	0.0737191	97.5202	0.0999209	0.0298735	0.00551194
2125.52	0.00833333	0.949067	0.226915	0.452557	0.52682	0.737512	0.0241064	0.260064	0.0709497	0.611338	0.13493	0.636855	0.765813	0.175983	0.0923953	0.0240892	0.000527206	98.9209	0.0999667	0.0296474	0.0144007
2125.6	0.00833333	0.946098	0.266476	0.640764	0.762437	0.773251	0.186364	0.219501	0.738879	0.00414571	0.0192032	0.167631	0.813054	0.609483	0.590133	0.021752	0.0658792	99.0311	0.0999924	0.0297245	0.012113
2125.61	0.00833333	0.944853	0.397826	0.428675	0.325174	0.718342	0.301336	0.0696587	0.674424	0.372367	0.0910953	0.483555	0.653871	0.0643834	0.0455026	0.114412	0.0160332	99.012	0.0998554	0.0298693	0.00740324
2125.62	0.00833333	0.95257	0.871522	0.158221	0.277788	0.264743	0.231858	0.378174	0.366523	0.686145	0.203255	0.526137	0.995667	0.550881	0.335374	0.0291793	0.014819	98.3233	0.0999091	0.0297234	0.0124039
2125.63	0.00833333	0.950683	0.289838	0.656468	0.450864	0.0383106	0.22662	0.884527	0.431201	0.429049	0.122042	0.980484	0.339791	0.734533	0.661156	0.0987595	0.0453	99.3541	0.0998724	0.0291642	0.0196409
2125.63	0.00833333	0.949466	0.834753	0.449688	0.432186	0.503079	0.258679	0.290965	0.18121	0.557287	0.139721	0.409078	0.526709	0.553398	0.562865	0.0240593	0.0973913	99.2563	0.0999244	0.0294706	0.0159883
2125.73	0.00833333	0.945862	0.709761	0.539934	0.540889	0.185349	0.0360997	0.53865	0.300152	0.38554	0.110639	0.75594	0.898162	0.163321	0.951906	0.0727386	0.124997	98.7752	0.0998783	0.0298223	0.00433857
2125.78	0.00833333	0.946665	0.535273	0.847801	0.339297	0.328604	0.260868	0.0343421	0.758897	0.189524	0.196064	0.218897	0.522123	0.377838	0.164482	0.007386	0.0352701	99.1709	0.099826	0.0298056	0.00960415
2125.8	0.00833333	0.950948	0.221308	0.202942	0.307378	0.939888	0.25201	0.234686	0.626396	0.405353	0.146999	0.253709	0.37754	0.211338	0.423783	0.0789793	0.0355485	98.4584	0.0999999	0.0297375	0.0109087
2125.8	0.00833333	0.941189	0.321491	0.105304	0.381678	0.230383	0.255428	0.514898	0.842438	0.628762	0.115201	0.418594	0.663302	0.593474	0.1147	0.0925971	0.0718978	99.0112	0.0999507	0.0299955	0.00333604
2125.81	0.00833333	0.947889	0.862725	0.709322	0.445109	0.504656	0.0773083	0.20659	0.665798	0.296098	0.0893604	0.0279324	0.277227	0.259502	0.28067	0.0110881	0.0262235	98.8211	0.0998729	0.0297714	0.00738405
2125.81	0.00833333	0.943257	0.546894	0.0762433	0.756539	0.215471	0.141817	0.340831	0.00412053	0.366481	0.14535	0.985162	0.604285	0.745054	0.158103	0.149536	0.0448812	98.6491	0.0999054	0.0298916	0.00593766
2125.81	0.00833333	0.949277	0.965474	0.442853	0.502753	0.127715	0.103054	0.483489	0.023703	0.297741	0.172337	0.864772	0.579876	0.291086	0.00959437	0.00424422	0.154695	99.0539	0.0998473	0.0297154	0.0100473
2125.82	0.00833333	0.944071	0.243419	0.877934	0.370103	0.397856	0.0532939	0.793495	0.0992579	0.216288	0.0543568	0.195022	0.0176086	0.127749	0.304769	0.016442	0.0353965	99.3858	0.0998564	0.0298951	0.00190051
2125.84	0.00833333	0.948005	0.514645	0.260254	0.514179	0.333703	0.234513	0.191155	0.76053	0.268557	0.154912	0.741304	0.989317	0.86813	0.491037	0.0505928	0.096905	97.7326	0.0998441	0.0298874	0.00440136
2125.84	0.00833333	0.953994	0.752512	0.538151	0.698655	0.430527	0.349471	0.362083	0.32751	0.124275	0.0931418	0.789087	0.421273	0.780711	0.291149	0.105449	0.0536573	97.9565	0.0999811	0.0294069	0.0174179
2125.85	0.00833333	0.950137	0.426933	0.0453787	0.428431	0.294417	0.056348	0.7014	0.883891	0.259133	0.326254	0.970885	0.4131	0.0209999	0.512042	0.241589	0.0137217	98.3445	0.0999264	0.0298659	0.00835785
2125.86	0.00833333	0.945973	0.772421	0.79143	0.566068	0.447573	0.355465	0.437766	0.658718	0.10731	0.0137205	0.186744	0.365363	0.221018	0.0113379	0.0661807	0.0540097	98.4668	0.0998296	0.029919	0.000460471
2125.86	0.00833333	0.949859	0.0284453	0.506932	0.654579	0.5758	0.190911	0.152569	0.316271	0.131979	0.00404086	0.557799	0.396913	0.0428587	0.178926	0.0475796	0.172692	98.4563	0.0999285	0.0298571	0.0107607
2125.88	0.00833333	0.948735	0.627824	0.914255	0.316289	0.095896	0.0294355	0.187355	0.670747	0.386059	0.0327074	0.324796	0.334333	0.0134763	0.685196	0.162415	0.119314	98.1126	0.099997	0.0299059	0.0086289
2125.88	0.00833333	0.95086	0.59749	0.419331	0.761417	0.446929	0.112881	0.590804	0.469421	0.413158	0.186045	0.158011	0.617944	0.220263	0.582014	0.106109	0.0124677	98.0816	0.0999199	0.0297759	0.0129094
2125.9	0.00833333	0.943892	0.735283	0.0664616	0.45989	0.173354	0.179807	0.693075	0.799178	0.219568	0.298493	0.592837	0.538209	0.432398	0.287206	0.049772	0.0563979	98.6876	0.099973	0.029775	0.000655225
2125.9	0.00833333	0.94728	0.358503	0.250974	0.701185	0.678393	0.0375089	0.734999	0.812345	0.361319	0.0424716	0.33051	0.814872	0.432607	0.110122	0.0656549	0.0404173	99.2822	0.0998448	0.0298039	0.00600387
2125.92	0.00833333	0.942673	0.813946	0.37604	0.485265	0.163212	0.516003	0.569117	0.401479	0.127452	0.0810729	0.264687	0.0966913	0.287583	0.949121	0.00638985	0.0786319	99.1463	0.0998786	0.0298957	0.000597859
2125.93	0.00833333	0.955194	0.354894	0.540011	0.474148	0.453155	0.0480181	0.145446	0.361828	0.515204	0.0470935	0.470635	0.644255	0.729451	0.416074	0.00300994	0.0265816	98.239	0.099933	0.0296618	0.0106138
2125.94	0.00833333	0.947799	0.756017	0.453586	0.931709	0.42314	0.00398729	0.0439917	0.362822	0.641236	0.143588	0.656514	0.123643	0.10871	0.0515212	0.161048	0.110769	99.2281	0.099987	0.0296875	0.0116949
2125.94	0.00833333	0.947979	0.604986	0.414585	0.761265	0.612072	0.0149635	0.349156	0.123848	0.688024	0.253103	0.965797	0.274156	0.67283	0.548952	0.0678274	0.0625977	99.3232	0.0999215	0.0298002	0.00924325
2125.95	0.00833333	0.952367	0.412306	0.187721	0.845362	0.223202	0.35177	0.0508066	0.620805	0.0831477	0.250298	0.690644	0.665478	0.53787	0.157708	0.114553	0.0391172	97.5861	0.0999933	0.0296294	0.0145158
2125.97	0.00833333	0.952513	0.972904	0.493584	0.661539	0.403432	0.115873	0.254376	0.903809	0.129376	0.174641	0.162335	0.6597	0.600048	0.523431	0.17134	0.00405855	97.9894	0.0999433	0.0297009	0.0144551
2125.99	0.00833333	0.946424	0.548115	0.179655	0.234905	0.143775	0.344242	0.433118	0.708392	0.226226	0.0247423	0.301628	0.0803772	0.77545	0.0681835	0.0206002	0.0338018	99.2674	0.0999166	0.0299002	0.00814082
2125.99	0.00833333	0.942391	0.499044	0.320851	0.461555	0.5543	0.00715481	0.918235	0.442483	0.733739	0.0194315	0.20932	0.972348	0.214476	0.715872	0.0798471	0.0286448	98.6471	0.0999188	0.0298889	0.00480816
2125.99	0.00833333	0.948547	0.765302	0.525415	0.816473	0.34175	0.230224	0.687215	0.969839	0.0733052	0.161678	0.414693	0.049651	0.92167	0.0526112	0.0933504	0.0418774	98.9213	0.0998189	0.0297608	0.0106462
2126	0.00833333	0.948162	0.625749	0.363087	0.392151	0.0490193	0.0450374	0.677275	0.691396	0.17726	0.230685	0.625939	0.717774	0.815429	0.237054	0.102434	0.0839548	99.089	0.0999368	0.0297684	0.00706797
2126.02	0.00833333	0.954565	0.855766	0.357651	0.760056	0.312404	0.154026	0.201208	0.883806	0.0324969	0.142273	0.404509	0.893439	0.27703	0.132579	0.0625458	0.00489554	98.2423	0.09974	0.0296153	0.0112
2126.04	0.00833333	0.949574	0.452814	0.836815	0.722092	0.905957	0.131787	0.867324	0.198018	0.207421	0.0538049	0.828592	0.200848	0.671181	0.39617	0.0319258	0.0382713	98.6919	0.0998127	0.0296101	0.0142412
2126.07	0.00833333	0.946467	0.540898	0.238364	0.358398	0.356309	0.0403928	0.707997	0.522109	0.0853125	0.0193125	0.944837	0.301052	0.689418	0.398679	0.0886326	0.0501985	98.1824	0.0999837	0.0298841	0.00343509
2126.07	0.00833333	0.944018	0.761657	0.334073	0.2275	0.0206625	0.18799	0.528166	0.943458	0.786849	0.0958331	0.767471	0.900322	0.538399	0.334798	0.096814	0.0457122	98.8367	0.0998804	0.02991	0.00761001
2126.09	0.00833333	0.944294	0.108799	0.904456	0.550001	0.768266	0.256093	0.676952	0.592931	0.321233	0.0677454	0.277451	0.469001	0.470769	0.779323	0.0541674	0.110437	99.3648	0.0998745	0.0298505	0.00726089
2126.1	0.00833333	0.946774	0.45418	0.871785	0.846483	0.774729	0.280768	0.0979362	0.507907	0.313281	0.0419356	0.196783	0.467659	0.313434	0.379929	0.0936525	0.0493845	97.8052	0.0998908	0.0299311	0.00383951
2126.1	0.00833333	0.9486	0.579966	0.567681	0.669452	0.0984501	0.228599	0.155547	0.314619	0.182974	0.0494914	0.303468	0.30122	0.885544	0.00162487	0.0126797	0.126707	99.18	0.099843	0.0296618	0.00919102
2126.1	0.00833333	0.944947	0.188487	0.480891	0.464876	0.211678	0.21644	0.544909	0.62335	0.535795	0.318031	0.905825	0.37674	0.591165	0.202754	0.0948949	0.0917315	98.6045	0.0999353	0.0298649	0.00764936
2126.14	0.00833333	0.94743	0.364503	0.81268	0.428079	0.709139	0.30901	0.200189	0.490045	0.203763	0.0883866	0.192772	0.765209	0.196776	0.272468	0.0112364	0.129502	99.0687	0.0998515	0.0297584	0.00973837
2126.16	0.00833333	0.946051	0.722082	0.774886	0.3337	0.138416	0.0987883	0.00536945	0.0456363	0.0804173	0.395291	0.481952	0.497673	0.515876	0.763445	0.0353455	0.0121834	99.4079	0.0996823	0.0297665	0.0042948
2126.16	0.00833333	0.949068	0.200856	0.303468	0.3789	0.365384	0.31722	0.585199	0.724147	0.886149	0.228384	0.16905	0.672824	0.148645	0.240313	0.0262133	0.0694657	98.7941	0.0997983	0.0296591	0.0107825
2126.16	0.00833333	0.949754	0.553732	0.707437	0.00598791	0.119915	0.238262	0.772036	0.317374	0.382001	0.138716	0.847263	0.267745	0.803437	0.370526	0.130414	0.0144564	98.6875	0.0997488	0.0296269	0.0113113
2126.17	0.00833333	0.948771	0.273667	0.312824	0.204875	0.108407	0.0203456	0.26071	0.953214	0.760988	0.130566	0.476553	0.718894	0.095295	0.718665	0.223999	0.007065	98.5353	0.0999765	0.0293301	0.0178109
2126.17	0.00833333	0.944092	0.789114	0.2027	0.50549	0.970623	0.0083818	0.705694	0.617584	0.251976	0.0214038	0.883821	0.84455	0.315747	0.365703	0.235183	0.134923	98.5232	0.0999912	0.0298961	0.00871627
2126.19	0.00833333	0.949081	0.340131	0.272325	0.614002	0.825213	0.0361579	0.263056	0.344369	0.087089	0.0859286	0.991253	0.278763	0.603893	0.0888393	0.0745244	0.00843887	98.2683	0.0998059	0.0298935	0.000386888
2126.2	0.00833333	0.941993	0.463268	0.436449	0.843912	0.931239	0.270765	0.575925	0.502786	0.114262	0.174523	0.0132271	0.783788	0.0968957	0.010149	0.0787708	0.0533331	99.2976	0.0999583	0.0299495	0.00673162
2126.2	0.00833333	0.947838	0.531166	0.606158	0.811404	0.332626	0.301123	0.184606	0.837446	0.435405	0.0672424	0.201807	0.798406	0.548939	0.558042	0.017712	0.217883	98.2531	0.0999852	0.0298859	0.00404404
2126.2	0.00833333	0.951983	0.0267236	0.694578	0.0115857	0.580826	0.330345	0.993524	0.301763	0.567863	0.201748	0.855113	0.766451	0.243009	0.354918	0.0315283	0.0412974	98.0796	0.0999568	0.0298192	0.00903547
2126.21	0.00833333	0.947901	0.954365	0.221479	0.220411	0.677824	0.516433	0.711874	0.0729366	0.0490152	0.0220587	0.358926	0.520991	0.222714	0.753374	0.180115	0.0264648	98.8158	0.0998473	0.0296935	0.0134118
2126.21	0.00833333	0.945037	0.841143	0.158601	0.797052	0.588618	0.604082	0.886464	0.0442256	0.829287	0.0176203	0.372749	0.0541519	0.049741	0.275798	0.0440556	0.0889343	98.7577	0.0999119	0.0298221	0.0112771
2126.22	0.00833333	0.942523	0.788548	0.453619	0.100783	0.586279	0.254775	0.0534941	0.430088	0.222201	0.283482	0.493512	0.468922	0.118697	0.564152	0.002854	0.038813	99.0966	0.0997795	0.0298259	0.00131025
2126.23	0.00833333	0.951733	0.875096	0.377697	0.717632	0.261678	0.142825	0.848055	0.736898	0.0371083	0.107399	0.419238	0.278258	0.283124	0.015291	0.0934886	0.133271	98.2246	0.0997394	0.0297664	0.0104358
2126.23	0.00833333	0.947441	0.182687	0.658052	0.339318	0.771817	0.025173	0.239387	0.333459	0.244969	0.0718494	0.724754	0.672675	0.143976	0.474344	0.0647573	0.156868	98.452	0.0999608	0.0299017	0.00714444
2126.24	0.00833333	0.948682	0.394459	0.0562811	0.668036	0.683178	0.258759	0.0685238	0.470346	0.130818	0.093183	0.381233	0.964281	0.228633	0.149406	0.096849	0.0880724	99.1617	0.0999186	0.0297616	0.012264
2126.24	0.00833333	0.947476	0.453489	0.125562	0.681068	0.449683	0.247066	0.788158	0.0420711	0.402458	0.10523	0.962832	0.531488	0.154655	0.0182898	0.108969	0.0400703	98.0657	0.0998795	0.0299266	0.00221705
2126.24	0.00833333	0.95373	0.852952	0.54904	0.623426	0.136563	0.0162487	0.557596	0.906374	0.0705779	0.0577162	0.522491	0.754355	0.583733	0.50189	0.0982673	0.123795	97.8896	0.0997968	0.0296254	0.0134629
2126.25	0.00833333	0.950853	0.66065	0.232663	0.49762	0.0119723	0.598355	0.297273	0.926149	0.524847	0.0548806	0.681097	0.165517	0.308807	0.573116	0.195921	0.029108	98.0043	0.0999488	0.0298128	0.0124936
2126.25	0.00833333	0.951775	0.534731	0.0344437	0.677756	0.297043	0.02172	0.721113	0.108875	0.525854	0.0247421	0.915035	0.575728	0.224602	0.153629	0.127968	0.0750042	98.8195	0.0996107	0.0296241	0.0112282
2126.26	0.00833333	0.954501	0.654588	0.0629862	0.650317	0.708184	0.274973	0.298095	0.531185	0.375648	0.0842356	0.573446	0.331801	0.305857	0.964491	0.0204783	0.142618	98.0634	0.0999372	0.0295482	0.0141263
2126.26	0.00833333	0.951039	0.192383	0.113821	0.7785	0.799963	0.0989481	0.116053	0.355306	0.442847	0.284943	0.768508	0.346643	0.164742	0.027065	0.0393962	0.052656	99.3552	0.0998201	0.0294017	0.0154806
2126.27	0.00833333	0.948973	0.0594727	0.456821	0.454582	0.715742	0.169512	0.566154	0.670685	0.200466	0.169742	0.609746	0.389419	0.444045	0.578627	0.0934038	0.0645924	98.4363	0.0999124	0.0299332	0.00606591
2126.27	0.00833333	0.947646	0.407478	0.00459223	0.0992734	0.716285	0.390495	0.927701	0.337232	0.332134	0.0265995	0.48288	0.313824	0.222002	0.0783659	0.318767	0.130801	99.2152	0.0998182	0.0297178	0.0120732
2126.28	0.00833333	0.946833	0.124967	0.617897	0.492628	0.767269	0.903448	0.242385	0.983391	0.224738	0.118154	0.101584	0.431106	0.434324	0.156654	0.0359939	0.0547442	97.8749	0.0999135	0.0299661	0.00356633
2126.28	0.00833333	0.945581	0.508384	0.116043	0.839339	0.0564812	0.072516	0.619738	0.525819	0.533196	0.0622828	0.896674	0.919327	0.438666	0.644508	0.139277	0.0490183	98.742	0.0997801	0.0298278	0.00398608
2126.28	0.00833333	0.952258	0.859001	0.236339	0.137632	0.695383	0.0960259	0.219631	0.372417	0.0783153	0.00212751	0.640152	0.21849	0.44101	0.573594	0.065028	0.0100721	99.3587	0.0995543	0.0293858	0.0153682
2126.28	0.00833333	0.948149	0.301192	0.246938	0.307303	0.197973	0.144009	0.199309	0.691475	0.638629	0.221746	0.99752	0.611845	0.141422	0.265574	0.157008	0.102473	99.1276	0.0998049	0.0297074	0.0120588
2126.29	0.00833333	0.950252	0.486439	0.349581	0.367549	0.493663	0.182832	0.216832	0.19657	0.2933	0.244016	0.158968	0.87796	0.155513	0.420496	0.0948405	0.0610378	98.745	0.0998243	0.0292948	0.0183708
2126.29	0.00833333	0.940671	0.498554	0.177619	0.0183431	0.190669	0.639403	0.429008	0.86451	0.47777	0.296166	0.730708	0.310106	0.803781	0.678482	0.00210319	0.0743931	99.1728	0.0999232	0.0299075	0.000139997
2126.29	0.00833333	0.949335	0.795711	0.404535	0.282994	0.691625	0.228321	0.166605	0.236692	0.157591	0.225752	0.758933	0.526819	0.148856	0.320169	0.0491752	0.213279	97.6784	0.0999414	0.0298614	0.00442783
2126.3	0.00833333	0.949321	0.843702	0.762608	0.471428	0.209862	0.104485	0.160981	0.22148	0.0302504	0.0208715	0.219316	0.347918	0.136089	0.673659	0.0581628	0.118577	99.2182	0.0998218	0.0297204	0.0117988
2126.31	0.00833333	0.943582	0.358243	0.387163	0.35573	0.0833561	0.384172	0.781872	0.107074	0.328674	0.145327	0.613413	0.208424	0.385981	0.0784916	0.00777476	0.0505305	98.8168	0.0998866	0.0297684	0.00220999
2126.31	0.00833333	0.953999	0.321368	0.153758	0.523611	0.46306	0.228054	0.432678	0.568574	0.358964	0.0153818	0.507878	0.527158	0.078818	0.68242	0.0132811	0.092074	98.1019	0.0998242	0.0295386	0.0142792
2126.31	0.00833333	0.949261	0.954099	0.0883792	0.456151	0.29859	0.13828	0.424401	0.960463	0.208071	0.107611	0.268895	0.284738	0.157242	0.675781	0.139198	0.127782	99.011	0.0997097	0.0295741	0.0135203
2126.31	0.00833333	0.941732	0.042007	0.528279	0.758066	0.931146	0.1712	0.40641	0.616153	0.668639	0.105931	0.955961	0.194885	0.401274	0.150036	0.158882	0.0261657	99.0747	0.0998923	0.0299257	0.00239147
2126.32	0.00833333	0.950517	0.667498	0.131221	0.291515	0.252164	0.0938549	0.989513	0.903109	0.698408	0.188861	0.0608613	0.450817	0.641124	0.71031	0.0903874	0.108442	98.9385	0.0997894	0.0295512	0.0135047
2126.33	0.00833333	0.944956	0.00755689	0.764766	0.631485	0.614672	0.238994	0.246378	0.212179	0.709028	0.0910977	0.344689	0.213697	0.153237	0.455034	0.182562	0.0834298	99.3027	0.0999537	0.0297805	0.00689258
2126.33	0.00833333	0.94084	0.610068	0.858648	0.313759	0.483828	0.382799	0.838912	0.685736	0.0027371	0.0322335	0.496121	0.366752	0.120221	0.715057	0.025184	0.208514	98.6087	0.0998367	0.0299315	0.00136838
2126.33	0.00833333	0.949191	0.749077	0.811093	0.883991	0.283423	0.330014	0.748653	0.651875	0.234265	0.134552	0.333162	0.593146	0.0669189	0.213316	0.0789818	0.0720416	97.5434	0.0998714	0.0298766	0.00979469
2126.34	0.00833333	0.949197	0.640618	0.247551	0.251483	0.695696	0.309714	0.506704	0.679767	0.311609	0.0356074	0.330732	0.639161	0.865815	0.275455	0.087048	0.0212181	99.2155	0.099826	0.0296935	0.0129918
2126.35	0.00833333	0.9552	0.58078	0.857697	0.791605	0.323516	0.459892	0.38369	0.539365	0.610169	0.0658426	0.786607	0.838239	0.506905	0.320032	0.0347928	0.0947631	98.3689	0.0999488	0.0291156	0.0194688
2126.35	0.00833333	0.956281	0.615182	0.147704	0.994294	0.684418	0.0481269	0.277581	0.572794	0.67285	0.00273744	0.455646	0.313059	0.0880857	0.537251	0.0532698	0.0905463	98.4695	0.0997598	0.0291979	0.0185496
2126.35	0.00833333	0.950253	0.352696	0.847866	0.0750996	0.442232	0.278128	0.0379122	0.621305	0.00625759	0.0566179	0.102662	0.958738	0.0724615	0.327963	0.0320064	0.0818844	99.2702	0.099937	0.0296447	0.0133686
2126.36	0.00833333	0.94458	0.897228	0.567313	0.162775	0.173251	0.874723	0.086478	0.182106	0.249927	0.0613129	0.0636248	0.420983	0.706487	0.36873	0.13632	0.0781559	99.0708	0.0999181	0.0298425	0.00504731
2126.36	0.00833333	0.946642	0.884788	0.0547756	0.652619	0.268665	0.155431	0.698751	0.864009	0.249623	0.152066	0.0852513	0.899521	0.720193	0.43105	0.0309839	0.0206596	98.3959	0.0998077	0.0299018	0.00216929
2126.36	0.00833333	0.949202	0.273166	0.718798	0.754975	0.797544	0.112262	0.137249	0.856692	0.611243	0.224518	0.702074	0.701598	0.82148	0.111729	0.0678364	0.0312004	98.9034	0.0996962	0.0296802	0.0106131
2126.36	0.00833333	0.945644	0.199835	0.496212	0.509386	0.413129	0.0998641	0.777381	0.965257	0.638369	0.126164	0.77313	0.651985	0.176083	0.239369	0.137321	0.0592546	99.2134	0.0998064	0.0298914	0.00770486
2126.37	0.00833333	0.94218	0.977102	0.849454	0.485196	0.42311	0.48923	0.0972656	0.332471	0.384739	0.0232441	0.165512	0.699591	0.128686	0.0237368	0.00455789	0.0692713	98.6229	0.0998754	0.0298215	0.00232193
2126.37	0.00833333	0.948329	0.331814	0.818802	0.575864	0.228657	0.208932	0.55369	0.404239	0.410392	0.203693	0.4932	0.365985	0.269391	0.119388	0.246807	0.0663221	99.2039	0.099845	0.0296985	0.00858001
2126.38	0.00833333	0.949653	0.105444	0.479604	0.535674	0.772455	0.285893	0.531246	0.378269	0.0205996	0.0908087	0.884654	0.290084	0.269964	0.777832	0.149011	0.0842944	98.7293	0.0999499	0.0295705	0.0151951
2126.38	0.00833333	0.944968	0.929137	0.689121	0.876413	0.469249	0.268039	0.188575	0.195693	0.311713	0.13672	0.393145	0.769281	0.332877	0.519392	0.101233	0.0854058	98.8605	0.0997518	0.0299091	0.0063196
2126.39	0.00833333	0.951645	0.800985	0.680274	0.947057	0.585484	0.342436	0.293712	0.990457	0.047904	0.0992538	0.18173	0.31442	0.529737	0.00196718	0.0133848	0.10906	97.7434	0.099766	0.0297157	0.00793542
2126.39	0.00833333	0.955204	0.0658726	0.191272	0.940934	0.804515	0.37184	0.115324	0.504676	0.168601	0.0202849	0.335243	0.191067	0.110835	0.0343707	0.0954072	0.0338138	97.1478	0.0999888	0.0298274	0.00842466
2126.39	0.00833333	0.946758	0.628213	0.0175197	0.362704	0.465819	0.202611	0.966189	0.657079	0.887073	0.261051	0.90279	0.288391	0.507194	0.154603	0.0256228	0.018067	99.2882	0.0998227	0.0297495	0.0100065
2126.4	0.00833333	0.946214	0.73593	0.819549	0.934246	0.460696	0.24539	0.770037	0.323629	0.00722635	0.0567115	0.768619	0.366935	0.213351	0.645656	0.0685735	0.0913391	98.7901	0.0998305	0.0297184	0.0108804
2126.41	0.00833333	0.949239	0.104083	0.0954194	0.747382	0.220271	0.233316	0.129476	0.727059	0.545197	0.196023	0.763065	0.293966	0.543105	0.467051	0.0977914	0.0932069	98.2967	0.0998518	0.0297936	0.00348071
2126.41	0.00833333	0.949541	0.0651329	0.649849	0.478719	0.843747	0.00738278	0.530095	0.250038	0.211342	0.0106168	0.462002	0.708087	0.112457	0.749784	0.0833247	0.0510907	98.1728	0.09993	0.0298877	0.0016258
2126.41	0.00833333	0.948434	0.512359	0.170662	0.537529	0.550015	0.477856	0.144745	0.0492849	0.551182	0.0916233	0.226086	0.754725	0.33981	0.264507	0.169456	0.0222808	99.2094	0.0999584	0.0294991	0.0151248
2126.42	0.00833333	0.94506	0.504977	0.0804862	0.256825	0.466825	0.0174359	0.582188	0.520885	0.847996	0.0829382	0.60948	0.881011	0.241369	0.477357	0.130167	0.0430808	98.5089	0.0999855	0.0298685	0.00987348
2126.42	0.00833333	0.944048	0.548351	0.254259	0.371508	0.428384	0.360887	0.189555	0.281001	0.817796	0.20165	0.986946	0.668825	0.0886148	0.10861	0.125261	0.0280666	98.7082	0.0999933	0.0298272	0.00235432
2126.42	0.00833333	0.944094	0.693935	0.577623	0.499846	0.258336	0.245532	0.304141	0.5965	0.322429	0.192116	0.935292	0.924629	0.0505343	0.107784	0.13185	0.0362292	98.5278	0.0998348	0.0299249	0.00794611
2126.43	0.00833333	0.950891	0.573316	0.450428	0.488287	0.489405	0.119419	0.751014	0.632332	0.689272	0.109617	0.410453	0.265943	0.142839	0.296939	0.0854981	0.0607936	98.8289	0.0998917	0.0291509	0.0190517
2126.43	0.00833333	0.953798	0.898891	0.482438	0.344911	0.92046	0.274342	0.521183	0.623037	0.177117	0.0261337	0.797306	0.949195	0.534161	0.11889	0.112272	0.151514	97.9776	0.0999938	0.0293118	0.0190138
2126.44	0.00833333	0.943651	0.276215	0.700493	0.712195	0.652247	0.184098	0.518114	0.991594	0.465586	0.0562745	0.588508	0.240873	0.289791	0.350394	0.103045	0.113442	99.3893	0.0999556	0.0298749	0.0013917
2126.44	0.00833333	0.951251	0.351393	0.00655672	0.637798	0.864176	0.268008	0.0432866	0.301179	0.317855	0.0319961	0.181891	0.681701	0.456711	0.414638	0.00847652	0.100568	98.3385	0.0998746	0.0297915	0.00930486
2126.44	0.00833333	0.949481	0.466898	0.848313	0.195956	0.35395	0.199321	0.20777	0.566354	0.967594	0.159653	0.241322	0.827721	0.951684	0.0289484	0.0227423	0.0465775	98.6618	0.0998462	0.0295025	0.0161506
2126.44	0.00833333	0.953949	0.649168	0.570517	0.0208798	0.598677	0.124744	0.702967	0.408636	0.35962	0.0925802	0.861098	0.00454536	0.769812	0.707589	0.101996	0.0154287	98.4219	0.0999	0.0296645	0.0122617
2126.44	0.00833333	0.951387	0.395823	0.630944	0.136874	0.691597	0.173235	0.133778	0.386655	0.0390094	0.252553	0.221719	0.440157	0.0252598	0.12479	0.0261454	0.0924069	98.4791	0.0998709	0.0296364	0.0149604
2126.45	0.00833333	0.944944	0.148934	0.502033	0.293853	0.270505	0.0577304	0.780944	0.139261	0.598032	0.113429	0.22211	0.543214	0.0686115	0.0821831	0.0792292	0.105992	98.9453	0.0998213	0.0297624	0.000205526
2126.45	0.00833333	0.947433	0.602489	0.494544	0.887189	0.082819	0.240679	0.713003	0.864365	0.687142	0.194685	0.329547	0.432815	0.534599	0.311043	0.127175	0.0691904	98.5694	0.0998714	0.0297698	0.0074563
2126.45	0.00833333	0.946766	0.595101	0.493443	0.0768527	0.771026	0.0118143	0.245572	0.666992	0.0136327	0.0776964	0.454361	0.722039	0.391112	0.947722	0.238935	0.0231919	99.4297	0.0998919	0.0297526	0.00743805
2126.46	0.00833333	0.950366	0.531139	0.546494	0.462674	0.61016	0.223607	0.932046	0.999787	0.684831	0.218192	0.528333	0.480343	0.22427	0.213485	0.0215405	0.0280183	99.3556	0.099639	0.0295298	0.0146071
2126.46	0.00833333	0.95138	0.756342	0.749447	0.127227	0.928918	0.00581807	0.218967	0.439533	0.468032	0.293159	0.572888	0.574658	0.451596	0.349073	0.0248956	0.137163	98.5845	0.0997753	0.0293073	0.0180046
2126.46	0.00833333	0.947742	0.62357	0.571774	0.833015	0.350969	0.271447	0.268934	0.948061	0.52851	0.106464	0.391612	0.763979	0.334572	0.093414	0.130604	0.0987171	98.8969	0.099816	0.0297007	0.00987207
2126.47	0.00833333	0.947459	0.652823	0.468213	0.105025	0.992837	0.0425039	0.821343	0.223679	0.0559565	0.176565	0.554641	0.494969	0.3712	0.133947	0.139963	0.0296821	98.5808	0.0998332	0.029707	0.0113121
2126.47	0.00833333	0.94684	0.421839	0.437347	0.269986	0.0789924	0.0193697	0.0117367	0.64493	0.311897	0.346407	0.102923	0.886023	0.505377	0.358559	0.0668877	0.0841837	99.3457	0.0998858	0.0297888	0.0124051
