distance	weight	r0	r1	r2	r3	r4	r5	r6	r7	r8	r9	r10	r11	r12	r13	r14	r15	tp	dr1	dr2	dr3
2124.45	0.00833333	0.94872	0.467021	0.0672193	0.120573	0.230657	0.0727041	0.163061	0.319518	0.119487	0.0270102	0.733278	0.818634	0.337472	0.19045	0.00215084	0.017708	98.4869	0.099958	0.0299141	0.0050886
2124.48	0.00833333	0.944253	0.396918	0.412244	0.70019	0.53793	0.0101868	0.502567	0.480799	0.406289	0.0439645	0.756772	0.104804	0.259858	0.195956	0.0163881	0.0117594	98.7737	0.0999029	0.0298798	0.00404025
2124.48	0.00833333	0.948147	0.24207	0.140132	0.960309	0.00663874	0.0284828	0.0277046	0.215491	0.235082	0.00346076	0.604001	0.409078	0.228691	0.264205	0.0213915	0.0209019	98.9611	0.0999378	0.0297825	0.00865542
2124.5	0.00833333	0.948583	0.539919	0.823135	0.310633	0.114446	0.0708961	0.32517	0.370517	0.116145	0.0395634	0.771445	0.857666	0.259438	0.0827659	0.0131305	0.0275099	98.1221	0.0999942	0.0298711	0.00412984
2124.52	0.00833333	0.947461	0.00759082	0.183591	0.704942	0.235943	0.0662165	0.679384	0.485931	0.179773	0.00108199	0.421098	0.307988	0.619309	0.0964356	0.0671927	0.00907826	98.4473	0.0999902	0.0299345	0.00372032
2124.53	0.00833333	0.945727	0.356286	0.0906455	0.491884	0.118676	0.0356214	0.656862	0.513831	0.233242	0.0648434	0.837127	0.433216	0.106018	0.0212958	0.0172524	0.0188507	98.7169	0.0999329	0.029822	0.00757976
2124.54	0.00833333	0.950352	0.198486	0.0551691	0.334734	0.164195	0.0176502	0.415516	0.387352	0.108805	0.0139916	0.416297	0.148924	0.528611	0.145608	0.0604706	0.0305152	99.009	0.0999398	0.0295334	0.0146685
2124.54	0.00833333	0.945906	0.280559	0.867437	0.458052	0.275966	0.00350536	0.80255	0.357258	0.0458979	0.0960211	0.392995	0.364511	0.317549	0.212762	0.0772438	0.0227214	98.9641	0.0999685	0.0298283	0.00913481
2124.54	0.00833333	0.946353	0.356573	0.129742	0.734906	0.209254	0.0697723	0.22964	0.340716	0.0573218	0.0701203	0.914513	0.371389	0.188219	0.253761	0.0466528	0.0259615	98.3019	0.0998745	0.0299224	0.000118461
2124.55	0.00833333	0.950601	0.872106	0.565841	0.812003	0.0477295	0.105704	0.668445	0.226879	0.293542	0.00512459	0.697174	0.236533	0.561159	0.311169	0.0276796	0.00847484	98.1899	0.0999838	0.0298652	0.00802604
2124.55	0.00833333	0.945817	0.663692	0.176668	0.220388	0.254488	0.138487	0.334884	0.940475	0.11313	0.0728996	0.702592	0.812043	0.332094	0.0890725	0.0292929	0.0434545	99.0368	0.0999817	0.0298306	0.009357
2124.56	0.00833333	0.949533	0.187292	0.198366	0.558293	0.625517	0.234115	0.777396	0.476073	0.16389	0.0217944	0.00293781	0.0833471	0.308785	0.0872299	0.0460901	0.0230837	98.3803	0.0999286	0.0298947	0.00571771
2124.58	0.00833333	0.948803	0.841242	0.428303	0.722863	0.00423336	0.0890671	0.654791	0.792997	0.219059	0.094319	0.533183	0.587149	0.185428	0.11924	0.0210138	0.0451357	99.0226	0.0998618	0.0296522	0.0126862
2124.58	0.00833333	0.951021	0.238996	0.142689	0.0293087	0.135983	0.0797021	0.4978	0.656515	0.278873	0.00341145	0.818689	0.581849	0.561536	0.0392639	0.00468241	0.0291126	98.2789	0.0999667	0.0298373	0.00979667
2124.59	0.00833333	0.949537	0.400716	0.107362	0.631247	0.179936	0.105142	0.437893	0.14471	0.0467304	0.0450615	0.999681	0.196399	0.188273	0.246375	0.0215579	0.0309028	97.8263	0.0999225	0.0298893	0.00595325
2124.63	0.00833333	0.948052	0.235851	0.0641228	0.549307	0.0879894	0.0589325	0.41036	0.32786	0.123556	0.025145	0.980883	0.625174	0.262291	0.519248	0.00874164	0.0117626	99.4115	0.0998761	0.0296712	0.0115498
2124.64	0.00833333	0.952506	0.877002	0.0701064	0.846347	0.0713539	0.0996425	0.196345	0.0119124	0.0565219	0.0986557	0.897445	0.538627	0.0638458	0.655211	0.0259939	0.0276581	98.4895	0.099923	0.0297809	0.0105306
2124.64	0.00833333	0.942214	0.109003	0.170317	0.54922	0.532007	0.0331736	0.318905	0.57871	0.17202	0.0770171	0.300985	0.120342	0.482124	0.34929	0.0487446	0.000744907	98.6873	0.0999416	0.0299103	0.00262971
2124.64	0.00833333	0.947663	0.275932	0.228754	0.132496	0.0415299	0.0519785	0.164109	0.106749	0.300987	0.0894582	0.657419	0.987394	0.0417786	0.368285	0.01381	0.0237444	97.9047	0.0999595	0.0298865	0.00303994
2124.66	0.00833333	0.942927	0.360692	0.341267	0.981747	0.747718	0.0681163	0.166991	0.544063	0.129524	0.0158649	0.289709	0.720822	0.387138	0.262524	0.00010933	0.000814883	98.6063	0.0999604	0.0298957	0.00297535
2124.66	0.00833333	0.948816	0.569724	0.0381115	0.489079	0.200752	0.174289	0.143209	0.62973	0.0498821	0.0839855	0.752939	0.319079	0.270905	0.269978	0.028148	0.0197765	98.6713	0.0999718	0.0297111	0.0121292
2124.66	0.00833333	0.946081	0.977485	0.585776	0.746902	0.105423	0.0647568	0.591271	0.241232	0.0963893	0.069791	0.575321	0.53244	0.370435	0.130634	0.025721	0.014199	99.051	0.0999561	0.0298303	0.00858623
2124.67	0.00833333	0.950024	0.571849	0.0343178	0.491988	0.308029	0.0781545	0.242679	0.504449	0.264749	0.0546907	0.756312	0.38463	0.372764	0.25187	0.00128706	0.0131083	98.4852	0.0998586	0.0298837	0.00747783
2124.67	0.00833333	0.945223	0.972221	0.120198	0.533743	0.463798	0.051953	0.62893	0.319897	0.176601	0.0927791	0.48151	0.0219561	0.830896	0.137283	0.00296462	0.0173831	98.7382	0.0999968	0.0298456	0.00907417
2124.67	0.00833333	0.946764	0.507814	0.316737	0.598894	0.147245	0.205483	0.371095	0.780225	0.162175	0.0499824	0.0324904	0.202488	0.503571	0.204542	0.0106445	0.0237806	99.1103	0.0999957	0.0298113	0.00812886
2124.67	0.00833333	0.949035	0.26393	0.357228	0.565645	0.254729	0.103006	0.429046	0.685226	0.183536	0.101765	0.230673	0.699871	0.0896101	0.0691022	0.0397754	0.0594011	98.6626	0.0999407	0.0295517	0.0152743
2124.67	0.00833333	0.94252	0.473987	0.221769	0.744252	0.102157	0.0323963	0.525808	0.821812	0.0349505	0.0870615	0.912847	0.414649	0.400726	0.0644487	0.0397673	0.0252791	99.343	0.09997	0.0298314	0.00162472
2124.67	0.00833333	0.947796	0.7216	0.199008	0.134886	0.584643	0.124424	0.476945	0.865037	0.0734581	0.0894154	0.801649	0.408049	0.0150063	0.104905	0.0618648	0.00676288	97.987	0.0999926	0.029927	0.00657993
2124.68	0.00833333	0.945153	0.0635528	0.343906	0.089346	0.118554	0.123409	0.303629	0.832816	0.300294	0.000644114	0.407397	0.883155	0.0252608	0.0371626	0.0989797	0.0379875	99.019	0.0999918	0.029814	0.00811669
2124.68	0.00833333	0.951918	0.373053	0.194021	0.670594	0.388424	0.00549853	0.450699	0.550811	0.193766	0.112915	0.340261	0.138419	0.337303	0.435917	0.0253412	0.0197477	98.4894	0.0999984	0.0296641	0.0132782
2124.68	0.00833333	0.951804	0.528032	0.660023	0.364533	0.0932286	0.0730701	0.128286	0.464173	0.420352	0.000156458	0.887403	0.458713	0.246398	0.165267	0.0839886	0.0192278	98.3619	0.0999212	0.0297933	0.0110056
2124.69	0.00833333	0.947774	0.746953	0.303398	0.202566	0.340529	0.0148408	0.400031	0.919077	0.207659	0.0630585	0.726213	0.16339	0.5546	0.244217	0.0221974	0.00375093	98.6388	0.0999966	0.0297471	0.0101728
2124.7	0.00833333	0.950041	0.278951	0.312783	0.0745459	0.0843109	0.0328638	0.338035	0.450677	0.194597	0.0111985	0.0550255	0.491382	0.405247	0.310858	0.0302007	0.0385637	97.8062	0.0999277	0.0298769	0.00418122
2124.7	0.00833333	0.946701	0.381581	0.100858	0.858215	0.0166558	0.046201	0.160476	0.880613	0.269462	0.0475635	0.430028	0.13497	0.494621	0.242505	0.0199577	0.0330851	98.4901	0.0999716	0.0298941	0.00175547
2124.71	0.00833333	0.950526	0.265876	0.168808	0.172015	0.135378	0.142179	0.0620648	0.0613807	0.268878	0.0383927	0.778813	0.810853	0.0621728	0.0107891	0.0111939	0.0197559	97.9878	0.0998972	0.0298308	0.00729477
2124.71	0.00833333	0.949517	0.88471	0.0283782	0.517815	0.169809	0.0478944	0.461288	0.320596	0.12113	0.0163554	0.481856	0.656733	0.523366	0.388829	0.000423554	0.00877823	98.3076	0.0999357	0.0298292	0.00609015
2124.71	0.00833333	0.943662	0.423752	0.0548946	0.110463	0.264793	0.123871	0.560315	0.443351	0.137186	0.0788599	0.613643	0.887243	0.00952434	0.228891	0.137405	0.00747828	98.5695	0.09994	0.0298574	0.00322075
2124.72	0.00833333	0.948849	0.129464	0.103148	0.541448	0.320261	0.153986	0.608486	0.883443	0.188163	0.0282567	0.0945474	0.100132	0.372783	0.00885607	0.0730879	0.0516006	98.6709	0.0998289	0.0297032	0.0110061
2124.72	0.00833333	0.95023	0.721571	0.22135	0.518404	0.137554	0.0461116	0.772335	0.372776	0.0940735	0.0832396	0.709349	0.0770153	0.142793	0.147003	0.0160835	0.00840084	98.1726	0.0999111	0.0298338	0.00720843
2124.73	0.00833333	0.948268	0.502478	0.496175	0.494664	0.0357097	0.0430327	0.759937	0.287684	0.0946472	0.0167668	0.546524	0.0509232	0.141703	0.052853	0.0156227	0.0179464	98.401	0.0999671	0.0298433	0.004892
2124.74	0.00833333	0.950575	0.218266	0.246654	0.535352	0.287875	0.0215086	0.671586	0.56745	0.159914	0.0312716	0.52271	0.00724991	0.286276	0.00968862	0.00963899	0.0145213	97.9559	0.099988	0.0298127	0.00951142
2124.74	0.00833333	0.951107	0.388953	0.421299	0.981279	0.298528	0.016844	0.00418466	0.261998	0.220101	0.0522266	0.460902	0.684181	0.216074	0.0492277	0.0407861	0.0150007	98.1695	0.0999327	0.0298129	0.0097343
2124.74	0.00833333	0.941338	0.883155	0.209887	0.117351	0.0189808	0.143977	0.564858	0.233913	0.301723	0.0587016	0.76146	0.0557934	0.26195	0.318044	0.0855477	0.0110567	98.5169	0.099943	0.029969	0.000806599
2124.74	0.00833333	0.946854	0.498813	0.0784064	0.0962434	0.158338	0.000710483	0.537724	0.379464	0.280497	0.0711196	0.918905	0.98995	0.364075	0.209199	0.118671	0.00380705	97.7313	0.0999859	0.0299382	0.00230123
2124.74	0.00833333	0.947872	0.332321	0.447706	0.183964	0.300918	0.080401	0.458122	0.637633	0.204928	0.117423	0.962283	0.273265	0.0335631	0.634457	0.0204698	0.00941934	98.6872	0.0999873	0.0296685	0.0139434
2124.75	0.00833333	0.95322	0.248449	0.221301	0.413535	0.453737	0.0174645	0.151514	0.469849	0.126195	0.135259	0.577049	0.213333	0.0813351	0.140171	0.00407129	0.00276178	97.5327	0.0998665	0.029726	0.0127533
2124.75	0.00833333	0.947304	0.791033	0.161616	0.824617	0.00845449	0.0298989	0.350817	0.526285	0.361215	0.0867914	0.760222	0.175618	0.158483	0.0431413	0.0373974	0.000116937	98.7819	0.099829	0.0297565	0.00795618
2124.75	0.00833333	0.947894	0.488787	0.263315	0.456129	0.513229	0.107672	0.288993	0.0416346	0.143443	0.144033	0.993536	0.233373	0.0255238	0.21625	0.0162713	0.0203674	99.2225	0.0997949	0.029739	0.00900124
2124.75	0.00833333	0.947006	0.915515	0.250507	0.732371	0.480238	0.0844211	0.705642	0.640977	0.146393	0.00215819	0.342573	0.452936	0.087639	0.29786	0.0126415	0.0615706	98.5313	0.0999967	0.0297728	0.00942379
2124.75	0.00833333	0.944738	0.201002	0.0826056	0.778566	0.135918	0.0989996	0.242223	0.213302	0.0866615	0.0248828	0.310065	0.158421	0.287788	0.862913	0.0183838	0.00180904	99.3437	0.0999407	0.0298362	0.00597438
2124.76	0.00833333	0.945448	0.20245	0.0610073	0.661933	0.790131	0.220748	0.541544	0.285218	0.182478	0.0444483	0.68873	0.46123	0.420728	0.0394264	0.0418706	0.00960529	98.7229	0.0999209	0.0298534	0.00703805
2124.76	0.00833333	0.950526	0.333522	0.186768	0.534202	0.443469	0.172371	0.81556	0.678542	0.176611	0.0201383	0.291011	0.228634	0.0313134	0.210269	0.0794999	0.011384	97.7815	0.0999592	0.029848	0.0094343
2124.76	0.00833333	0.94986	0.0545926	0.23589	0.759945	0.326796	0.036851	0.477759	0.00868332	0.145588	0.0669819	0.304888	0.641452	0.307189	0.00454506	0.0364743	0.0157232	98.0882	0.0999652	0.0298845	0.00412988
2124.76	0.00833333	0.944612	0.626752	0.0956311	0.2653	0.455331	0.179952	0.466628	0.361879	0.0252527	0.0739377	0.398596	0.28299	0.361771	0.0142065	0.0260852	0.00896171	98.8522	0.0999935	0.0298746	0.00587527
2124.77	0.00833333	0.954492	0.169663	0.187197	0.331495	0.0526315	0.0524807	0.314162	0.125929	0.0898686	0.106959	0.470081	0.482558	0.37875	0.101371	0.0160567	0.0464688	97.8606	0.0999345	0.0296449	0.0119819
2124.77	0.00833333	0.946248	0.586305	0.376675	0.598765	0.206998	0.104377	0.380217	0.81782	0.173701	0.0803781	0.475455	0.353314	0.283405	0.00648168	0.0492832	0.035523	98.5525	0.0999537	0.0298271	0.00799831
2124.77	0.00833333	0.945814	0.979423	0.115536	0.606914	0.188794	0.127117	0.0393551	0.332249	0.120795	0.0935608	0.514225	0.985662	0.260686	0.155002	0.0478236	0.0977637	98.959	0.0999343	0.0298255	0.00537626
2124.77	0.00833333	0.948224	0.0156672	0.245224	0.563137	0.285836	0.110532	0.932371	0.176009	0.42553	0.0784367	0.351361	0.264293	0.182945	0.152756	0.0121728	0.0107331	98.4713	0.0999291	0.0299127	0.00327948
2124.77	0.00833333	0.949971	0.1888	0.133302	0.3234	0.082472	0.112257	0.780845	0.349516	0.139114	0.158037	0.290342	0.443467	0.428808	0.214445	0.03178	0.0291145	97.8243	0.0999761	0.0298755	0.00649503
2124.77	0.00833333	0.943043	0.44631	0.144005	0.891251	0.84707	0.0928924	0.436283	0.0392274	0.140882	0.0568937	0.443745	0.658945	0.36652	0.0548898	0.0253356	0.0165684	99.1992	0.0999035	0.0298505	0.000931995
2124.77	0.00833333	0.949828	0.266805	0.0947952	0.235747	0.794737	0.0392949	0.277505	0.197613	0.173461	0.005013	0.716518	0.607208	0.213073	0.14711	0.00757247	0.0181057	97.9619	0.0999982	0.0298443	0.00680869
2124.78	0.00833333	0.947564	0.10266	0.595028	0.0430472	0.067857	0.11439	0.501941	0.887484	0.0846808	0.0156415	0.330094	0.14059	0.0396766	0.100772	0.0804878	0.00336295	97.66	0.0999439	0.0298834	0.0041198
2124.78	0.00833333	0.943973	0.897703	0.012311	0.626373	0.884082	0.115713	0.300556	0.721923	0.166954	0.0116534	0.183997	0.973639	0.348767	0.0749606	0.0287174	0.0139352	99.3686	0.0999597	0.0299196	0.00843214
2124.78	0.00833333	0.947657	0.308523	0.585037	0.313458	0.00248648	0.0631599	0.531419	0.795078	0.0741787	0.0067683	0.251229	0.291262	0.444764	0.0206782	0.0213505	0.0535102	99.0807	0.099908	0.0297142	0.0115013
2124.78	0.00833333	0.946784	0.269498	0.104794	0.329043	0.530921	0.0810414	0.269067	0.560883	0.280548	0.105977	0.504047	0.482527	0.436611	0.280051	0.00858433	0.0197327	99.1268	0.099959	0.0297881	0.00764328
2124.78	0.00833333	0.947813	0.67581	0.202762	0.212917	0.523672	0.096598	0.784871	0.291565	0.0517287	0.11029	0.446555	0.64335	0.223204	0.178388	0.0702585	0.0201325	98.8767	0.0999239	0.0297321	0.00915615
2124.79	0.00833333	0.945231	0.831971	0.101429	0.497905	0.39942	0.0955525	0.480768	0.528058	0.177065	0.0711719	0.539301	0.559822	0.718719	0.460979	0.0128045	0.00791956	98.6668	0.0999454	0.0297952	0.00282872
2124.79	0.00833333	0.950929	0.277908	0.0732238	0.445116	0.0734506	0.0593863	0.670474	0.231127	0.226771	0.0952233	0.500995	0.811961	0.638067	0.436734	0.00698411	0.0163559	97.7307	0.0999491	0.0298336	0.00780671
2124.79	0.00833333	0.949374	0.388807	0.297458	0.63113	0.487618	0.0445254	0.45804	0.589149	0.0342186	0.0514266	0.584786	0.226076	0.207045	0.0682184	0.0113139	0.0290719	97.588	0.0999502	0.0298558	0.00629453
2124.79	0.00833333	0.95448	0.624723	0.249323	0.444605	0.348942	0.09384	0.542921	0.014806	0.108396	0.0452339	0.656625	0.453584	0.408465	0.117463	0.0514762	0.0157433	98.1044	0.0999711	0.029654	0.0128387
2124.79	0.00833333	0.948246	0.565386	0.372879	0.750812	0.0657704	0.0295829	0.612008	0.684121	0.00637373	0.0233527	0.456884	0.638851	0.191794	0.000303462	0.060068	0.00871281	97.9794	0.09998	0.0298803	0.00220899
2124.79	0.00833333	0.948036	0.607193	0.0120818	0.113966	0.376671	0.030128	0.856143	0.584524	0.176302	0.0444593	0.307293	0.54016	0.26871	0.0693975	0.0193529	0.0285666	98.7347	0.0999637	0.0297495	0.0119476
2124.79	0.00833333	0.951593	0.57444	0.190668	0.218953	0.520794	0.0452603	0.108889	0.254992	0.125971	0.0834238	0.413536	0.010084	0.0638483	0.417755	0.0123336	0.0281027	98.0535	0.0998927	0.0297899	0.00943912
2124.79	0.00833333	0.953408	0.252155	0.161061	0.890344	0.218128	0.138228	0.286004	0.422702	0.0932511	0.0724415	0.584759	0.829322	0.318179	0.0781123	0.00494894	0.0350455	97.655	0.099948	0.0295746	0.0154083
2124.79	0.00833333	0.94414	0.123648	0.406142	0.912685	0.205978	0.0914526	0.818822	0.566053	0.165043	0.057516	0.577124	0.707659	0.520164	0.199513	0.0723601	0.0182769	98.6583	0.0999284	0.0298575	0.00468876
2124.79	0.00833333	0.949314	0.08366	0.234234	0.556267	0.170423	0.0826933	0.797505	0.662519	0.312357	0.0310315	0.119977	0.396762	0.374975	0.130379	0.072992	0.0130262	97.5526	0.0999811	0.0299049	0.00653523
2124.8	0.00833333	0.951291	0.871036	0.0927591	0.221974	0.248803	0.106285	0.463809	0.41923	0.0528734	0.0175312	0.978195	0.0498113	0.411852	0.0895577	0.0409813	0.0236711	98.4322	0.0999168	0.0298238	0.0102018
2124.8	0.00833333	0.947744	0.135486	0.265893	0.966937	0.346246	0.00629428	0.437934	0.693459	0.171864	0.0490722	0.605726	0.163254	0.226971	0.206201	0.0130939	0.0129813	98.0101	0.0999802	0.0299241	0.00395463
2124.8	0.00833333	0.945117	0.56755	0.194092	0.246894	0.363989	0.0327204	0.213684	0.503354	0.222349	0.0894525	0.587216	0.313636	0.207729	0.330973	0.0730496	0.04338	98.8767	0.0999569	0.0298581	0.00680526
2124.8	0.00833333	0.948685	0.581972	0.142036	0.551582	0.0237895	0.019979	0.436809	0.404585	0.134029	0.0797812	0.950923	0.781623	0.503083	0.184897	0.0658422	0.029257	99.3265	0.0998807	0.029635	0.0131061
2124.8	0.00833333	0.954164	0.0100643	0.10457	0.780679	0.254083	0.0311305	0.106238	0.606193	0.326276	0.0419173	0.372547	0.371641	0.349852	0.217098	0.0180452	0.0233046	97.8242	0.0999832	0.029654	0.0126432
2124.8	0.00833333	0.953304	0.738753	0.151574	0.65019	0.389442	0.10937	0.581974	0.428746	0.266328	0.00440773	0.44548	0.489572	0.148823	0.222424	0.042742	0.0196207	97.9807	0.0999845	0.029692	0.0136334
2124.8	0.00833333	0.947086	0.698812	0.480676	0.921184	0.486616	0.0297456	0.800163	0.278354	0.1112	0.00699567	0.48653	0.737077	0.653404	0.0366599	0.0243794	0.0225815	98.0644	0.0999449	0.0299265	0.00174697
2124.8	0.00833333	0.948762	0.818861	0.312587	0.108143	0.0412273	0.126903	0.771755	0.590394	0.33593	0.077914	0.803696	0.481702	0.0364138	0.174187	0.0172703	0.00894897	98.4889	0.0999934	0.0299015	0.00357535
2124.81	0.00833333	0.945944	0.487899	0.484091	0.161811	0.447632	0.097427	0.238984	0.408879	0.161184	0.0394056	0.741655	0.196289	0.0210551	0.134611	0.03131	0.0518055	99.1502	0.099907	0.0298374	0.00737118
2124.81	0.00833333	0.945428	0.164292	0.462508	0.0712501	0.140918	0.0728156	0.770913	0.0284095	0.224516	0.0555934	0.607876	0.322097	0.0327211	0.329383	0.00711567	0.0677747	99.216	0.0999071	0.0298495	0.00845184
2124.81	0.00833333	0.948014	0.830003	0.142933	0.363124	0.0232599	0.114565	0.577152	0.349947	0.413723	0.00252959	0.758456	0.692534	0.137386	0.317598	0.0634446	0.0256303	98.831	0.0999374	0.0296711	0.0128691
2124.81	0.00833333	0.944736	0.0393024	0.552498	0.509447	0.309865	0.130417	0.86411	0.731119	0.168675	0.0464667	0.618784	0.338657	0.0524464	0.384705	0.0678459	0.0405206	99.0445	0.099969	0.0298672	0.00776963
2124.81	0.00833333	0.945748	0.307581	0.155616	0.144347	0.32141	0.0836088	0.572645	0.0240759	0.232228	0.012733	0.643136	0.650354	0.486048	0.0492402	0.0685038	0.0225111	99.423	0.0999952	0.0298294	0.0091928
2124.82	0.00833333	0.946876	0.650915	0.216626	0.748036	0.451695	0.0842447	0.549711	0.943908	0.0873331	0.123409	0.729081	0.581516	0.557504	0.100962	0.0425743	0.0640592	98.8003	0.0999312	0.0297995	0.00723944
2124.82	0.00833333	0.947025	0.885577	0.0327685	0.284801	0.857681	0.118726	0.0387133	0.708754	0.106617	0.0598276	0.319259	0.519799	0.28645	0.274466	0.00417872	0.0590308	99.1924	0.0999453	0.0297946	0.00645625
2124.82	0.00833333	0.945523	0.259361	0.264078	0.404653	0.0538349	0.0416256	0.543331	0.359728	0.129459	0.0942949	0.846402	0.78987	0.519413	0.107945	0.0371287	0.0210141	98.8334	0.0998677	0.029857	0.00616909
2124.82	0.00833333	0.949846	0.764592	0.315084	0.562646	0.740664	0.0515857	0.651496	0.0747837	0.211175	0.0693329	0.653997	0.671078	0.269218	0.0919348	0.084879	0.013543	97.8938	0.0999314	0.0298484	0.00671759
2124.82	0.00833333	0.949148	0.433697	0.309724	0.377961	0.604382	0.174796	0.871816	0.312849	0.0667018	0.156853	0.346383	0.568744	0.00190492	0.052458	0.0407874	0.0196769	97.9456	0.0999984	0.0299153	0.00870491
2124.82	0.00833333	0.949339	0.680875	0.0141053	0.331076	0.0209828	0.127177	0.113595	0.343264	0.254395	0.0140093	0.31319	0.463096	0.276564	0.324963	0.0147431	0.0194847	98.2889	0.0998912	0.0299233	0.00485378
2124.82	0.00833333	0.945511	0.599212	0.142609	0.934949	0.328664	0.0433129	0.180729	0.277412	0.0934451	0.135808	0.646986	0.857944	0.622374	0.226684	0.00942368	0.0149206	98.8009	0.0998564	0.0298172	0.00606558
2124.82	0.00833333	0.948998	0.127992	0.408101	0.463361	0.108831	0.0880153	0.310722	0.373188	0.000935197	0.0182099	0.747622	0.184449	0.358225	0.0611518	0.0362432	0.0380299	98.0346	0.09996	0.0298616	0.0043155
2124.83	0.00833333	0.94863	0.434676	0.323532	0.175521	0.770195	0.120182	0.580168	0.906265	0.231283	0.0712431	0.719758	0.465207	0.0763785	0.271391	0.0379081	0.00309017	98.6429	0.0998162	0.0296974	0.0104613
2124.83	0.00833333	0.953913	0.732734	0.516487	0.0275415	0.0414566	0.0287335	0.482807	0.34707	0.32344	0.0942796	0.25357	0.27905	0.0966226	0.273947	0.00633516	0.0234237	98.062	0.0998925	0.0296962	0.0116783
2124.83	0.00833333	0.945575	0.0770867	0.750124	0.206331	0.388492	0.0743616	0.329695	0.200345	0.0139341	0.0210917	0.423244	0.912124	0.356997	0.0965771	0.0137216	0.0145062	98.7867	0.0999939	0.0297971	0.0059147
2124.83	0.00833333	0.949049	0.939914	0.86046	0.858288	0.18639	0.0122617	0.777765	0.647176	0.128563	0.0279412	0.933572	0.492294	0.163793	0.120817	0.01147	0.0317145	98.4386	0.0998513	0.0298538	0.00732431
2124.83	0.00833333	0.953249	0.387166	0.376671	0.284285	0.442278	0.181291	0.298585	0.726331	0.347176	0.0820298	0.336323	0.597459	0.0767379	0.179192	0.0182469	0.0410621	98.339	0.0999713	0.0296704	0.0136283
2124.83	0.00833333	0.946626	0.775398	0.132282	0.668595	0.149895	0.232239	0.541982	0.856671	0.0345583	0.0736806	0.459637	0.271624	0.255376	0.156569	0.0482103	0.0171842	98.7956	0.09995	0.0298386	0.00843452
2124.83	0.00833333	0.953	0.258871	0.220831	0.128291	0.316452	0.00100236	0.783797	0.822887	0.082828	0.103522	0.573988	0.080267	0.63844	0.168848	0.00957307	0.0038663	97.7644	0.0999945	0.0297486	0.0124443
2124.84	0.00833333	0.949422	0.185496	0.568158	0.440309	0.0948541	0.090768	0.115931	0.680944	0.194252	0.0286661	0.157892	0.652436	0.31033	0.220752	0.022182	0.0329979	97.6188	0.0999828	0.0298959	0.00752767
2124.84	0.00833333	0.949589	0.497688	0.320662	0.568552	0.600778	0.0975524	0.975955	0.667517	0.039566	0.00661572	0.595449	0.188116	0.197317	0.217469	0.0597101	0.00691105	97.9961	0.0999795	0.0298765	0.00739796
2124.84	0.00833333	0.948421	0.134663	0.0853345	0.394725	0.507817	0.120654	0.859237	0.179388	0.00676744	0.128244	0.474046	0.657611	0.0714579	0.12577	0.0486113	0.0198324	97.9	0.0999653	0.0298629	0.00201481
2124.84	0.00833333	0.951105	0.87475	0.210073	0.445747	0.439855	0.0269385	0.713482	0.636649	0.131793	0.0668728	0.500661	0.424869	0.110483	0.0596047	0.00018342	0.00335904	97.788	0.0998397	0.0298317	0.00600373
2124.84	0.00833333	0.952218	0.46888	0.15258	0.529548	0.194861	0.0122844	0.816395	0.308559	0.0295571	0.0663903	0.57425	0.344456	0.0251539	0.268314	0.0624536	0.0189924	98.4024	0.0999638	0.0297556	0.0101146
2124.84	0.00833333	0.941797	0.657726	0.0214738	0.757653	0.150097	0.0332256	0.343382	0.317625	0.354417	0.0145713	0.835889	0.828438	0.446833	0.175964	0.05609	0.00290277	99.1868	0.0999172	0.0298492	0.00127869
2124.84	0.00833333	0.944928	0.216324	0.431766	0.655733	0.429898	0.0512497	0.215109	0.180216	0.144232	0.100454	0.798857	0.590985	0.292853	0.344979	0.014711	0.0317199	98.8304	0.0999234	0.0298822	0.00819678
2124.84	0.00833333	0.946265	0.282395	0.21821	0.123129	0.522079	0.158234	0.326873	0.122521	0.176454	0.0525331	0.719605	0.498635	0.486212	0.133512	0.104338	0.0118762	98.7802	0.0998977	0.0298133	0.0106859
2124.84	0.00833333	0.951152	0.53485	0.4404	0.358769	0.0567897	0.138486	0.631231	0.901945	0.102227	0.0199406	0.992332	0.0175281	0.486223	0.243681	0.0213986	0.0586703	97.9902	0.0999664	0.0297768	0.00868748
2124.84	0.00833333	0.946788	0.50224	0.181809	0.186692	0.0477345	0.273882	0.653973	0.803793	0.172851	0.110765	0.0941878	0.367954	0.0625564	0.126629	0.0815626	0.0278889	98.6506	0.0999143	0.0297667	0.0120055
2124.84	0.00833333	0.947426	0.532286	0.128564	0.711454	0.0876613	0.0964986	0.306521	0.171069	0.030218	0.0798	0.877414	0.864604	0.536892	0.27186	0.0658701	0.022166	99.0841	0.0998573	0.0297385	0.00991528
2124.85	0.00833333	0.948209	0.5237	0.855691	0.451778	0.295254	0.0702065	0.40517	0.581134	0.156231	0.0405981	0.391053	0.957103	0.279494	0.0217924	0.0157195	0.0223334	99.3089	0.0999545	0.0296543	0.0139303
2124.85	0.00833333	0.953308	0.53127	0.191567	0.566929	0.0276148	0.0855884	0.151795	0.619467	0.0853697	0.0366662	0.268651	0.553847	0.395645	0.0521273	0.0329062	0.00970102	98.3486	0.0999453	0.0295477	0.0159932
2124.85	0.00833333	0.949468	0.645428	0.324921	0.193823	0.0121999	0.063477	0.623411	0.947291	0.166766	0.0161525	0.689328	0.115669	0.519021	0.0220108	0.00329439	0.0221781	99.4231	0.0999874	0.0295653	0.0140586
2124.85	0.00833333	0.945747	0.09705	0.511181	0.0204539	0.126609	0.104454	0.517539	0.780807	0.0166091	0.0173862	0.66237	0.433039	0.490722	0.108937	0.055952	0.0230479	98.633	0.0998847	0.0298372	0.00880176
2124.85	0.00833333	0.948659	0.846496	0.146515	0.652874	0.434664	0.120287	0.840475	0.169683	0.135627	0.0503952	0.535965	0.287755	0.270707	0.115534	0.11781	0.0343465	97.9533	0.0999485	0.0298761	0.00504779
