distance	weight	r0	r1	r2	r3	r4	r5	r6	r7	r8	r9	r10	r11	r12	r13	r14	r15	tp	dr1	dr2	dr3
2134.61	0.00833333	0.95464	0.346272	0.532603	0.532045	0.0635578	0.726717	0.625893	0.496448	0.327955	0.702396	0.234748	0.601287	0.374264	0.237829	0.49696	0.388232	99.0804	0.0999516	0.0293153	0.0167626
2139.32	0.00833333	0.928173	0.46958	0.229952	0.602395	0.328288	0.638699	0.167807	0.789262	0.0352025	0.0396889	0.968883	0.745826	0.824614	0.793848	0.929191	0.4661	103.416	0.0997491	0.0212679	0.0422288
2142.57	0.00833333	0.968665	0.450889	0.776416	0.0761913	0.287241	0.498505	0.652016	0.315098	0.433271	0.24635	0.775137	0.910268	0.114101	0.294859	0.0180332	0.613436	102.935	0.0962822	0.0238118	0.0342276
2143.01	0.00833333	0.901442	0.405961	0.694015	0.81688	0.779612	0.443523	0.0387176	0.277651	0.222258	0.259051	0.774628	0.226943	0.434199	0.529205	0.260965	0.220083	100.231	0.0996839	0.00309118	0.0495811
2143.08	0.00833333	0.961908	0.341762	0.152269	0.707839	0.419328	0.642587	0.497794	0.94239	0.359329	0.0121936	0.80545	0.357227	0.508422	0.882276	0.643698	0.158105	99.9703	0.0985013	0.0277773	0.0228394
2144.94	0.00833333	0.95902	0.218605	0.316451	0.580541	0.529564	0.783709	0.734774	0.580998	0.94065	0.0810666	0.244207	0.390393	0.818194	0.428659	0.582096	0.661067	100.99	0.0965984	0.0226361	0.0386563
2145.01	0.00833333	0.944933	0.506027	0.586157	0.676199	0.376941	0.344701	0.398376	0.839764	0.0726702	0.0680028	0.442119	0.103425	0.129208	0.353122	0.0284024	0.0817645	97.2997	0.0977631	0.00530026	0.0485967
2145.09	0.00833333	0.943505	0.569631	0.17591	0.117002	0.212568	0.253477	0.504932	0.890894	0.590115	0.1884	0.783516	0.168144	0.430846	0.946741	0.760727	0.645696	97.5239	0.0970703	0.00512281	0.0478309
2146.03	0.00833333	0.943796	0.0803562	0.209368	0.929625	0.524846	0.238089	0.582227	0.703806	0.535062	0.110379	0.868034	0.746145	0.721018	0.387932	0.547175	0.247324	104.236	0.0972409	0.0223014	0.0385337
2146.19	0.00833333	0.9687	0.119492	0.759389	0.608081	0.810107	0.0316988	0.76579	0.327321	0.587558	0.550452	0.138901	0.918375	0.430828	0.557155	0.322497	0.683821	97.7911	0.0983216	0.028889	0.00689672
2147.65	0.00833333	0.983272	0.31181	0.947072	0.561651	0.648925	0.106542	0.985095	0.789841	0.680511	0.453784	0.98945	0.489971	0.354912	0.479811	0.223015	0.335516	101.638	0.0945195	0.0280063	0.00420296
2147.67	0.00833333	0.959015	0.200553	0.283366	0.331785	0.320824	0.474574	0.329156	0.0380139	0.418066	0.438546	0.927009	0.283319	0.631532	0.777138	0.0881519	0.7415	98.4171	0.097761	0.0182272	0.0437136
2148.56	0.00833333	0.937511	0.480691	0.256514	0.72079	0.792531	0.523131	0.551458	0.452481	0.986353	0.180828	0.800828	0.768027	0.279919	0.461131	0.734837	0.675481	104.177	0.0999416	0.0262556	0.0312262
2150.6	0.00833333	0.930991	0.246338	0.872363	0.121847	0.774838	0.638864	0.594013	0.582179	0.412663	0.299008	0.466106	0.288428	0.437038	0.271632	0.736666	0.516912	99.7212	0.0995016	0.0303272	0.0113464
2152.4	0.00833333	0.955934	0.341423	0.396489	0.418019	0.372607	0.102194	0.347865	0.920533	0.5103	0.795426	0.269977	0.193133	0.911071	0.295869	0.365914	0.0236994	106.764	0.0938249	0.0153197	0.0428953
2152.75	0.00833333	0.968253	0.981908	0.422898	0.923236	0.594281	0.320584	0.925789	0.470331	0.134005	0.114153	0.192489	0.0882211	0.494355	0.38073	0.848988	0.0338111	98.2722	0.0970012	0.0100414	0.0460176
2153.21	0.00833333	0.95912	0.817645	0.156113	0.79651	0.0917412	0.0970121	0.321288	0.564231	0.574762	0.674013	0.312275	0.318843	0.52311	0.256737	0.103188	0.491784	103.322	0.0969926	0.0290659	0.00849491
2153.65	0.00833333	0.925212	0.171783	0.376312	0.272811	0.480246	0.421999	0.58264	0.535995	0.136166	0.880951	0.42197	0.773215	0.438445	0.381768	0.0760981	0.283527	104.126	0.0974611	0.0296828	0.00144285
2153.74	0.00833333	0.955329	0.455776	0.26555	0.458158	0.383944	0.114266	0.868861	0.645976	0.319757	0.645466	0.609197	0.0157073	0.67049	0.744267	0.271108	0.718508	100.156	0.0958712	0.00398821	0.0463448
2153.82	0.00833333	0.91866	0.331724	0.462662	0.305666	0.399454	0.904702	0.599285	0.840946	0.324626	0.0526148	0.764385	0.198169	0.0168282	0.61315	0.315674	0.57596	105.261	0.0993517	0.0249247	0.03594
2154.96	0.00833333	0.971988	0.311741	0.367721	0.0690929	0.648397	0.500566	0.79943	0.661138	0.542377	0.545833	0.364807	0.840885	0.109252	0.829819	0.614786	0.130435	101.432	0.0950517	0.0257827	0.029455
2155.33	0.00833333	0.929407	0.559626	0.043013	0.622487	0.45362	0.432281	0.589128	0.721945	0.225281	0.548037	0.367833	0.0322634	0.149236	0.388731	0.661121	0.45557	101.006	0.0996559	0.0144757	0.0477995
2155.53	0.00833333	0.968742	0.111	0.246442	0.80543	0.625752	0.928643	0.49302	0.0496916	0.0881172	0.628446	0.64297	0.896311	0.307235	0.403421	0.135323	0.366053	97.1826	0.0983122	0.0201995	0.0430242
2155.64	0.00833333	0.992499	0.21016	0.221869	0.42939	0.808729	0.154301	0.328624	0.0125084	0.501001	0.493728	0.337071	0.953924	0.528876	0.211839	0.654643	0.104632	104.068	0.0928113	0.0181344	0.039656
2156.99	0.00833333	0.98211	0.495271	0.673035	0.261128	0.00590133	0.308235	0.958871	0.20537	0.305689	0.514083	0.447724	0.452288	0.389653	0.40876	0.713801	0.454465	94.5908	0.0983338	0.0214132	0.0412012
2157.47	0.00833333	0.987965	0.979333	0.664857	0.186034	0.260517	0.47363	0.796747	0.370909	0.508072	0.420324	0.767005	0.900409	0.258514	0.64068	0.402906	0.652944	107.37	0.0913629	0.0234344	0.0323736
2157.65	0.00833333	0.962675	0.480753	0.563499	0.631414	0.640769	0.498972	0.696552	0.787832	0.125006	0.132277	0.788137	0.180083	0.450204	0.64966	0.905492	0.819346	98.8841	0.0978648	0.013116	0.0465546
2159.14	0.00833333	0.931569	0.829709	0.896924	0.658195	0.701824	0.152233	0.477823	0.714648	0.398399	0.792561	0.626341	0.127124	0.437882	0.626069	0.396299	0.718448	106.75	0.0978259	0.0286723	0.0197907
2160.12	0.00833333	1.00886	0.415043	0.189361	0.74328	0.771931	0.428658	0.479299	0.357815	0.8732	0.16443	0.576638	0.146829	0.265279	0.866359	0.986128	0.56259	99.6332	0.0918874	0.0230496	0.0330142
2160.24	0.00833333	0.979148	0.109851	0.158795	0.579971	0.845444	0.471326	0.965297	0.0962385	0.0167606	0.173518	0.446557	0.263611	0.703741	0.384772	0.538438	0.598408	109.349	0.090565	0.0252572	0.025082
2160.42	0.00833333	0.986186	0.944458	0.459183	0.212856	0.488261	0.9853	0.810472	0.639496	0.723933	0.463932	0.553603	0.914035	0.131671	0.108054	0.779473	0.5024	99.686	0.0937105	0.0237632	0.0338611
2160.94	0.00833333	0.96616	0.132194	0.586489	0.0816969	0.0375807	0.612999	0.805254	0.669541	0.711006	0.312983	0.0656931	0.400198	0.107318	0.123145	0.640854	0.417065	95.6777	0.0956087	0.00612962	0.0471629
2161.37	0.00833333	0.985615	0.205994	0.388562	0.403882	0.552646	0.357283	0.562981	0.890612	0.441265	0.365971	0.217769	0.528352	0.622098	0.450476	0.470501	0.651986	99.8766	0.093937	0.0189432	0.0402202
2161.56	0.00833333	0.935576	0.402971	0.519848	0.264346	0.285026	0.238049	0.420656	0.22905	0.607897	0.0844783	0.589926	0.668798	0.737028	0.216914	0.545885	0.450576	105.064	0.0987335	0.0277098	0.0229876
2161.58	0.00833333	0.912085	0.58422	0.371271	0.491571	0.483927	0.383855	0.484409	0.033701	0.1734	0.790996	0.434936	0.519311	0.540345	0.310306	0.565799	0.751158	100.516	0.0983905	0.00557015	0.0483603
2161.63	0.00833333	0.984785	0.722436	0.538299	0.725558	0.427349	0.2976	0.774826	0.80293	0.240448	0.294937	0.348659	0.28084	0.0171068	0.70303	0.752298	0.407614	100.197	0.092853	0.0128624	0.0437939
2161.73	0.00833333	0.980328	0.184914	0.532935	0.409359	0.768942	0.198451	0.862149	0.972607	0.875927	0.0410688	0.619315	0.416735	0.183146	0.291303	0.0631299	0.496542	104.489	0.0919551	0.0208781	0.0385669
2161.81	0.00833333	0.963622	0.155196	0.98308	0.347285	0.148689	0.346359	0.861081	0.724972	0.0369601	0.643726	0.0680068	0.673045	0.306622	0.419484	0.522858	0.27014	97.2222	0.0977244	0.0161492	0.0460579
2162.47	0.00833333	0.963903	0.910773	0.375383	0.393758	0.602598	0.111088	0.332969	0.332628	0.358064	0.584904	0.0513984	0.57084	0.478624	0.502774	0.945766	0.732532	102.932	0.0947799	0.0273396	0.0253946
2162.78	0.00833333	0.941944	0.0932836	0.670456	0.675523	0.81602	0.335935	0.967793	0.198926	0.411612	0.221768	0.839622	0.616186	0.79626	0.526669	0.287518	0.557696	101.547	0.0952283	0.0107256	0.0465275
2162.84	0.00833333	0.991892	0.802422	0.285996	0.218131	0.833216	0.365403	0.564165	0.304031	0.908593	0.592427	0.769808	0.412425	0.911836	0.688749	0.612805	0.025798	101.914	0.0916427	0.0124926	0.0428844
2162.85	0.00833333	0.990582	0.642136	0.204519	0.580881	0.721907	0.68028	0.385751	0.672109	0.598831	0.79199	0.162861	0.495129	0.607827	0.880725	0.962408	0.499231	107.684	0.0889506	0.0143703	0.041226
2163.34	0.00833333	1.01975	0.78715	0.723899	0.304515	0.559945	0.149199	0.410086	0.726594	0.612751	0.551734	0.102911	0.580547	0.463184	0.319713	0.463987	0.410039	104.418	0.0878178	0.0256631	0.02122
2163.7	0.00833333	0.988843	0.337606	0.680615	0.705669	0.322713	0.684929	0.399138	0.128434	0.718557	0.0225594	0.907632	0.833853	0.570847	0.561407	0.183707	0.594892	109.053	0.0896704	0.0147999	0.0412806
2164.61	0.00833333	0.943886	0.111721	0.493237	0.882451	0.341606	0.27289	0.468689	0.554495	0.484836	0.228269	0.369504	0.916126	0.675902	0.270327	0.638686	0.20717	106.813	0.0949028	0.0248329	0.0330465
2164.66	0.00833333	0.940651	0.667746	0.375445	0.204769	0.753374	0.404472	0.364766	0.61256	0.0568175	0.216684	0.39941	0.968848	0.573471	0.234887	0.230238	0.719552	98.6702	0.0961901	0.00842409	0.0479081
2164.92	0.00833333	0.978274	0.403813	0.103625	0.403587	0.737879	0.585839	0.561957	0.474364	0.596324	0.402505	0.119873	0.793961	0.231694	0.84484	0.842246	0.398205	96.1815	0.0981362	0.0227939	0.0374152
2165.27	0.00833333	0.960374	0.718622	0.547698	0.421935	0.579705	0.538262	0.407631	0.292809	0.955835	0.298287	0.664293	0.463638	0.986395	0.3962	0.66083	0.381253	97.388	0.0976569	0.004706	0.0472688
2165.44	0.00833333	0.992303	0.132563	0.0873508	0.772169	0.611412	0.446424	0.0186615	0.902187	0.0513783	0.51351	0.961198	0.787425	0.591528	0.882253	0.693512	0.594008	97.0091	0.0959358	0.0177833	0.041742
2165.97	0.00833333	0.973884	0.31467	0.838874	0.670802	0.497918	0.328296	0.445343	0.199041	0.542796	0.50421	0.274387	0.301272	0.625087	0.657395	0.524492	0.773753	102.249	0.094211	0.0149197	0.044486
2166	0.00833333	0.941339	0.412932	0.346858	0.923232	0.770119	0.789304	0.0656553	0.124054	0.06887	0.536624	0.577243	0.633008	0.701996	0.774543	0.715019	0.00630655	94.7688	0.0988728	0.0103691	0.0486373
2166.15	0.00833333	0.925616	0.461124	0.725174	0.862012	0.209448	0.746285	0.151635	0.235848	0.526505	0.306722	0.435961	0.803732	0.890223	0.860657	0.555066	0.414112	103.042	0.0994351	0.0281061	0.0296653
2166.55	0.00833333	0.984536	0.688193	0.352942	0.103312	0.463967	0.549725	0.426756	0.241282	0.783317	0.631052	0.652933	0.706982	0.877282	0.399239	0.854917	0.554232	95.8093	0.0978145	0.017864	0.0435257
2166.85	0.00833333	0.928621	0.49117	0.570573	0.587858	0.546758	0.365875	0.430132	0.0242469	0.710457	0.295229	0.413679	0.590726	0.879222	0.753309	0.326223	0.66653	106.263	0.0993942	0.0270863	0.0268908
2166.89	0.00833333	0.932405	0.439591	0.0536627	0.42793	0.416798	0.0480995	0.654219	0.117853	0.414616	0.859624	0.398666	0.785857	0.0931181	0.234442	0.51713	0.344813	108.315	0.0966495	0.0277024	0.0254193
2167.11	0.00833333	0.968355	0.491511	0.466275	0.185845	0.983286	0.79593	0.740764	0.224773	0.159686	0.833999	0.171441	0.313836	0.557262	0.173335	0.501608	0.743906	92.616	0.0998859	0.0182418	0.0444971
2168.31	0.00833333	0.976423	0.483157	0.572278	0.815663	0.713654	0.326545	0.617973	0.0920799	0.511493	0.223463	0.0330423	0.951228	0.309918	0.142957	0.142679	0.5854	96.8845	0.0998007	0.0286115	0.0144698
2168.4	0.00833333	0.955462	0.534853	0.384271	0.176915	0.253482	0.705773	0.608555	0.568927	0.671208	0.724783	0.108717	0.823849	0.470755	0.347563	0.546521	0.428244	103.393	0.0971296	0.0273052	0.0286827
2168.69	0.00833333	0.92578	0.860942	0.282531	0.377583	0.672095	0.507083	0.272568	0.648745	0.855592	0.129266	0.0957627	0.172216	0.70886	0.0216116	0.499494	0.382521	108.585	0.0957237	0.00600637	0.0459701
2168.71	0.00833333	0.993194	0.479682	0.0683623	0.357763	0.233931	0.654836	0.925701	0.279683	0.427197	0.402715	0.174612	0.579989	0.130724	0.626564	0.2189	0.0666661	103.337	0.0939506	0.0195447	0.0394798
2168.78	0.00833333	0.945157	0.436995	0.00153964	0.793317	0.446791	0.962378	0.809575	0.3855	0.377918	0.372758	0.776754	0.990351	0.723863	0.378204	0.778868	0.551611	103.164	0.0997721	0.0284581	0.024687
2168.8	0.00833333	0.963866	0.219111	0.428094	0.407353	0.940037	0.257011	0.350277	0.938207	0.332263	0.00892558	0.92979	0.870967	0.288851	0.869072	0.829232	0.396674	100.721	0.0985133	0.0247421	0.0324514
2168.85	0.00833333	0.889391	0.307481	0.719616	0.558323	0.714116	0.409231	0.105513	0.793291	0.526971	0.767678	0.574757	0.257094	0.641537	0.139439	0.799687	0.571588	108.553	0.0989428	0.00450655	0.0479992
2168.96	0.00833333	0.968246	0.0631548	0.94637	0.477439	0.421661	0.0953044	0.580917	0.78264	0.0804808	0.857603	0.811536	0.30305	0.844552	0.536435	0.634599	0.548068	112.182	0.0872557	0.00543264	0.042777
2168.98	0.00833333	0.974489	0.260356	0.703816	0.122998	0.351022	0.576099	0.342805	0.850162	0.481276	0.554952	0.0234918	0.443099	0.65732	0.0650697	0.321042	0.513102	103.914	0.0927978	0.0201974	0.0382669
2169.15	0.00833333	0.912951	0.378916	0.635014	0.814911	0.64542	0.359445	0.348266	0.607122	0.324206	0.599657	0.357066	0.566193	0.511085	0.487251	0.25878	0.533156	103.744	0.0994595	0.0265453	0.033334
2169.48	0.00833333	0.951459	0.689272	0.608685	0.588478	0.412728	0.282685	0.0142739	0.183938	0.659124	0.122467	0.362414	0.309135	0.548773	0.487722	0.0417982	0.938982	102.13	0.0958359	0.0197069	0.0428763
2169.53	0.00833333	0.991785	0.145042	0.0448216	0.759088	0.25042	0.637957	0.709841	0.192031	0.862541	0.120917	0.417734	0.55626	0.574281	0.394178	0.329855	0.621515	109.709	0.0882257	0.0139965	0.040171
2170.24	0.00833333	0.994298	0.493956	0.979317	0.149166	0.523468	0.510983	0.692766	0.518439	0.859623	0.414986	0.416051	0.912228	0.374103	0.38866	0.773414	0.727069	102.901	0.0910165	0.0277528	0.00873896
2170.3	0.00833333	0.969586	0.439486	0.0617088	0.0409781	0.881533	0.547173	0.390343	0.41024	0.0460684	0.517554	0.175752	0.710366	0.505664	0.204444	0.375146	0.266216	105.564	0.0944268	0.0261218	0.0235868
2170.55	0.00833333	0.986293	0.40248	0.720513	0.135729	0.808769	0.00955558	0.705779	0.329842	0.0964615	0.908676	0.672071	0.101158	0.484396	0.776856	0.501982	0.895528	97.1906	0.0967276	0.0288504	0.0158887
2170.75	0.00833333	0.935748	0.304025	0.649524	0.360087	0.665251	0.84565	0.718944	0.500191	0.434857	0.430267	0.545532	0.143885	0.158693	0.454625	0.545454	0.824684	91.6879	0.0998356	0.000875443	0.0496366
2170.81	0.00833333	0.976887	0.354044	0.886249	0.48442	0.548351	0.716802	0.993815	0.654938	0.602987	0.475573	0.347843	0.112155	0.169415	0.902534	0.497315	0.895706	98.7269	0.094361	0.00686991	0.0456775
2170.96	0.00833333	0.994669	0.0390594	0.445131	0.99387	0.386627	0.252349	0.441013	0.827322	0.969889	0.442226	0.765637	0.730919	0.693477	0.10545	0.121489	0.284463	98.1167	0.0972188	0.021276	0.0383404
2171.03	0.00833333	0.955017	0.527283	0.526422	0.333183	0.355039	0.368581	0.168476	0.503576	0.730376	0.596714	0.0649866	0.318852	0.386245	0.594509	0.997215	0.698429	109.804	0.0934261	0.0230844	0.0350597
2171.6	0.00833333	0.936578	0.262751	0.73606	0.123704	0.220735	0.0561893	0.0859655	0.178031	0.995971	0.205229	0.348953	0.416415	0.568891	0.149636	0.126602	0.760293	111.435	0.0936637	0.00762458	0.0449175
2171.85	0.00833333	0.992792	0.0645044	0.0070101	0.552262	0.475919	0.516056	0.125813	0.407611	0.663503	0.232819	0.632749	0.550968	0.76416	0.593207	0.828966	0.324365	105.886	0.091365	0.0209459	0.0348931
2172.9	0.00833333	0.906551	0.0481727	0.245672	0.873267	0.883979	0.450821	0.611409	0.0589218	0.0251093	0.328786	0.407934	0.466534	0.980541	0.268812	0.0522654	0.0888668	108.367	0.0946511	0.000766625	0.0476379
2172.94	0.00833333	0.991318	0.209638	0.597165	0.266308	0.637808	0.315232	0.63991	0.705274	0.531889	0.238066	0.65443	0.299569	0.663783	0.244871	0.548772	0.930842	99.2778	0.0950385	0.0159971	0.0436122
2173.42	0.00833333	1.0079	0.242612	0.609412	0.435452	0.853759	0.842169	0.437813	0.105968	0.299841	0.961484	0.0635837	0.308743	0.980469	0.310617	0.147298	0.320311	106.239	0.0887312	0.0156315	0.0393161
2173.86	0.00833333	0.967103	0.0809321	0.588029	0.526493	0.599962	0.400747	0.29119	0.108192	0.14467	0.388016	0.404618	0.303093	0.698487	0.539623	0.0234318	0.513353	98.0919	0.0993004	0.013216	0.0463586
2174.63	0.00833333	0.936193	0.429706	0.213393	0.0123744	0.564049	0.189924	0.740297	0.489963	0.640161	0.577902	0.350025	0.735514	0.625956	0.512148	0.34099	0.52377	101.776	0.0991105	0.029073	0.0249563
2174.83	0.00833333	0.97226	0.254847	0.273457	0.806581	0.0583761	0.191626	0.420926	0.249476	0.549622	0.159099	0.897289	0.286841	0.992369	0.0334156	0.433371	0.253415	98.0689	0.0944648	0.00938349	0.0470381
2175.18	0.00833333	1.00009	0.599454	0.45961	0.518571	0.872497	0.406968	0.0723158	0.65008	0.293264	0.39204	0.79768	0.535335	0.465432	0.0280452	0.59664	0.753914	101.308	0.0944359	0.0274611	0.0152697
2175.45	0.00833333	0.908152	0.385506	0.941273	0.409598	0.60302	0.25048	0.813428	0.673748	0.72026	0.605769	0.410545	0.611783	0.777002	0.51912	0.129937	0.147668	110.22	0.0989271	0.0292686	0.0106733
2175.48	0.00833333	0.971616	0.779819	0.172455	0.33303	0.460502	0.323925	0.158011	0.624364	0.349329	0.614962	0.953777	0.971439	0.96091	0.848858	0.47957	0.431377	97.7715	0.0957224	0.0259784	0.0324314
2175.48	0.00833333	0.955126	0.606809	0.479864	0.321638	0.38823	0.448327	0.415614	0.428021	0.200534	0.322979	0.769043	0.864681	0.765238	0.435582	0.927799	0.352179	101.572	0.093463	0.0110167	0.0455368
2175.48	0.00833333	0.923913	0.642873	0.684879	0.578643	0.379842	0.463196	0.645858	0.851696	0.249824	0.529121	0.906926	0.444516	0.237246	0.838694	0.583827	0.501966	107.845	0.0960723	0.0187774	0.0433032
2175.6	0.00833333	0.97109	0.491848	0.641384	0.403434	0.616168	0.646152	0.436846	0.323339	0.197557	0.265629	0.537679	0.973248	0.615744	0.102813	0.706857	0.651222	98.3179	0.0981673	0.0254308	0.0310303
2175.69	0.00833333	0.972959	0.348472	0.712674	0.170343	0.51055	0.437632	0.463895	0.362088	0.924975	0.139259	0.644756	0.806309	0.523673	0.734379	0.834565	0.628478	100.635	0.0913339	0.00220834	0.0457026
2175.95	0.00833333	0.95727	0.132088	0.327159	0.89039	0.746535	0.736548	0.173074	0.180725	0.137465	0.53414	0.518122	0.0829649	0.645478	0.607379	0.594213	0.0176605	110.104	0.0915151	0.0272605	0.0132026
2176.36	0.00833333	0.947059	0.591449	0.188066	0.941102	0.229476	0.340917	0.261944	0.480616	0.791751	0.488333	0.239268	0.233649	0.7962	0.860775	0.0542192	0.776194	103.143	0.0952252	0.0287068	0.00760145
2176.73	0.00833333	0.998027	0.283278	0.431971	0.348247	0.636467	0.573249	0.859232	0.264126	0.0690808	0.29474	0.175506	0.72341	0.588241	0.580538	0.660258	0.0427727	107.654	0.0885111	0.013372	0.0403684
2176.97	0.00833333	0.938435	0.172721	0.455676	0.414369	0.240951	0.574591	0.817925	0.895028	0.81798	0.55896	0.831568	0.519721	0.43703	0.812035	0.221009	0.650776	109.852	0.094249	0.0244586	0.0335799
2177.19	0.00833333	0.930178	0.484931	0.0640464	0.986912	0.482224	0.398164	0.401671	0.53458	0.809844	0.348238	0.505717	0.26735	0.126405	0.0605876	0.662851	0.414378	100.558	0.0982401	0.0225263	0.0411597
2177.37	0.00833333	0.967503	0.182611	0.027011	0.269902	0.438551	0.0999564	0.839965	0.209311	0.34795	0.267217	0.697379	0.521424	0.788403	0.395676	0.0732397	0.580302	103.058	0.0944557	0.0273164	0.0183871
2178.55	0.00833333	0.956045	0.357763	0.742738	0.402115	0.589639	0.113511	0.0347281	0.344544	0.296275	0.247552	0.557084	0.170066	0.667004	0.367572	0.256398	0.54654	97.8416	0.097482	0.000611759	0.0465997
2178.64	0.00833333	1.0052	0.629712	0.0839145	0.176495	0.353777	0.401725	0.793207	0.553849	0.350611	0.761142	0.37403	0.313648	0.677161	0.140657	0.245912	0.626277	104.906	0.0900305	0.0165116	0.0390052
2178.76	0.00833333	0.984439	0.340852	0.196866	0.541711	0.978431	0.967622	0.431285	0.317962	0.574539	0.546636	0.654551	0.688042	0.0624664	0.527676	0.315243	0.238519	94.8586	0.0979764	0.0122887	0.0458457
2178.77	0.00833333	0.957439	0.656544	0.969767	0.570355	0.900679	0.969018	0.420693	0.342703	0.141162	0.522726	0.869952	0.732231	0.533329	0.90131	0.604585	0.556663	94.3383	0.0984971	0.0168638	0.0462939
2178.87	0.00833333	0.906543	0.509245	0.596359	0.271374	0.509989	0.998386	0.388128	0.500312	0.00394486	0.00297508	0.568742	0.360141	0.670431	0.546347	0.889567	0.149713	99.6828	0.0973462	0.00103113	0.0496525
2178.95	0.00833333	0.972354	0.238744	0.946197	0.103078	0.211475	0.0165028	0.597084	0.994022	0.861852	0.152193	0.441031	0.83457	0.424514	0.742234	0.144751	0.98506	98.6027	0.0965465	0.0294422	0.00275047
2179.13	0.00833333	0.983569	0.483361	0.43001	0.786554	0.773521	0.536728	0.0880098	0.409499	0.243964	0.952208	0.262747	0.36373	0.499727	0.364892	0.924293	0.195377	108.169	0.0851617	0.000500536	0.0427168
2179.22	0.00833333	1.00591	0.122975	0.200113	0.80205	0.809675	0.651954	0.720078	0.502887	0.522618	0.446805	0.846165	0.745607	0.55324	0.348779	0.554665	0.422476	96.4037	0.0958503	0.021029	0.0378844
2179.7	0.00833333	0.902681	0.435791	0.898855	0.0133217	0.583548	0.349741	0.195386	0.14957	0.0186159	0.907609	0.773933	0.0528024	0.30417	0.90265	0.228728	0.910655	110.674	0.0977458	0.0108332	0.0465942
2179.73	0.00833333	0.983868	0.581758	0.305483	0.592798	0.22729	0.815788	0.760532	0.821978	0.11825	0.43156	0.185501	0.44901	0.55152	0.434287	0.319252	0.257061	115.056	0.0857172	0.0151551	0.0396463
2179.96	0.00833333	0.941572	0.484357	0.893352	0.275058	0.443762	0.257563	0.797938	0.317511	0.108913	0.0335786	0.02679	0.382654	0.745395	0.557404	0.408654	0.416309	98.9349	0.097672	0.0189763	0.0449989
2180.18	0.00833333	0.986867	0.659551	0.343215	0.0189415	0.970225	0.430496	0.548871	0.843587	0.437887	0.462983	0.193339	0.215785	0.147673	0.0171561	0.913467	0.36182	90.9629	0.0987189	0.0135497	0.0463574
2180.23	0.00833333	0.990453	0.471415	0.434764	0.878727	0.975639	0.807896	0.474195	0.566646	0.76217	0.0614617	0.452934	0.774128	0.241306	0.954517	0.973198	0.232485	105.808	0.0894246	0.0237405	0.03209
2180.34	0.00833333	0.989813	0.0608117	0.190458	0.968628	0.320607	0.502001	0.0703033	0.146158	0.664077	0.330471	0.395329	0.303463	0.433448	0.65493	0.357902	0.846759	109.821	0.085353	0.0100984	0.0417557
2180.44	0.00833333	0.990527	0.0583241	0.2062	0.877245	0.92871	0.369103	0.887691	0.228147	0.792826	0.480317	0.482048	0.488621	0.522023	0.436183	0.478683	0.551041	102.374	0.0954325	0.0263193	0.0270057
2180.92	0.00833333	0.939002	0.126683	0.220023	0.335624	0.607768	0.349195	0.830927	0.435023	0.32512	0.909652	0.426305	0.618354	0.701952	0.979418	0.0464654	0.354089	105.932	0.0931925	0.00726974	0.0453657
2180.93	0.00833333	1.00278	0.0420662	0.638213	0.447005	0.460519	0.281661	0.757151	0.536247	0.597465	0.571655	0.851894	0.999653	0.0633166	0.973454	0.0970932	0.336619	112.122	0.0872472	0.0240831	0.0265804
2181.15	0.00833333	1.00851	0.0455503	0.690902	0.28441	0.443186	0.341368	0.791596	0.379363	0.769233	0.193845	0.242825	0.246961	0.787558	0.453075	0.455894	0.721227	109.303	0.0881791	0.0261989	0.00646454
2181.3	0.00833333	1.022	0.771697	0.509103	0.20823	0.46539	0.0717894	0.304681	0.0819899	0.748666	0.784723	0.926796	0.673783	0.0677899	0.823085	0.311707	0.296196	105.019	0.0898516	0.0250953	0.0226077
2182.41	0.00833333	1.01456	0.641557	0.307294	0.834584	0.457259	0.825835	0.362531	0.483408	0.882143	0.443768	0.778884	0.542951	0.225807	0.500393	0.583462	0.826698	105.94	0.0865939	0.0239384	0.0279316
2182.42	0.00833333	0.945268	0.726637	0.567527	0.80906	0.049081	0.90136	0.0667236	0.484257	0.144172	0.426365	0.879372	0.289806	0.2237	0.728944	0.282049	0.133083	92.495	0.0996041	0.00797021	0.0491318
2182.47	0.00833333	0.981819	0.730166	0.169158	0.863447	0.609803	0.90285	0.0707823	0.107945	0.867118	0.633506	0.564984	0.914826	0.967107	0.0646562	0.543308	0.397421	99.6455	0.092724	0.00454994	0.0454806
2183.17	0.00833333	0.95738	0.0874476	0.385178	0.175358	0.685191	0.0942535	0.501762	0.998773	0.133432	0.59294	0.217869	0.369634	0.355437	0.57634	0.887883	0.291991	98.8361	0.098013	0.0253334	0.0322757
2183.76	0.00833333	1.01038	0.870379	0.890292	0.0399162	0.0554956	0.889598	0.269726	0.485345	0.598768	0.448033	0.0431588	0.683628	0.556576	0.930937	0.966732	0.000396267	103.474	0.0900834	0.0124261	0.0423173
