distance	weight	r0	r1	r2	r3	r4	r5	r6	r7	r8	r9	r10	r11	r12	r13	r14	r15	tp	dr1	dr2	dr3
2132.91	0.00833333	0.918001	0.595903	0.0230698	0.756752	0.471274	0.619413	0.0735637	0.00596115	0.28192	0.2729	0.520182	0.996774	0.799594	0.46681	0.481531	0.353261	100.022	0.0991576	0.00246456	0.0485506
2136.88	0.00833333	0.912413	0.329178	0.481623	0.113408	0.803566	0.29437	0.597712	0.575011	0.147851	0.65019	0.614661	0.103893	0.66037	0.561967	0.328228	0.315101	98.5481	0.0997956	0.00278761	0.0493178
2142.55	0.00833333	0.959021	0.765774	0.674223	0.28648	0.219389	0.869177	0.572576	0.222595	0.833951	0.472593	0.967451	0.0747156	0.146581	0.459823	0.53709	0.277418	102.135	0.0973866	0.0260907	0.0317334
2150.39	0.00833333	0.962075	0.943733	0.112433	0.782737	0.404322	0.831322	0.0680222	0.604479	0.926491	0.00673863	0.928591	0.0222256	0.279399	0.761829	0.98979	0.193328	104.389	0.0941782	0.00925724	0.0450264
2151.67	0.00833333	0.949696	0.455425	0.470762	0.591413	0.386687	0.00156185	0.36487	0.11481	0.170578	0.876381	0.335309	0.626235	0.330269	0.534767	0.495857	0.404127	105.648	0.0970106	0.0207708	0.0400451
2157.82	0.00833333	0.94983	0.226976	0.338296	0.783427	0.894727	0.438027	0.874622	0.741555	0.697179	0.76314	0.400205	0.58032	0.240494	0.740987	0.918236	0.122664	101.036	0.0943261	0.00518174	0.0468414
2160.14	0.00833333	0.994072	0.293442	0.916846	0.944035	0.643376	0.687412	0.747095	0.421627	0.725244	0.033127	0.856561	0.0331804	0.439003	0.44519	0.916788	0.582538	94.8937	0.0973215	0.0227445	0.038188
2163.16	0.00833333	0.963081	0.629384	0.470534	0.684078	0.457732	0.823534	0.549689	0.596336	0.488836	0.682218	0.660612	0.61525	0.743193	0.440134	0.662828	0.839044	99.0273	0.0969136	0.0132278	0.0451438
2163.33	0.00833333	0.964866	0.258129	0.244165	0.20626	0.520505	0.99876	0.840402	0.641703	0.758805	0.773774	0.661706	0.0205069	0.637185	0.593311	0.0674348	0.429956	99.3997	0.098405	0.0288706	0.0225006
2163.43	0.00833333	0.975561	0.680783	0.677781	0.959116	0.783651	0.745965	0.165272	0.433657	0.920374	0.198382	0.518841	0.419337	0.428996	0.401178	0.211598	0.581545	111.469	0.0908987	0.0257532	0.0229422
2164.55	0.00833333	0.907166	0.562634	0.858911	0.518922	0.186768	0.607854	0.757473	0.0992992	0.83588	0.676947	0.70412	0.257561	0.620186	0.720853	0.391841	0.381446	101.153	0.0981463	0.00201307	0.0482335
2165.58	0.00833333	0.955157	0.93806	0.42294	0.904052	0.573679	0.0261728	0.513558	0.52403	0.635404	0.912028	0.338039	0.14669	0.0424475	0.470294	0.80078	0.67616	104.643	0.0967074	0.027932	0.0229978
2165.96	0.00833333	1.01147	0.6224	0.76753	0.40583	0.0743382	0.313577	0.611879	0.427332	0.762911	0.528615	0.200868	0.265468	0.746604	0.914496	0.801486	0.29354	106.021	0.0866364	0.0120472	0.0409573
2169.9	0.00833333	0.930698	0.479907	0.297899	0.801079	0.752101	0.76568	0.148562	0.771288	0.191765	0.896556	0.667209	0.707381	0.628068	0.0242638	0.196089	0.897563	110.389	0.095779	0.0284687	0.00858127
2171.03	0.00833333	1.00638	0.305774	0.108559	0.00790575	0.496346	0.708031	0.150524	0.560995	0.546562	0.525902	0.892685	0.576725	0.950233	0.474062	0.225436	0.183904	94.8681	0.0947845	0.0159516	0.0429853
2172.14	0.00833333	0.977255	0.134643	0.359188	0.256299	0.517378	0.349179	0.244185	0.555125	0.488231	0.510777	0.425741	0.730074	0.47037	0.847195	0.21656	0.192277	92.4214	0.0989466	0.015198	0.0469979
2177.67	0.00833333	0.99973	0.614809	0.703979	0.426815	0.284887	0.0160482	0.377195	0.834721	0.399192	0.646232	0.195855	0.890327	0.798938	0.683888	0.585011	0.496532	101.359	0.0902618	0.0162303	0.0412368
2179.6	0.00833333	0.975623	0.394915	0.331721	0.265128	0.235641	0.742428	0.841299	0.587664	0.00408548	0.330982	0.842329	0.595611	0.538207	0.139913	0.892147	0.161896	110.199	0.0894319	0.0204134	0.0375775
2182.25	0.00833333	1.04727	0.646048	0.55276	0.502485	0.904005	0.300014	0.428594	0.0387903	0.376102	0.193929	0.340697	0.904437	0.950169	0.875699	0.952596	0.822761	109.055	0.0817599	0.0182694	0.0338697
2183.31	0.00833333	0.959424	0.677188	0.671757	0.656075	0.614512	0.495566	0.070047	0.692685	0.401613	0.464739	0.443455	0.857013	0.919119	0.827932	0.933699	0.195424	109.989	0.0940955	0.0166347	0.041558
2183.66	0.00833333	0.971022	0.72051	0.66594	0.507775	0.738414	0.989394	0.904894	0.217635	0.672246	0.968821	0.350022	0.980359	0.85949	0.686032	0.0495455	0.253888	100.852	0.0977302	0.0161654	0.0433088
2183.9	0.00833333	0.927559	0.73697	0.141764	0.345085	0.805165	0.346965	0.0866088	0.756953	0.97934	0.497537	0.385176	0.0676857	0.42088	0.469531	0.437312	0.560353	107.894	0.0941985	0.00788812	0.0454514
2184.92	0.00833333	0.896873	0.262719	0.996159	0.91639	0.490028	0.525715	0.377565	0.673311	0.93226	0.31906	0.298637	0.605928	0.669338	0.78128	0.134903	0.780571	109.097	0.0978216	0.00888706	0.0469758
2185.16	0.00833333	1.03219	0.615218	0.679058	0.0775699	0.359354	0.526746	0.73699	0.484051	0.233391	0.187958	0.733651	0.599839	0.316318	0.245354	0.607364	0.828939	105.933	0.0876	0.0219472	0.0304763
2186.18	0.00833333	0.987475	0.582879	0.00778781	0.79056	0.375341	0.813545	0.654619	0.561031	0.651681	0.596853	0.528951	0.365104	0.663997	0.885447	0.201058	0.218218	112.984	0.0859462	0.0187565	0.036835
2186.46	0.00833333	0.929978	0.674094	0.601254	0.853133	0.978143	0.658687	0.74142	0.0621268	0.411676	0.0110194	0.738811	0.817434	0.0955412	0.35129	0.81406	0.512514	96.9795	0.0984502	0.00429257	0.0478056
2187.49	0.00833333	0.996912	0.606849	0.60058	0.566392	0.66189	0.525648	0.411129	0.433023	0.328532	0.910968	0.868507	0.574216	0.155599	0.184459	0.258642	0.887707	99.9962	0.0901897	0.0121821	0.0435592
2188.03	0.00833333	0.967388	0.711059	0.877623	0.480016	0.499764	0.417983	0.280962	0.883782	0.566534	0.656571	0.0183429	0.842353	0.622924	0.784941	0.781798	0.178707	112.532	0.0888482	0.0140051	0.0407817
2194.39	0.00833333	1.05061	0.63967	0.149022	0.55498	0.26068	0.299174	0.284185	0.533	0.657041	0.359354	0.513023	0.980777	0.973723	0.979168	0.240717	0.938942	115.384	0.0791885	0.0147536	0.0349861
2194.85	0.00833333	0.995295	0.188076	0.906956	0.940376	0.171307	0.542368	0.205653	0.73995	0.911523	0.739728	0.00425735	0.410806	0.282362	0.509499	0.468193	0.767374	117.144	0.0835579	0.00808999	0.0400155
2197.63	0.00833333	1.00086	0.207018	0.899491	0.0266718	0.188524	0.340182	0.917563	0.22012	0.438716	0.400213	0.717749	0.947202	0.566767	0.918248	0.115916	0.941537	99.434	0.0953124	0.0273634	0.0102494
2197.97	0.00833333	0.870374	0.649096	0.550174	0.438443	0.862787	0.587552	0.694615	0.554919	0.823949	0.227154	0.727997	0.561254	0.443023	0.319353	0.852314	0.781029	113.142	0.0980914	0.00128749	0.0481737
2198.32	0.00833333	0.87712	0.642408	0.892567	0.471063	0.683881	0.304565	0.270681	0.946089	0.269083	0.694184	0.42193	0.757106	0.412515	0.10562	0.626819	0.649233	101.783	0.0994856	0.00229746	0.0508267
2198.73	0.00833333	0.92881	0.368099	0.684406	0.819757	0.0165062	0.495445	0.39952	0.357052	0.356555	0.907013	0.303002	0.148847	0.381558	0.556211	0.136667	0.387709	113.011	0.0954817	0.0220009	0.0365199
2200.13	0.00833333	0.931999	0.267924	0.884028	0.0813181	0.386179	0.443036	0.175158	0.308912	0.530008	0.193057	0.354979	0.28285	0.419797	0.342379	0.0205895	0.405448	114.977	0.0924223	0.0138417	0.0427209
2201.5	0.00833333	0.931699	0.0724315	0.7385	0.0284913	0.797002	0.323137	0.0738331	0.260996	0.910515	0.61641	0.270662	0.443794	0.727131	0.64371	0.466568	0.834301	108.207	0.0967818	0.0058883	0.0462741
2202.31	0.00833333	1.02193	0.409151	0.241883	0.432732	0.548176	0.483273	0.417933	0.990069	0.316884	0.313995	0.100624	0.665844	0.139414	0.406552	0.567843	0.481346	91.65	0.0950118	0.0242168	0.0350217
2204.07	0.00833333	0.978336	0.197779	0.706507	0.844203	0.34928	0.143004	0.536875	0.255286	0.826215	0.174802	0.529179	0.565565	0.0915648	0.591681	0.558027	0.456856	110.905	0.089646	0.0113535	0.0431683
2205.84	0.00833333	0.964328	0.649318	0.700426	0.0544365	0.18727	0.026442	0.715607	0.188436	0.605236	0.441533	0.859589	0.300437	0.365221	0.994444	0.0687336	0.625921	101.245	0.0915281	0.00657184	0.046638
2206.3	0.00833333	0.950343	0.371983	0.278128	0.905638	0.769691	0.393319	0.613442	0.963527	0.539432	0.77754	0.744969	0.0295135	0.258755	0.833292	0.657612	0.484363	106.559	0.0938585	0.0206243	0.040981
2206.36	0.00833333	1.02474	0.449189	0.31429	0.459472	0.956879	0.271046	0.161858	0.301561	0.747591	0.339124	0.384808	0.819251	0.465015	0.857174	0.558823	0.359693	117.706	0.0754782	0.00320076	0.038308
2206.88	0.00833333	1.03301	0.318564	0.0292665	0.927023	0.982681	0.65057	0.960639	0.465517	0.47813	0.948687	0.454933	0.289001	0.574037	0.457784	0.0792334	0.569419	107.702	0.0842526	0.0245333	0.0110578
2206.92	0.00833333	0.975073	0.96662	0.475134	0.102352	0.980699	0.00491855	0.411606	0.403346	0.634719	0.446751	0.0732533	0.980753	0.809732	0.628856	0.839794	0.335345	96.9382	0.0937393	0.00224153	0.0469792
2207.96	0.00833333	0.952727	0.498976	0.967157	0.557545	0.086675	0.0597337	0.867181	0.599437	0.941331	0.739991	0.475194	0.417559	0.585461	0.460801	0.73894	0.60737	112.28	0.0902364	0.0270722	0.00902123
2209.67	0.00833333	1.03724	0.683711	0.703792	0.811335	0.945864	0.258891	0.185056	0.582542	0.186065	0.0315237	0.368838	0.272135	0.500155	0.727328	0.6506	0.579312	103.58	0.0845749	0.0163081	0.0368429
2210.99	0.00833333	0.91398	0.0253008	0.632928	0.677033	0.224132	0.637962	0.378054	0.773612	0.526287	0.231648	0.302605	0.690493	0.184862	0.331488	0.209252	0.343897	110.212	0.0980489	0.0234944	0.0391354
2211.06	0.00833333	1.01081	0.309338	0.759061	0.34364	0.624933	0.832826	0.0461645	0.267751	0.859523	0.441097	0.347766	0.238535	0.372622	0.682613	0.0646153	0.719838	104.602	0.0876037	0.0240263	0.0303916
2211.2	0.00833333	1.04629	0.517815	0.578941	0.733928	0.543634	0.107199	0.0657095	0.026518	0.787168	0.447503	0.0763323	0.171815	0.156901	0.702459	0.104858	0.276689	100.231	0.0852334	0.0224287	0.0301678
2211.56	0.00833333	0.96233	0.403924	0.815959	0.581282	0.856657	0.761758	0.887063	0.0150291	0.381621	0.373795	0.749299	0.696583	0.380415	0.523965	0.563703	0.768916	118.314	0.0893335	0.0254041	0.0222001
2212.78	0.00833333	0.987386	0.324252	0.824979	0.544527	0.770814	0.380634	0.411643	0.61079	0.376803	0.745603	0.277454	0.611353	0.340318	0.361204	0.283521	0.735198	103.148	0.0935459	0.02647	0.0279827
2214.49	0.00833333	0.948676	0.175546	0.270329	0.289163	0.265732	0.641619	0.768396	0.592956	0.586497	0.648913	0.152116	0.64511	0.587869	0.00676945	0.0535725	0.357463	108.489	0.0958334	0.0129812	0.045404
2214.72	0.00833333	0.904878	0.0126545	0.421321	0.383959	0.346155	0.322569	0.189309	0.922374	0.503473	0.444377	0.295511	0.379152	0.345611	0.728604	0.304827	0.447503	109.716	0.0966903	0.0281057	0.0263147
2215.03	0.00833333	1.031	0.514857	0.105857	0.613531	0.851456	0.997608	0.515255	0.483621	0.154955	0.768147	0.59924	0.517306	0.592678	0.777031	0.608176	0.0470437	101.341	0.0867272	0.00808482	0.0412173
2215.41	0.00833333	1.01294	0.963095	0.303113	0.906922	0.363969	0.669011	0.549391	0.465483	0.982976	0.307643	0.847607	0.68842	0.996217	0.307183	0.126906	0.702203	112.161	0.0842211	0.00661694	0.0398127
2216.22	0.00833333	0.960254	0.41341	0.641851	0.0792961	0.210859	0.762582	0.167115	0.354361	0.37017	0.325977	0.91512	0.490487	0.349543	0.610132	0.534031	0.517381	97.0557	0.0991909	0.013373	0.0449617
2216.74	0.00833333	0.975703	0.827531	0.656905	0.47189	0.534105	0.588546	0.520833	0.37248	0.317419	0.556975	0.437588	0.638495	0.475592	0.102806	0.300614	0.612148	91.0491	0.0979267	0.0128151	0.0483915
2218.05	0.00833333	0.97218	0.451533	0.0506028	0.276332	0.993409	0.104872	0.134853	0.865029	0.554566	0.867735	0.580146	0.90291	0.364388	0.513937	0.890083	0.423747	112.905	0.0888472	0.0236935	0.0317075
2218.53	0.00833333	1.02544	0.102249	0.550239	0.255733	0.314971	0.287227	0.530816	0.466914	0.786	0.904305	0.596888	0.188731	0.376112	0.779037	0.632664	0.239241	126.397	0.0768209	0.0182324	0.0296441
2219.14	0.00833333	0.863765	0.249812	0.517277	0.613941	0.150844	0.992759	0.204514	0.808916	0.190813	0.447523	0.709721	0.63854	0.053628	0.414674	0.141326	0.227105	107.217	0.0995444	0.00759554	0.0495401
2219.57	0.00833333	0.924363	0.688929	0.885521	0.222358	0.268143	0.483418	0.102052	0.464485	0.622419	0.427092	0.457698	0.413689	0.69621	0.286026	0.644645	0.0315832	106.905	0.0996274	0.0254056	0.0309339
2222.2	0.00833333	0.969029	0.82062	0.933887	0.909226	0.238578	0.527048	0.513851	0.141185	0.730142	0.748927	0.437272	0.0741203	0.640419	0.415807	0.384008	0.786313	103.563	0.0983271	0.025212	0.0293391
2223.19	0.00833333	0.952012	0.582214	0.88083	0.16788	0.754466	0.883779	0.609556	0.747384	0.144225	0.60192	0.671614	0.706832	0.14078	0.75483	0.471333	0.748713	116.666	0.0870445	0.0143697	0.0414255
2223.47	0.00833333	0.999036	0.616053	0.538209	0.352094	0.584221	0.0330235	0.776223	0.856101	0.60755	0.397987	0.684564	0.592105	0.108811	0.891462	0.272237	0.560915	113.896	0.0852936	0.00532522	0.0408557
2224.62	0.00833333	0.940249	0.485375	0.342934	0.290182	0.910695	0.428635	0.967039	0.595881	0.523961	0.9359	0.255684	0.707178	0.673649	0.623234	0.649888	0.700082	118.776	0.090595	0.019564	0.0372801
2225.64	0.00833333	0.905151	0.54507	0.488505	0.465319	0.605121	0.324797	0.456456	0.544793	0.319821	0.998676	0.28786	0.99697	0.84679	0.0236388	0.255637	0.296186	111.842	0.0970373	0.0243021	0.034125
2225.72	0.00833333	0.946528	0.474132	0.065843	0.500476	0.903901	0.25785	0.570115	0.610287	0.193791	0.286424	0.810809	0.700787	0.821069	0.830349	0.338111	0.452708	112.25	0.0906122	0.0202618	0.0394639
2228.1	0.00833333	0.90508	0.668048	0.625286	0.747487	0.11774	0.402531	0.713406	0.585847	0.704356	0.681637	0.425079	0.255114	0.784031	0.384566	0.162723	0.647713	104.414	0.095601	0.00584622	0.0491492
2229.38	0.00833333	0.903411	0.330395	0.902452	0.415839	0.753246	0.766386	0.881493	0.365145	0.561981	0.808299	0.374255	0.831201	0.751746	0.386636	0.129331	0.340749	112.9	0.0979133	0.0271171	0.0244314
2230.8	0.00833333	0.963336	0.146663	0.631459	0.530223	0.386597	0.637091	0.847995	0.133331	0.89023	0.569832	0.851617	0.12248	0.169881	0.403191	0.962924	0.93439	120.15	0.0881659	0.0246033	0.0222594
2231	0.00833333	1.00987	0.108318	0.647531	0.405364	0.893744	0.646301	0.0910738	0.785949	0.93331	0.0974755	0.852189	0.760809	0.359472	0.245797	0.580645	0.433583	106.659	0.0899519	0.0185888	0.0357452
2231.17	0.00833333	0.915812	0.647215	0.957669	0.430505	0.564046	0.500265	0.785028	0.551346	0.634149	0.809366	0.835024	0.353184	0.275144	0.341466	0.629963	0.303009	105.606	0.0992632	0.0299938	0.0209005
2231.51	0.00833333	0.89373	0.883656	0.821495	0.436236	0.200443	0.00828134	0.561349	0.722689	0.921268	0.967001	0.31586	0.225634	0.773149	0.27171	0.364771	0.2606	113.921	0.0959083	0.0186297	0.0427793
2231.66	0.00833333	1.00705	0.264953	0.772098	0.915103	0.703755	0.289373	0.782227	0.336325	0.837696	0.52711	0.132378	0.49944	0.329709	0.398333	0.328583	0.411227	108.514	0.089954	0.0260066	0.00561986
2232.04	0.00833333	1.02116	0.0470321	0.61995	0.312838	0.537571	0.0705481	0.547585	0.853607	0.551391	0.60337	0.731583	0.130972	0.208528	0.586199	0.483392	0.469836	98.3005	0.0856002	0.00167016	0.0423247
2232.61	0.00833333	1.01822	0.222146	0.174581	0.327073	0.637014	0.109016	0.0472769	0.4906	0.727198	0.231177	0.403463	0.899396	0.79439	0.0260394	0.94384	0.287005	94.7473	0.0971611	0.0207165	0.0380414
2233.08	0.00833333	1.01946	0.130688	0.00122535	0.74693	0.101508	0.0385059	0.421744	0.196963	0.409474	0.921076	0.822466	0.473487	0.878671	0.328256	0.212209	0.0173721	121.295	0.0781994	0.0229625	0.0169823
2237.37	0.00833333	0.990175	0.538617	0.76267	0.951696	0.306921	0.0559782	0.0135196	0.143049	0.525567	0.322437	0.444182	0.167151	0.869287	0.360897	0.402747	0.815929	101.437	0.0945946	0.0156247	0.0442144
2237.81	0.00833333	1.03666	0.77055	0.409244	0.768598	0.61864	0.396569	0.538931	0.730437	0.528416	0.501428	0.333326	0.877899	0.415428	0.0498375	0.903746	0.479226	106.425	0.0879313	0.0207442	0.031194
2239.67	0.00833333	0.97946	0.319719	0.492752	0.685205	0.541948	0.700252	0.184843	0.574009	0.230186	0.135424	0.295648	0.230259	0.0829429	0.411545	0.964563	0.40405	116.81	0.084778	0.0227599	0.0307704
2240.02	0.00833333	1.05253	0.176424	0.715472	0.176676	0.760471	0.774229	0.0288798	0.887589	0.676315	0.123991	0.488223	0.621527	0.537699	0.233705	0.418881	0.304331	110.813	0.0785806	0.0108581	0.0386721
2241.72	0.00833333	0.992555	0.888282	0.422906	0.55204	0.291427	0.00154415	0.554608	0.356964	0.785799	0.69371	0.0453207	0.622536	0.887685	0.350843	0.574607	0.0459642	96.9096	0.0923644	0.00257965	0.0436341
2242.19	0.00833333	1.07269	0.758925	0.872464	0.633102	0.80586	0.823567	0.0373725	0.77985	0.163016	0.540638	0.355993	0.336952	0.202061	0.25678	0.645618	0.882009	119.024	0.0753816	0.0183143	0.0280642
2243.09	0.00833333	0.995435	0.469853	0.769091	0.0516889	0.77751	0.59924	0.514388	0.0962262	0.389819	0.513562	0.817406	0.270003	0.520268	0.136799	0.531708	0.16649	99.142	0.0909171	0.0244725	0.0305326
2243.5	0.00833333	1.04723	0.203587	0.627832	0.556568	0.700968	0.119303	0.819552	0.851394	0.295011	0.00672195	0.151937	0.0311911	0.453229	0.949486	0.486577	0.255657	97.1353	0.0920987	0.0207792	0.0350077
2244.28	0.00833333	0.902679	0.293012	0.851958	0.695597	0.841887	0.153704	0.378771	0.798851	0.722294	0.771061	0.293689	0.315615	0.176606	0.558867	0.845331	0.365891	117.074	0.0937451	0.00719505	0.0464924
2244.45	0.00833333	1.02402	0.773054	0.126897	0.19543	0.608492	0.480084	0.576351	0.963592	0.881755	0.349087	0.991901	0.999865	0.99844	0.197094	0.414454	0.0899047	88.839	0.0944639	0.0071968	0.0456803
2245.71	0.00833333	0.907551	0.328144	0.0726546	0.270715	0.84791	0.344767	0.78866	0.697021	0.520916	0.964602	0.976975	0.525744	0.770138	0.569793	0.0731458	0.583928	120.763	0.089701	0.00571806	0.0443358
2247.66	0.00833333	0.98579	0.659855	0.432643	0.93553	0.603545	0.60302	0.567536	0.467482	0.121605	0.313669	0.298148	0.34162	0.686153	0.912988	0.990821	0.261385	95.9616	0.0928681	0.0138409	0.0462403
2247.87	0.00833333	0.968271	0.970587	0.51997	0.848845	0.941498	0.996653	0.110894	0.988397	0.873524	0.437529	0.606309	0.874908	0.200951	0.513655	0.438503	0.297081	115.545	0.0912335	0.0213276	0.0328952
2248.42	0.00833333	0.923642	0.574141	0.748803	0.370872	0.425651	0.0786203	0.0248662	0.184325	0.642256	0.0397257	0.496377	0.655082	0.28711	0.579216	0.970167	0.703775	101.194	0.0961948	0.0111183	0.0492367
2250.24	0.00833333	0.998337	0.116419	0.948749	0.308487	0.575872	0.289849	0.450086	0.841297	0.714819	0.18039	0.148009	0.0173425	0.50258	0.168056	0.353248	0.990754	87.8589	0.097407	0.00527715	0.0483902
2253.24	0.00833333	0.92405	0.403442	0.446915	0.869632	0.270194	0.331911	0.363656	0.130101	0.624409	0.588887	0.99722	0.00355855	0.42005	0.583243	0.454398	0.355147	119.111	0.0929237	0.0271154	0.00752674
2253.73	0.00833333	1.0317	0.655651	0.652288	0.011788	0.708489	0.324639	0.176678	0.47674	0.597143	0.980749	0.685782	0.03212	0.64699	0.712716	0.898031	0.250161	89.2087	0.0938311	0.0273478	0.0209875
2254.09	0.00833333	1.05122	0.651154	0.319181	0.638181	0.801961	0.10968	0.208511	0.227657	0.588719	0.323222	0.360381	0.370008	0.499776	0.417834	0.547606	0.162956	102.927	0.0825912	0.0191246	0.0329115
2254.19	0.00833333	0.921553	0.224427	0.447871	0.6219	0.420244	0.392628	0.553921	0.33149	0.147603	0.691027	0.918223	0.465841	0.0370262	0.205163	0.475569	0.407224	104.377	0.0958952	0.0146318	0.0450452
2254.77	0.00833333	1.02861	0.917194	0.45144	0.939558	0.415846	0.409535	0.0886208	0.984295	0.758939	0.971104	0.714364	0.685939	0.66389	0.194534	0.178005	0.352132	95.5779	0.0881002	0.0277544	0.00311319
2255.67	0.00833333	1.03227	0.179281	0.5158	0.556435	0.632865	0.305425	0.610799	0.406835	0.990671	0.125579	0.825083	0.627735	0.360428	0.383313	0.749242	0.693063	109.64	0.0823178	0.0240186	0.00542286
2257.32	0.00833333	1.09035	0.350095	0.655618	0.907588	0.352721	0.445596	0.62888	0.315913	0.94608	0.194385	0.542888	0.288368	0.833086	0.0588443	0.601835	0.88582	97.7397	0.0829892	0.0193944	0.032397
2257.34	0.00833333	0.932545	0.496757	0.671552	0.257799	0.607585	0.730513	0.615086	0.149241	0.53157	0.919456	0.583577	0.586092	0.355145	0.404315	0.734698	0.166895	103.296	0.0950647	0.0197469	0.044074
2258.19	0.00833333	0.9863	0.613965	0.364991	0.417213	0.0232789	0.475389	0.579454	0.638385	0.532724	0.3588	0.380837	0.446325	0.597763	0.863412	0.569237	0.591166	110.205	0.0856443	0.027168	0.00890756
2258.71	0.00833333	1.07248	0.195004	0.485052	0.486517	0.586068	0.716876	0.00599605	0.972353	0.654888	0.277609	0.501881	0.381036	0.500559	0.526839	0.313496	0.997193	96.3753	0.0861083	0.0248922	0.0224174
2258.73	0.00833333	0.923855	0.608626	0.385996	0.310887	0.724146	0.970315	0.487542	0.69639	0.321207	0.197772	0.674246	0.4584	0.718557	0.0668547	0.603561	0.567216	109.389	0.0949042	0.0157304	0.0427014
2258.83	0.00833333	1.07543	0.669583	0.439633	0.191837	0.0175889	0.366493	0.0450662	0.921566	0.167226	0.88365	0.689278	0.940967	0.925383	0.451973	0.663695	0.501009	123.969	0.0700737	0.0204433	0.0208113
2260.65	0.00833333	0.883685	0.39902	0.976429	0.351645	0.5693	0.639325	0.395391	0.273573	0.387312	0.419856	0.665836	0.222523	0.860564	0.517909	0.315728	0.712531	104.763	0.0972714	0.010127	0.0496123
2260.71	0.00833333	1.08888	0.327102	0.191041	0.902771	0.847855	0.70238	0.131842	0.569226	0.193153	0.406474	0.49181	0.367006	0.494016	0.571851	0.803865	0.241501	106.455	0.07954	0.019633	0.0301437
2261.07	0.00833333	1.01255	0.942708	0.974396	0.503905	0.706801	0.0497745	0.331738	0.401859	0.416171	0.584499	0.788822	0.459697	0.0984041	0.270827	0.710343	0.464025	125.267	0.0812836	0.0186542	0.0312394
2261.13	0.00833333	0.981597	0.473002	0.237197	0.18533	0.504736	0.705956	0.744085	0.326704	0.345617	0.456332	0.473437	0.42679	0.348544	0.285013	0.669757	0.558033	100.857	0.0960371	0.0227965	0.0329985
2261.57	0.00833333	0.987039	0.383461	0.349598	0.626141	0.603834	0.635951	0.385003	0.457843	0.273205	0.214218	0.340824	0.807219	0.743787	0.478935	0.387013	0.439195	94.1684	0.0950126	0.0280858	0.016007
2262.49	0.00833333	1.05077	0.22148	0.615756	0.63689	0.345313	0.551389	0.419121	0.495389	0.77392	0.354004	0.138879	0.69457	0.309826	0.547343	0.259822	0.573737	122.803	0.0767887	0.0202465	0.0260793
2264.16	0.00833333	0.93767	0.491984	0.949545	0.971636	0.402228	0.0902993	0.21102	0.737543	0.26992	0.54828	0.0823818	0.0269837	0.182212	0.00801295	0.394617	0.445258	96.137	0.0988426	0.000996981	0.0463944
2264.36	0.00833333	1.09064	0.395327	0.439436	0.641041	0.818864	0.497028	0.474464	0.748493	0.786064	0.515272	0.917181	0.420025	0.183706	0.615111	0.327686	0.0909376	113.875	0.0738907	0.012036	0.0327458
2264.55	0.00833333	1.00188	0.490102	0.657761	0.271821	0.316399	0.920267	0.340977	0.589272	0.621732	0.490197	0.932799	0.882003	0.486906	0.777023	0.0638201	0.867395	124.318	0.0825905	0.0240815	0.00850182
2264.65	0.00833333	0.994842	0.679126	0.200339	0.119934	0.426195	0.839907	0.808607	0.430026	0.208929	0.908973	0.823335	0.151997	0.371817	0.660058	0.447824	0.632845	105.082	0.0854124	0.0113006	0.0431778
2265.38	0.00833333	0.946267	0.890615	0.4351	0.674289	0.115192	0.859322	0.44944	0.771923	0.294102	0.488267	0.289204	0.863955	0.623347	0.474864	0.280171	0.725172	112.471	0.0906782	0.00964908	0.0457292
2265.53	0.00833333	0.912414	0.600625	0.73727	0.114745	0.779833	0.601991	0.68552	0.292738	0.376492	0.700459	0.175362	0.530588	0.850881	0.966848	0.342199	0.638167	112.571	0.0967676	0.0029577	0.0459303
2267.7	0.00833333	0.980518	0.25517	0.674535	0.86369	0.252303	0.777769	0.821205	0.178678	0.464366	0.275135	0.24556	0.21479	0.500339	0.649319	0.883755	0.0180595	94.6467	0.0994079	0.0148754	0.0472118
2269.99	0.00833333	1.00549	0.21394	0.699511	0.956835	0.758473	0.858796	0.766171	0.73409	0.094213	0.00157255	0.0707073	0.783354	0.40565	0.503957	0.493552	0.674205	100.609	0.0951861	0.0227954	0.031655
2270	0.00833333	0.900082	0.855848	0.918337	0.415026	0.172776	0.613971	0.503434	0.137014	0.380899	0.588085	0.344893	0.450814	0.627606	0.603346	0.808272	0.237224	114.592	0.0993158	0.0142447	0.0451471
2270.23	0.00833333	0.923581	0.932071	0.562081	0.818388	0.262503	0.731819	0.446259	0.720766	0.0974334	0.538078	0.309618	0.834921	0.437024	0.430176	0.777281	0.58515	110.741	0.0999707	0.0173751	0.0430583
2271.58	0.00833333	0.998741	0.265925	0.216595	0.881437	0.0962673	0.0298311	0.606675	0.93935	0.438318	0.665781	0.163593	0.0781746	0.12275	0.112335	0.0585131	0.338737	119.441	0.0844938	0.0162845	0.038013
