distance	weight	r0	r1	r2	r3	r4	r5	r6	r7	r8	r9	r10	r11	r12	r13	r14	r15	tp	dr1	dr2	dr3
2126.85	0.00833333	0.949202	0.640846	0.0532621	0.320908	0.507904	0.80264	0.0618669	0.3367	0.661121	0.118512	0.274079	0.880241	0.266442	0.014826	0.0722138	0.0056299	98.7512	0.0997661	0.0297605	0.00975608
2126.85	0.00833333	0.951655	0.0207716	0.38757	0.622864	0.761412	0.0980516	0.362005	0.232496	0.906195	0.385866	0.629168	0.352326	0.00145313	0.41782	0.196159	0.0451853	97.7131	0.0999034	0.0298129	0.00985086
2126.94	0.00833333	0.952903	0.0536411	0.0641231	0.498745	0.219603	0.491005	0.254883	0.977329	0.661496	0.183673	0.048184	0.322832	0.557909	0.193243	0.104199	0.0144908	99.0727	0.0998092	0.0290984	0.0187169
2127.09	0.00833333	0.946985	0.508615	0.655939	0.202846	0.415167	0.116721	0.191329	0.00239307	0.451164	0.174586	0.44696	0.696549	0.161162	0.644385	0.12744	0.195149	99.309	0.0999429	0.0297401	0.00970575
2127.16	0.00833333	0.947197	0.571681	0.241648	0.950708	0.020386	0.757469	0.647945	0.769521	0.499962	0.0563629	0.0769691	0.598566	0.851491	0.405731	0.29195	0.0277752	98.7127	0.0996345	0.0297403	0.00521598
2127.16	0.00833333	0.952075	0.00119457	0.125971	0.103718	0.189563	0.657979	0.935544	0.596396	0.617541	0.0466855	0.519848	0.0638509	0.518409	0.483325	0.0909887	0.0805062	99.0027	0.0995377	0.0295731	0.00990171
2127.18	0.00833333	0.942014	0.243053	0.909335	0.881822	0.561193	0.346959	0.40388	0.235981	0.225564	0.446708	0.0232756	0.181205	0.0591752	0.789987	0.0385936	0.164977	99.0442	0.0997886	0.0299184	0.00275474
2127.36	0.00833333	0.947621	0.719792	0.32489	0.220072	0.0665803	0.79482	0.800344	0.592402	0.438848	0.193868	0.310556	0.119411	0.147655	0.0620901	0.13549	0.0253932	98.3145	0.0998744	0.0299844	0.00573523
2127.38	0.00833333	0.941965	0.25856	0.447868	0.456899	0.325509	0.341029	0.723399	0.673023	0.0724755	0.279171	0.240916	0.22006	0.406286	0.302988	0.255159	0.0282981	100.242	0.0995872	0.0298049	0.00732487
2127.38	0.00833333	0.948212	0.67651	0.391896	0.278293	0.210969	0.570263	0.174285	0.925439	0.142469	0.14928	0.262817	0.610756	0.448001	0.490438	0.169062	0.217366	98.0533	0.0999813	0.0297852	0.00126632
2127.41	0.00833333	0.947828	0.518666	0.282087	0.451814	0.567173	0.154338	0.868052	0.480176	0.164261	0.0585961	0.86037	0.226669	0.459885	0.611628	0.393847	0.138858	98.9684	0.0998269	0.0296972	0.00652854
2127.42	0.00833333	0.952327	0.13772	0.2213	0.627489	0.741657	0.306699	0.125728	0.521893	0.257256	0.10734	0.85991	0.0858384	0.474004	0.428301	0.541475	0.117484	99.1711	0.0998988	0.0285973	0.0237671
2127.49	0.00833333	0.945446	0.627402	0.400137	0.18121	0.232486	0.392603	0.0164026	0.254681	0.607256	0.675941	0.937929	0.0814483	0.5531	0.0556216	0.077452	0.00138671	98.7814	0.0999106	0.0297273	0.0135853
2127.49	0.00833333	0.951944	0.660705	0.499875	0.535438	0.921672	0.781788	0.309274	0.769429	0.00284229	0.278473	0.889956	0.67334	0.314088	0.353628	0.219144	0.0415605	98.7094	0.0995485	0.029508	0.0142112
2127.5	0.00833333	0.950473	0.459779	0.248247	0.428005	0.171536	0.0555947	0.995743	0.686733	0.483189	0.164764	0.0109884	0.101281	0.361162	0.0510569	0.328147	0.156199	99.0034	0.0994997	0.0295309	0.0150098
2127.52	0.00833333	0.955863	0.539828	0.589245	0.268415	0.675588	0.443984	0.490098	0.853871	0.119793	0.41687	0.1737	0.108981	0.184177	0.130008	0.179517	0.101289	98.1691	0.0999871	0.0295044	0.0153038
2127.54	0.00833333	0.95805	0.534971	0.372198	0.732562	0.120161	0.400355	0.782882	0.342339	0.160187	0.383178	0.37642	0.429956	0.386872	0.816093	0.136941	0.0589658	97.4796	0.0999735	0.0294189	0.0179132
2127.55	0.00833333	0.955361	0.603982	0.329508	0.491094	0.565506	0.262081	0.245357	0.487502	0.36582	0.0731995	0.462271	0.559081	0.158433	0.729086	0.150286	0.292948	98.5408	0.0997955	0.0284342	0.0235198
2127.6	0.00833333	0.948129	0.427569	0.667229	0.743389	0.922358	0.118558	0.0849572	0.547116	0.0996809	0.195812	0.970869	0.680052	0.66633	0.428864	0.232858	0.0328201	99.4801	0.0996483	0.0295192	0.0167002
2127.6	0.00833333	0.955995	0.14658	0.20723	0.263221	0.162602	0.234336	0.629221	0.14529	0.743357	0.244169	0.85269	0.143676	0.467182	0.399689	0.106941	0.293356	98.4395	0.0997304	0.0290358	0.0204072
2127.63	0.00833333	0.956848	0.370275	0.638138	0.778806	0.3085	0.184145	0.36014	0.462734	0.723756	0.00527598	0.0752699	0.749572	0.25132	0.320768	0.296805	0.0170934	98.244	0.0996539	0.0295141	0.0154537
2127.63	0.00833333	0.952172	0.63162	0.451206	0.32246	0.167678	0.584866	0.712185	0.166287	0.229564	0.220039	0.614013	0.629047	0.641705	0.678456	0.0644424	0.200319	99.2198	0.0997322	0.028976	0.0211044
2127.64	0.00833333	0.949633	0.41883	0.333835	0.700053	0.515842	0.349182	0.659489	0.397066	0.297664	0.729005	0.28495	0.539258	0.366089	0.437718	0.043598	0.0620489	98.7375	0.0996161	0.0295919	0.0126578
2127.64	0.00833333	0.955219	0.180628	0.390974	0.483827	0.359283	0.168043	0.182955	0.430058	0.633091	0.226383	0.230179	0.380011	0.32991	0.0642463	0.351073	0.0135749	98.7216	0.0996541	0.0283345	0.0248394
2127.65	0.00833333	0.946915	0.269126	0.0850185	0.508106	0.573302	0.040927	0.0785046	0.216376	0.114976	0.356272	0.444171	0.873613	0.488121	0.354431	0.192614	0.0099758	98.5202	0.0998754	0.0293944	0.0188666
2127.72	0.00833333	0.949578	0.407278	0.263947	0.91073	0.742906	0.141279	0.479108	0.20195	0.14051	0.0994393	0.0198811	0.774654	0.835436	0.728412	0.47459	0.0398392	97.8735	0.0999793	0.0298454	0.0116335
2127.72	0.00833333	0.951994	0.279107	0.99047	0.524091	0.639518	0.258237	0.118611	0.220187	0.335114	0.230566	0.35637	0.949645	0.5097	0.270087	0.336838	0.213813	99.0245	0.0999982	0.0286717	0.0234663
2127.72	0.00833333	0.956414	0.285786	0.585039	0.708085	0.958254	0.20183	0.257932	0.148734	0.669469	0.108177	0.0294889	0.515969	0.2207	0.635241	0.0410867	0.0805631	97.5916	0.0998306	0.0294016	0.0143495
2127.73	0.00833333	0.948586	0.246233	0.177899	0.980799	0.0490007	0.811766	0.531445	0.442503	0.396595	0.235808	0.214099	0.859788	0.960311	0.843102	0.291155	0.0212632	98.5832	0.0996386	0.0296105	0.0126926
2127.79	0.00833333	0.946135	0.0745039	0.883774	0.834008	0.211861	0.582251	0.368672	0.642099	0.692475	0.301264	0.454716	0.517127	0.993718	0.305337	0.034049	0.0285212	98.7056	0.0999839	0.0292315	0.0200143
2127.81	0.00833333	0.947849	0.307137	0.218809	0.515802	0.331463	0.875692	0.576897	0.698793	0.487655	0.459577	0.508156	0.76386	0.301918	0.414791	0.221972	0.0213427	98.8219	0.0997685	0.0296975	0.00924827
2127.84	0.00833333	0.947558	0.509395	0.260471	0.357993	0.659576	0.561906	0.63182	0.547563	0.429583	0.54182	0.565797	0.591169	0.413954	0.584403	0.121675	0.0637974	98.503	0.0999187	0.0298097	0.00687459
2127.84	0.00833333	0.946242	0.387104	0.755938	0.493423	0.557379	0.691694	0.206449	0.308257	0.74031	0.159112	0.240475	0.489464	0.405482	0.644441	0.143618	0.193735	98.7454	0.099876	0.0297622	0.0121947
2127.85	0.00833333	0.948658	0.293727	0.23916	0.323554	0.576041	0.324179	0.506268	0.868988	0.447137	0.488061	0.38072	0.365537	0.441263	0.484716	0.0268686	0.0662286	97.9823	0.0999358	0.0298995	0.0119841
2127.86	0.00833333	0.956624	0.738746	0.388114	0.340955	0.172459	0.247117	0.559823	0.412464	0.676824	0.4159	0.430716	0.653317	0.176947	0.112829	0.184479	0.0882096	98.4236	0.0996493	0.0295265	0.0141636
2127.86	0.00833333	0.952286	0.6135	0.825455	0.369259	0.739957	0.321708	0.18985	0.242415	0.313833	0.14097	0.365701	0.897737	0.844984	0.274431	0.0966015	0.0360363	99.4583	0.0997549	0.026486	0.0322756
2127.87	0.00833333	0.952914	0.882956	0.935785	0.826217	0.922088	0.882088	0.0204984	0.237792	0.100442	0.376444	0.587739	0.371956	0.610156	0.813574	0.00520954	0.0642619	98.2717	0.0997926	0.0294506	0.0179707
2127.87	0.00833333	0.951466	0.608379	0.0423933	0.298605	0.499333	0.419498	0.592267	0.794651	0.748041	0.0975175	0.615976	0.937731	0.409794	0.550053	0.0581829	0.186131	99.1217	0.099905	0.0261212	0.0331804
2127.87	0.00833333	0.951633	0.46069	0.689674	0.00760666	0.394263	0.539524	0.406187	0.181818	0.125345	0.175989	0.377893	0.11008	0.265314	0.514504	0.309743	0.0387324	99.056	0.0997973	0.0285791	0.0246265
2127.88	0.00833333	0.9534	0.635389	0.246335	0.378262	0.494529	0.0540396	0.620842	0.410574	0.0967161	0.0779329	0.354329	0.433255	0.40221	0.173485	0.519924	0.0998763	98.478	0.09953	0.0297421	0.00829286
2127.89	0.00833333	0.947651	0.181371	0.139124	0.725991	0.101544	0.00621471	0.46663	0.472256	0.111456	0.0223658	0.427587	0.315666	0.20444	0.7096	0.436233	0.219509	98.8628	0.0999	0.0294029	0.0165516
2127.89	0.00833333	0.944944	0.219888	0.27433	0.572089	0.268585	0.157034	0.93103	0.566893	0.0487555	0.513146	0.711175	0.415455	0.285575	0.250739	0.137038	0.0964443	99.7087	0.0993617	0.0296724	0.0113987
2127.9	0.00833333	0.958107	0.631462	0.300915	0.783538	0.141752	0.0831388	0.653331	0.47251	0.238146	0.195147	0.4793	0.709249	0.695159	0.358648	0.360515	0.208526	97.767	0.0997567	0.0290916	0.0193409
2127.95	0.00833333	0.948847	0.807341	0.14553	0.401969	0.582982	0.0615141	0.574468	0.785851	0.0652511	0.326537	0.395562	0.679658	0.455221	0.857894	0.184133	0.140048	99.0661	0.0999626	0.0293247	0.0197412
2127.96	0.00833333	0.953145	0.309948	0.347173	0.817444	0.543462	0.466437	0.395003	0.595903	0.09869	0.268235	0.629347	0.378268	0.869943	0.695643	0.60277	0.0105234	99.2261	0.0997225	0.0284722	0.0239916
2127.96	0.00833333	0.947323	0.224977	0.245162	0.21218	0.425402	0.908061	0.744452	0.587544	0.00748108	0.116077	0.752367	0.664031	0.274493	0.152141	0.180982	0.165359	99.2507	0.0999846	0.0294837	0.0184545
2127.98	0.00833333	0.953022	0.793005	0.0801257	0.946376	0.27747	0.621633	0.18843	0.233963	0.194934	0.105737	0.396818	0.988167	0.432443	0.546732	0.0918537	0.061719	97.438	0.099861	0.0298571	0.000446204
2127.98	0.00833333	0.949614	0.433903	0.561458	0.0193803	0.501839	0.149507	0.109898	0.347935	0.238599	0.110313	0.376031	0.568726	0.625139	0.137984	0.441961	0.036177	99.4504	0.0998853	0.0282339	0.0260689
2127.99	0.00833333	0.956928	0.0199004	0.0844965	0.636162	0.40128	0.590411	0.30782	0.969079	0.295102	0.262005	0.611272	0.729164	0.973258	0.31584	0.200555	0.102888	98.6167	0.0994704	0.0274547	0.0285307
2127.99	0.00833333	0.950585	0.0573059	0.540102	0.390253	0.381401	0.740959	0.111221	0.521988	0.471494	0.162108	0.0435683	0.387876	0.20006	0.329117	0.345884	0.101772	99.3136	0.0995187	0.0295819	0.0128848
2128.01	0.00833333	0.953245	0.584297	0.350694	0.380626	0.592319	0.868408	0.527146	0.318371	0.502468	0.188639	0.0604281	0.135947	0.531664	0.255713	0.0157682	0.00669459	97.2712	0.0998369	0.0299301	0.00760688
2128.01	0.00833333	0.94918	0.281514	0.372628	0.438648	0.876044	0.710437	0.725976	0.344555	0.0512356	0.050947	0.134592	0.309023	0.0584922	0.786307	0.302722	0.00474354	98.8661	0.099289	0.0296417	0.0032347
2128.02	0.00833333	0.957428	0.524246	0.461214	0.595298	0.439653	0.297967	0.133398	0.398504	0.137975	0.603661	0.588481	0.542341	0.366675	0.740076	0.0361151	0.251931	98.2014	0.0999596	0.0290012	0.0198382
2128.04	0.00833333	0.953373	0.162694	0.0404343	0.827723	0.459704	0.238194	0.699635	0.446838	0.165658	0.206612	0.618797	0.237558	0.666537	0.347483	0.026727	0.149826	98.2589	0.099629	0.0296099	0.0060276
2128.05	0.00833333	0.949126	0.543185	0.72001	0.545035	0.439204	0.495955	0.444446	0.530092	0.53507	0.401785	0.422497	0.201286	0.310719	0.134401	0.281629	0.000540704	98.4548	0.0996282	0.0298856	0.00636421
2128.05	0.00833333	0.954515	0.396447	0.137974	0.830381	0.302952	0.0438067	0.735715	0.411368	0.717391	0.187619	0.6483	0.393187	0.0787822	0.353386	0.334434	0.00613127	98.2859	0.099965	0.0294859	0.0125816
2128.08	0.00833333	0.953234	0.47263	0.584683	0.449635	0.355719	0.621717	0.400188	0.062087	0.391326	0.163249	0.744257	0.174085	0.632474	0.000215769	0.296756	0.156894	97.8073	0.0995817	0.0296737	0.0113489
2128.09	0.00833333	0.957918	0.064146	0.35301	0.83254	0.163746	0.75299	0.306188	0.516268	0.62557	0.401452	0.752407	0.253323	0.473513	0.378394	0.0935807	0.00599781	97.7127	0.0997549	0.0287991	0.0226815
2128.1	0.00833333	0.949389	0.749276	0.399685	0.379599	0.301399	0.47127	0.299167	0.173502	0.130311	0.213108	0.137753	0.220151	0.512763	0.784023	0.0311381	0.224391	99.1948	0.0999561	0.0283733	0.0258925
2128.11	0.00833333	0.94403	0.486834	0.108927	0.249624	0.111577	0.604288	0.179057	0.816998	0.91246	0.34499	0.075479	0.478002	0.331701	0.109786	0.0379229	0.161771	100.396	0.0998422	0.0297616	0.0107939
2128.18	0.00833333	0.946803	0.955568	0.529103	0.771924	0.767186	0.201975	0.166202	0.145457	0.448685	0.397261	0.522922	0.203723	0.729727	0.495769	0.272194	0.000792366	98.8292	0.0997785	0.0298831	0.00668816
2128.18	0.00833333	0.956459	0.863811	0.193163	0.683293	0.255473	0.062543	0.874015	0.596621	0.46077	0.221181	0.434118	0.452266	0.102683	0.725051	0.178856	0.0802646	97.1913	0.0998962	0.0295947	0.0160885
2128.18	0.00833333	0.957573	0.198692	0.631413	0.568042	0.230016	0.0880321	0.922506	0.0164	0.560401	0.108198	0.839905	0.472644	0.682907	0.379528	0.0655856	0.0833651	98.4964	0.0992774	0.0295806	0.00580699
2128.2	0.00833333	0.948101	0.786408	0.898915	0.200043	0.117225	0.677263	0.432854	0.0589612	0.872721	0.506779	0.82161	0.221372	0.290767	0.629349	0.289151	0.0556413	99.2898	0.0999046	0.0295651	0.0162083
2128.2	0.00833333	0.949173	0.103325	0.653841	0.396743	0.362047	0.348758	0.568199	0.387027	0.41787	0.165163	0.154079	0.707785	0.364388	0.287975	0.458011	0.0606772	100.128	0.0998266	0.0279635	0.0268385
2128.21	0.00833333	0.948608	0.321053	0.613959	0.467095	0.308802	0.604245	0.957408	0.955572	0.745496	0.12314	0.181819	0.0984107	0.670574	0.0335623	0.157515	0.158224	98.9519	0.0996433	0.0297756	0.0127356
2128.22	0.00833333	0.952487	0.469059	0.822115	0.808194	0.131872	0.457076	0.632376	0.600842	0.10937	0.2366	0.518868	0.561724	0.372749	0.726899	0.336132	0.158583	99.4467	0.0997713	0.0287357	0.0230865
2128.23	0.00833333	0.950929	0.367127	0.683039	0.334972	0.78872	0.471753	0.915998	0.569313	0.124411	0.190216	0.70374	0.0678931	0.193238	0.106975	0.338575	0.0130164	99.6509	0.0994163	0.0274534	0.0287721
2128.25	0.00833333	0.950747	0.0378045	0.421739	0.594675	0.00531096	0.377478	0.364251	0.443605	0.477611	0.65249	0.643609	0.284489	0.138203	0.47161	0.237165	0.188686	98.9239	0.0997445	0.0293595	0.0171205
2128.28	0.00833333	0.95112	0.277234	0.0754522	0.676372	0.433685	0.821936	0.303829	0.152395	0.763438	0.264115	0.361503	0.539863	0.109964	0.833855	0.0784909	0.0794466	100.054	0.0995948	0.0264156	0.0319371
2128.29	0.00833333	0.950352	0.440778	0.565707	0.363829	0.413865	0.587461	0.456709	0.0295683	0.598611	0.200386	0.0752183	0.435882	0.612106	0.353477	0.164621	0.01507	99.361	0.0996086	0.0285372	0.0240814
2128.3	0.00833333	0.949616	0.267463	0.500473	0.147212	0.312129	0.340798	0.928238	0.406464	0.675889	0.20697	0.570054	0.285096	0.484794	0.232517	0.0610357	0.18477	97.8575	0.0994181	0.0297482	5.61764e-05
2128.31	0.00833333	0.952774	0.104344	0.454952	0.66247	0.730561	0.113854	0.0922569	0.545615	0.859241	0.185589	0.0888077	0.191484	0.248239	0.434524	0.152498	0.100726	99.3821	0.0991534	0.0294064	0.0142671
2128.32	0.00833333	0.956269	0.182174	0.000679418	0.564852	0.34154	0.019688	0.357495	0.349908	0.165708	0.260917	0.395169	0.9767	0.548903	0.39563	0.729845	0.0118148	98.3219	0.0998065	0.0285075	0.0240272
2128.32	0.00833333	0.952105	0.374086	0.582605	0.131568	0.183887	0.0903509	0.124252	0.67721	0.108416	0.338544	0.745316	0.0438029	0.604974	0.460424	0.0596222	0.249811	98.6202	0.099222	0.0294708	0.0129994
2128.32	0.00833333	0.951405	0.612684	0.125449	0.60384	0.59054	0.769583	0.528048	0.117614	0.985189	0.42547	0.101237	0.897783	0.503497	0.0872859	0.110881	0.039769	98.7786	0.0996405	0.0285516	0.0237355
2128.32	0.00833333	0.943606	0.284526	0.72294	0.267942	0.856334	0.523913	0.497954	0.458437	0.388521	0.127512	0.317537	0.560879	0.308515	0.527164	0.122907	0.310354	100.106	0.0998202	0.029676	0.0113344
2128.33	0.00833333	0.95053	0.824135	0.492485	0.930424	0.210441	0.392065	0.802165	0.0706049	0.31765	0.145113	0.457116	0.56065	0.390486	0.571059	0.152881	0.335215	99.1321	0.0996474	0.0295917	0.00942837
2128.33	0.00833333	0.94642	0.351297	0.173299	0.934423	0.622808	0.579145	0.575404	0.415945	0.840096	0.00511858	0.891102	0.0903932	0.399835	0.520035	0.193693	0.145698	99.8066	0.0999583	0.0282802	0.0261544
2128.35	0.00833333	0.940241	0.680043	0.983815	0.269839	0.953533	0.675063	0.381084	0.309934	0.241232	0.0603639	0.131129	0.253532	0.601087	0.745739	0.179489	0.140165	99.8615	0.0997054	0.0297848	0.00270402
2128.35	0.00833333	0.957947	0.0213037	0.468233	0.543422	0.619643	0.344252	0.583361	0.764487	0.447504	0.00383151	0.590043	0.908327	0.106246	0.173554	0.40214	0.0267834	99.2947	0.0995487	0.0284783	0.023253
2128.35	0.00833333	0.948522	0.4561	0.4422	0.468322	0.153454	0.0182054	0.848066	0.427899	0.463696	0.0404615	0.360487	0.711987	0.774928	0.0919504	0.390951	0.137556	99.8192	0.0995413	0.0281154	0.0260333
2128.37	0.00833333	0.945947	0.464518	0.882119	0.741316	0.671857	0.157724	0.532971	0.543998	0.0362532	0.289161	0.62067	0.497318	0.439498	0.478343	0.221092	0.408291	99.041	0.0999166	0.0297242	0.00956755
2128.38	0.00833333	0.959532	0.898406	0.4225	0.247822	0.628201	0.110851	0.812772	0.516659	0.957221	0.27183	0.524001	0.288709	0.250751	0.336948	0.272789	0.00930677	98.3378	0.0997997	0.0290489	0.0191215
2128.41	0.00833333	0.95022	0.697651	0.102465	0.0873012	0.452836	0.435319	0.591119	0.517597	0.175158	0.0324515	0.732306	0.857652	0.44644	0.34775	0.383534	0.110627	100.173	0.0998991	0.0275654	0.0279482
2128.42	0.00833333	0.945581	0.590987	0.462233	0.463159	0.517953	0.587504	0.93715	0.647541	0.647884	0.731197	0.236264	0.352732	0.112925	0.495346	0.138157	0.0626205	98.8948	0.0997602	0.0297759	0.00725242
2128.42	0.00833333	0.945806	0.313801	0.992419	0.93542	0.396585	0.762641	0.541927	0.716383	0.698788	0.263296	0.0414653	0.807295	0.369169	0.455596	0.143939	0.193256	98.8761	0.0997577	0.0297532	0.00730503
2128.43	0.00833333	0.955818	0.956895	0.995993	0.475485	0.521159	0.262231	0.383056	0.674077	0.0361121	0.0297214	0.220988	0.373849	0.591756	0.274121	0.472797	0.14513	98.1573	0.0993873	0.0295335	0.0144995
2128.44	0.00833333	0.940602	0.224117	0.625922	0.150592	0.242492	0.811594	0.277577	0.270739	0.512354	0.267724	0.332196	0.163869	0.628849	0.484948	0.0242482	0.215724	100.057	0.0997545	0.029954	0.00586086
2128.44	0.00833333	0.958556	0.390177	0.0137889	0.506568	0.729581	0.0147591	0.681864	0.685232	0.800412	0.0764992	0.165411	0.879441	0.647202	0.465448	0.33401	0.0969325	98.0451	0.0999731	0.0269892	0.0309757
2128.45	0.00833333	0.943303	0.733265	0.607114	0.0110163	0.864671	0.168226	0.0282931	0.589696	0.12606	0.124114	0.206821	0.575664	0.877752	0.366857	0.263697	0.0989621	100.349	0.0994744	0.029617	0.00894162
2128.45	0.00833333	0.953149	0.565367	0.791023	0.96867	0.59063	0.598637	0.598996	0.104535	0.000739038	0.983937	0.37502	0.441643	0.0409735	0.11594	0.053895	0.0482928	98.5501	0.099965	0.0279971	0.0267694
2128.47	0.00833333	0.957383	0.827211	0.110263	0.588992	0.361029	0.513138	0.186092	0.225918	0.132444	0.139644	0.50563	0.449591	0.235404	0.0769017	0.416017	0.0727393	99.2412	0.0990706	0.0272521	0.0292287
2128.47	0.00833333	0.954875	0.160155	0.610819	0.00384459	0.17367	0.769473	0.877571	0.251687	0.427207	0.274653	0.392316	0.752856	0.107712	0.514409	0.136251	0.0118615	97.8794	0.0997404	0.0295387	0.013064
2128.48	0.00833333	0.941252	0.500433	0.745491	0.623586	0.403559	0.300288	0.554379	0.353324	0.0244577	0.260251	0.587864	0.0732531	0.695587	0.341511	0.243071	0.166484	99.6507	0.0995044	0.0298674	0.0033453
2128.49	0.00833333	0.951295	0.585682	0.673041	0.159395	0.401414	0.447089	0.546376	0.492413	0.655665	0.115974	0.165625	0.438044	0.241232	0.362273	0.290203	0.0357774	99.9811	0.0997567	0.0265536	0.0315711
2128.5	0.00833333	0.951872	0.448984	0.535571	0.5195	0.239127	0.173772	0.532816	0.755039	0.377099	0.330239	0.193611	0.0745808	0.494622	0.0128861	0.391463	0.0435916	99.921	0.0995191	0.0281509	0.025397
2128.51	0.00833333	0.944205	0.69044	0.865566	0.675978	0.433324	0.439549	0.884621	0.345262	0.582451	0.139514	0.919396	0.776006	0.549248	0.739811	0.259576	0.301393	99.1117	0.099844	0.0297466	0.00311055
2128.52	0.00833333	0.949599	0.642746	0.818187	0.665159	0.0959122	0.472103	0.454518	0.764046	0.10208	0.608805	0.283637	0.334831	0.0767776	0.2502	0.3067	0.0608261	99.8028	0.09933	0.0292021	0.0169002
2128.53	0.00833333	0.95367	0.769184	0.448376	0.752505	0.184774	0.399987	0.0733095	0.263746	0.18865	0.739778	0.276508	0.857305	0.416514	0.788342	0.211481	0.0247496	98.843	0.0995826	0.0293508	0.0165427
2128.54	0.00833333	0.951097	0.798578	0.378334	0.0948653	0.826001	0.33613	0.868297	0.626408	0.403683	0.180704	0.904602	0.56303	0.995087	0.371812	0.0317912	0.214823	99.9658	0.0992764	0.0293013	0.0146293
2128.56	0.00833333	0.957716	0.453836	0.983079	0.61623	0.53343	0.192006	0.501959	0.546017	0.537824	0.240638	0.862413	0.609154	0.481202	0.464696	0.289668	0.163126	98.4322	0.0996863	0.0290684	0.0188008
2128.58	0.00833333	0.952168	0.243084	0.110324	0.437499	0.66563	0.858892	0.346428	0.508156	0.250883	0.248549	0.0948033	0.572901	0.795352	0.144824	0.51805	0.0514707	98.0846	0.0998941	0.0294188	0.0166784
2128.59	0.00833333	0.953406	0.193674	0.283126	0.502557	0.643387	0.0748475	0.0998905	0.66462	0.61903	0.33149	0.141914	0.421336	0.191742	0.585797	0.132908	0.0283821	99.1927	0.0997983	0.0290961	0.0175691
2128.62	0.00833333	0.955535	0.0376106	0.591486	0.750013	0.531686	0.946245	0.273497	0.536159	0.274177	0.118205	0.329529	0.287857	0.516255	0.146044	0.472529	0.180895	98.4112	0.0997787	0.0288774	0.0216275
2128.63	0.00833333	0.951815	0.0776239	0.17371	0.145241	0.258637	0.478572	0.378389	0.680009	0.321192	0.201013	0.897675	0.742495	0.747238	0.158146	0.0656116	0.0121701	100.109	0.0996861	0.0275022	0.0289036
2128.65	0.00833333	0.944165	0.546058	0.0635596	0.790143	0.776451	0.0447748	0.110643	0.907234	0.3233	0.466343	0.667306	0.292383	0.548249	0.76704	0.180045	0.24833	98.6063	0.0999957	0.0296922	0.0144251
2128.65	0.00833333	0.95494	0.75419	0.689888	0.897061	0.487048	0.415054	0.108042	0.226287	0.075115	0.0795456	0.204257	0.195149	0.58534	0.446367	0.642644	0.0850116	97.9389	0.0997227	0.029622	0.012444
2128.65	0.00833333	0.951312	0.308624	0.325992	0.24739	0.551286	0.116302	0.385715	0.586949	0.543043	0.0291289	0.445805	0.559588	0.514099	0.530063	0.12516	0.141965	98.064	0.0998771	0.0295664	0.018135
2128.65	0.00833333	0.953583	0.192131	0.28732	0.119942	0.292816	0.385949	0.756868	0.628003	0.155546	0.208076	0.147285	0.15216	0.0456708	0.44133	0.443822	0.10946	98.7451	0.0995778	0.0294981	0.0110867
2128.66	0.00833333	0.949345	0.562031	0.597084	0.0627377	0.588087	0.821098	0.126235	0.0642869	0.595085	0.445497	0.592462	0.267286	0.931848	0.168276	0.0451345	0.173403	99.024	0.099927	0.0296148	0.0115343
2128.66	0.00833333	0.953839	0.402646	0.308927	0.297721	0.350673	0.316148	0.566432	0.640281	0.101712	0.443502	0.469248	0.0867926	0.287254	0.764139	0.261518	0.168887	98.5456	0.0995546	0.0277047	0.0278986
2128.66	0.00833333	0.954131	0.444504	0.626892	0.744172	0.217273	0.118202	0.0372322	0.674187	0.310015	0.595486	0.729652	0.18234	0.608499	0.434322	0.281411	0.118298	98.9217	0.0998482	0.0282728	0.0256087
2128.67	0.00833333	0.955558	0.492032	0.222138	0.637049	0.660811	0.511563	0.254971	0.485114	0.702594	0.0242459	0.289211	0.576189	0.124901	0.505784	0.438967	0.191471	97.5494	0.0999853	0.025248	0.0357675
2128.69	0.00833333	0.939381	0.302442	0.559232	0.792526	0.138788	0.154426	0.3318	0.0231294	0.189965	0.204346	0.527086	0.462842	0.227699	0.185103	0.293917	0.234248	99.7398	0.0994561	0.0298665	0.00371596
2128.69	0.00833333	0.95342	0.128065	0.59566	0.231545	0.145054	0.290032	0.170342	0.0128095	0.0222571	0.151885	0.288333	0.592469	0.600006	0.501705	0.769709	0.04306	99.1713	0.0997756	0.027685	0.0280863
2128.69	0.00833333	0.953493	0.151663	0.417566	0.708097	0.523859	0.248375	0.494176	0.327531	0.393962	0.948678	0.0190639	0.0478436	0.00575409	0.458818	0.0253835	0.216549	99.1894	0.099908	0.0282403	0.0255133
2128.69	0.00833333	0.954036	0.358447	0.582608	0.475482	0.835597	0.599944	0.888174	0.757716	0.545213	0.650722	0.00408331	0.349393	0.234312	0.398291	0.194713	0.0726816	99.1244	0.0997461	0.0289589	0.0205097
2128.69	0.00833333	0.948071	0.355608	0.538971	0.883254	0.0950781	0.787033	0.15203	0.3447	0.337417	0.593984	0.809036	0.661777	0.00481069	0.716323	0.199249	0.0995865	99.285	0.0999167	0.0289263	0.0229002
2128.7	0.00833333	0.954619	0.230306	0.894729	0.354004	0.227214	0.444812	0.536381	0.43941	0.759873	0.270099	0.778078	0.884521	0.863856	0.382899	0.198677	0.178039	98.5862	0.0996869	0.0287181	0.0217149
