distance	weight	r0	r1	r2	r3	r4	r5	r6	r7	r8	r9	r10	r11	r12	r13	r14	r15	tp	dr1	dr2
2958.78	0.00833333	1.15343	0.501101	0.96099	0.995823	0.647457	0.942518	0.421512	0.176642	0.294283	0.939737	0.519184	0.039245	0.530128	0.883617	0.712471	0.55264	69.9977	0.0449388	0.000479255
2958.78	0.00833333	1.18148	0.663892	0.244323	0.992153	0.441057	0.614394	0.84443	0.79293	0.779021	0.545809	0.496771	0.643256	0.260591	0.834457	0.668776	0.992079	45.1602	0.0594367	0.000385695
2958.78	0.00833333	1.84899	0.619345	0.224477	0.696973	0.540529	0.187124	0.01515	0.399497	0.467749	0.0451112	0.118416	0.450238	0.164532	0.0986545	0.53365	0.371353	77.4848	0.0270262	0.000611068
2958.78	0.00833333	0.222001	0.413032	0.339954	0.920539	0.638979	0.661458	0.517824	0.66499	0.838858	0.650759	0.504327	0.315858	0.577193	0.131622	0.927819	0.406995	36.9336	0.0138975	0.000198124
2958.78	0.00833333	2.11201	0.446952	0.125829	0.179647	0.680689	0.265513	0.143991	0.794551	0.0368677	0.79879	0.0159115	0.783035	0.762682	0.450381	0.473237	0.373813	45.5507	0.0138175	4.29215e-05
2958.78	0.00833333	1.86337	0.582416	0.601993	0.155957	0.448266	0.891739	0.777426	0.582396	0.675533	0.445729	0.840121	0.411164	0.430652	0.38808	0.174009	0.816811	88.6049	0.0773336	2.16612e-05
2958.78	0.00833333	2.64143	0.188716	0.298348	0.137624	0.373553	0.130337	0.48269	0.6995	0.942535	0.792013	0.0796459	0.635869	0.786614	0.956587	0.646998	0.454392	99.4754	0.0362167	5.8856e-05
2958.78	0.00833333	0.79493	0.516304	0.345857	0.239596	0.61634	0.730177	0.277093	0.0483505	0.501782	0.0661049	0.658321	0.0533997	0.987728	0.698966	0.473337	0.529324	29.5316	0.011131	0.000748787
2958.78	0.00833333	0.199783	0.887343	0.554224	0.707957	0.0440826	0.259196	0.0705507	0.780957	0.492631	0.452947	0.463376	0.126933	0.761306	0.0308392	0.985979	0.293065	65.395	0.0358389	0.000945385
2958.78	0.00833333	0.563392	0.776271	0.593171	0.207883	0.798746	0.455478	0.0383101	0.6322	0.789166	0.0848097	0.160579	0.653452	0.613426	0.769329	0.262525	0.935377	64.6982	0.0123184	0.00045209
2958.78	0.00833333	2.31678	0.598741	0.685349	0.242982	0.552402	0.720607	0.629154	0.315254	0.430999	0.450712	0.450232	0.462092	0.924935	0.0983832	0.1055	0.499287	82.8764	0.00402665	0.000572583
2958.78	0.00833333	0.854866	0.0673811	0.856347	0.16508	0.68522	0.898499	0.118821	0.702842	0.0515787	0.0433497	0.533938	0.2794	0.88661	0.356928	0.503161	0.875318	34.7488	0.0678068	0.000517003
2958.78	0.00833333	2.99549	0.183182	0.57893	0.586038	0.45238	0.349321	0.0423602	0.231059	0.387187	0.553819	0.603088	0.418676	0.736756	0.776683	0.170527	0.288228	84.4807	0.0589857	0.000153115
2958.78	0.00833333	1.61149	0.265202	0.698346	0.833136	0.660493	0.151745	0.702753	0.242009	0.901021	0.247697	0.551864	0.0720284	0.824134	0.396249	0.945253	0.0671855	55.2588	0.0823196	0.000177322
2958.78	0.00833333	1.10605	0.134512	0.0530531	0.790232	0.684804	0.673182	0.234309	0.797123	0.272589	0.128398	0.132938	0.701301	0.405235	0.262287	0.1251	0.490444	34.1041	0.0731982	0.000809513
2958.78	0.00833333	1.96415	0.462126	0.0245565	0.187181	0.985347	0.760867	0.335624	0.187922	0.161278	0.69241	0.415367	0.861702	0.268238	0.567982	0.222584	0.152289	89.1521	0.0903431	5.51076e-05
2958.78	0.00833333	0.270721	0.301655	0.954549	0.942738	0.399976	0.886496	0.860536	0.399236	0.454785	0.0688605	0.249949	0.468881	0.323238	0.914906	0.686525	0.126781	59.0367	0.0663107	0.000988512
2958.78	0.00833333	1.36327	0.0297796	0.730524	0.350329	0.602247	0.667527	0.123709	0.8383	0.379001	0.192323	0.584194	0.520113	0.800198	0.139287	0.0301596	0.973596	29.1438	0.0514956	0.0004363
2958.78	0.00833333	1.34054	0.324217	0.928292	0.257158	0.176835	0.969877	0.883854	0.100809	0.894131	0.304825	0.886254	0.940488	0.725821	0.0294277	0.175729	0.934042	90.1042	0.0554801	5.49771e-05
2958.78	0.00833333	2.4589	0.748624	0.364006	0.492011	0.393507	0.460458	0.830368	0.500945	0.803553	0.420364	0.309631	0.944894	0.531394	0.314172	0.971786	0.81953	59.11	0.0161096	0.000709915
2958.78	0.00833333	1.87399	0.947874	0.58414	0.169221	0.62052	0.439982	0.370635	0.469741	0.161489	0.637948	0.535853	0.85744	0.674097	0.478255	0.788767	0.0311009	79.5265	0.0864118	0.00041514
2958.78	0.00833333	0.391716	0.810361	0.975683	0.0856	0.83241	0.14631	0.680491	0.610111	0.592942	0.890453	0.0716349	0.494784	0.405293	0.783263	0.234412	0.419948	82.3525	0.0832285	0.000988617
2958.78	0.00833333	2.36559	0.119593	0.587175	0.84663	0.585258	0.529841	0.0767321	0.385325	0.530309	0.267955	0.556974	0.0446223	0.877281	0.647526	0.599143	0.60414	34.0137	0.0210226	0.00014812
2958.78	0.00833333	2.66823	0.706138	0.116133	0.639221	0.391208	0.303813	0.953232	0.268595	0.475866	0.562168	0.510765	0.708242	0.642376	0.810111	0.334144	0.298816	94.5296	0.0213262	6.1759e-05
2958.78	0.00833333	2.60534	0.202126	0.202463	0.167878	0.0489205	0.371173	0.324964	0.360824	0.901862	0.99151	0.193085	0.790953	0.594912	0.93362	0.869308	0.290888	70.0547	0.0417778	0.000811923
2958.78	0.00833333	0.863217	0.190071	0.27772	0.93424	0.886099	0.800334	0.405428	0.733948	0.723491	0.76672	0.287246	0.140179	0.322977	0.440886	0.546429	0.17791	83.9108	0.0453164	0.000218949
2958.78	0.00833333	1.34903	0.447014	0.446421	0.781304	0.523248	0.0567561	0.548024	0.423852	0.218618	0.626847	0.0205538	0.230321	0.171061	0.138744	0.456056	0.364993	35.1066	0.0219158	0.000214906
2958.78	0.00833333	2.88808	0.0199357	0.740847	0.579483	0.87027	0.175196	0.216708	0.442956	0.451837	0.140353	0.487833	0.00538714	0.399661	0.442873	0.245642	0.570934	97.1836	0.0615194	0.000224224
2958.78	0.00833333	0.200063	0.539922	0.555378	0.160558	0.438924	0.0820043	0.230964	0.0952242	0.510445	0.233091	0.807091	0.96541	0.673336	0.694415	0.646499	0.510858	35.4596	0.00943356	0.000728554
2958.78	0.00833333	0.0629233	0.484928	0.757727	0.762306	0.0516748	0.184536	0.898239	0.935402	0.379889	0.396857	0.847855	0.532181	0.612017	0.384448	0.470829	0.890763	33.3822	0.0999339	0.00054274
2958.78	0.00833333	2.27804	0.0843766	0.628637	0.279233	0.159743	0.0712804	0.178004	0.504258	0.600156	0.881224	0.574677	0.618168	0.674888	0.138257	0.534365	0.168965	48.6876	0.0731926	0.000310167
2958.78	0.00833333	0.930274	0.546265	0.986104	0.469443	0.447543	0.0503769	0.574158	0.1059	0.253161	0.750756	0.681165	0.041318	0.0379366	0.847239	0.871932	0.461397	74.5092	0.0447445	0.000232799
2958.78	0.00833333	0.166793	0.511226	0.551164	0.954368	0.780419	0.905488	0.151273	0.256018	0.439479	0.477338	0.437291	0.646386	0.999499	0.60841	0.599016	0.874688	61.5766	0.038787	0.000625975
2958.78	0.00833333	2.18574	0.536476	0.822468	0.798062	0.192008	0.421267	0.672857	0.125027	0.761011	0.651124	0.619362	0.662281	0.961291	0.617375	0.617292	0.0399805	55.9275	0.0196433	0.000294597
2958.78	0.00833333	0.900219	0.841971	0.124797	0.78857	0.366359	0.913971	0.862964	0.367744	0.0223987	0.207047	0.313316	0.750205	0.706872	0.0507651	0.180981	0.365174	98.9404	0.0175062	0.000939235
2958.78	0.00833333	1.89108	0.129942	0.568929	0.67068	0.281162	0.67119	0.396807	0.65818	0.12747	0.75931	0.262937	0.0085118	0.45569	0.0828671	0.731484	0.399798	74.507	0.0315886	0.000576976
2958.78	0.00833333	2.46216	0.658322	0.768893	0.453194	0.802705	0.509641	0.439073	0.300182	0.0829505	0.691179	0.465875	0.898427	0.0857307	0.734181	0.789692	0.0959482	65.3688	0.0263252	0.000682713
2958.78	0.00833333	2.17811	0.0865622	0.769516	0.889608	0.809728	0.595641	0.336873	0.276176	0.824171	0.19407	0.138916	0.765394	0.0536976	0.851115	0.423843	0.634973	59.1404	0.0093526	9.39186e-06
2958.78	0.00833333	1.41951	0.622968	0.367727	0.43523	0.560983	0.740317	0.0783844	0.562871	0.511045	0.178405	0.270761	0.817114	0.342497	0.617918	0.0367743	0.597537	28.0102	0.0514792	0.000535698
2958.78	0.00833333	0.690599	0.732212	0.208653	0.856795	0.802219	0.0912694	0.654696	0.189834	0.420902	0.385057	0.428472	0.823947	0.721082	0.885326	0.0776913	0.569334	55.347	0.0563401	0.000489393
2958.78	0.00833333	1.98614	0.398767	0.57978	0.580237	0.766589	0.830171	0.552439	0.357771	0.944159	0.281616	0.351637	0.909866	0.383986	0.176666	0.553386	0.757974	83.0764	0.0981007	0.000201342
2958.78	0.00833333	0.956125	0.288771	0.576492	0.852272	0.928555	0.0986447	0.521668	0.575684	0.598909	0.286584	0.0556866	0.234926	0.599883	0.952225	0.227802	0.646496	60.5681	0.0962927	0.000729121
2958.78	0.00833333	1.39514	0.803078	0.255393	0.144202	0.134686	0.643032	0.302661	0.326015	0.765641	0.674187	0.650862	0.977282	0.733839	0.139545	0.491111	0.807512	53.1861	0.0716557	0.000145495
2958.78	0.00833333	0.63052	0.89132	0.0419504	0.141144	0.593623	0.330528	0.360402	0.644606	0.336898	0.741604	0.982001	0.560971	0.832849	0.570354	0.563336	0.365744	86.5358	0.0240095	0.000328709
2958.78	0.00833333	0.63062	0.61061	0.167019	0.346491	0.694538	0.745132	0.0833086	0.963016	0.768921	0.299045	0.595749	0.484996	0.346986	0.040462	0.286869	0.736342	84.4283	0.07664	0.000395483
2958.78	0.00833333	2.3358	0.394219	0.541966	0.674501	0.699217	0.63433	0.0291322	0.00776967	0.483739	0.392937	0.402341	0.460105	0.536468	0.474144	0.564658	0.421568	57.6173	0.00873153	0.000298038
2958.78	0.00833333	1.4063	0.909266	0.367041	0.459751	0.0268388	0.776196	0.493294	0.377048	0.0847839	0.799892	0.12344	0.84924	0.882374	0.72521	0.43399	0.214904	29.6723	0.058238	0.000493119
2958.78	0.00833333	2.93417	0.46066	0.296178	0.892641	0.639134	0.356888	0.691763	0.75881	0.389969	0.449772	0.165701	0.885397	0.167308	0.59774	0.456661	0.469576	93.0381	0.0676513	0.000579867
2958.78	0.00833333	1.17477	0.029566	0.757126	0.995544	0.331689	0.563714	0.582772	0.442169	0.596953	0.955259	0.726585	0.0615135	0.567981	0.518284	0.000532821	0.463982	53.7415	0.0825145	0.00023277
2958.78	0.00833333	2.648	0.842895	0.192445	0.467643	0.180415	0.956103	0.208268	0.506042	0.0652135	0.485743	0.502635	0.851997	0.654344	0.432592	0.516215	0.49167	43.9885	0.0498685	0.000520225
2958.78	0.00833333	0.0734354	0.270876	0.0152372	0.458117	0.900248	0.412296	0.493386	0.762058	0.509581	0.554375	0.982705	0.734402	0.570102	0.419581	0.368587	0.182151	42.6109	0.0714713	0.000353135
2958.78	0.00833333	0.808087	0.344276	0.939332	0.33403	0.962575	0.571916	0.423446	0.210149	0.913729	0.788269	0.322389	0.601782	0.59301	0.905742	0.302897	0.272755	73.7211	0.0204648	0.000637244
2958.78	0.00833333	0.893671	0.432481	0.749927	0.259721	0.830555	0.124444	0.479561	0.789137	0.823059	0.052492	0.496059	0.404402	0.359727	0.945938	0.837658	0.252261	71.4497	0.0908555	2.78988e-05
2958.78	0.00833333	2.0257	0.211084	0.979294	0.984697	0.844705	0.579483	0.243526	0.334379	0.429468	0.266842	0.62345	0.0719521	0.930276	0.627468	0.658167	0.141251	57.4545	0.0727221	0.000321156
2958.78	0.00833333	0.131356	0.181286	0.587568	0.745744	0.816988	0.484837	0.36638	0.423211	0.413527	0.223624	0.791881	0.220437	0.705004	0.799931	0.152211	0.355851	60.2241	0.0271934	0.000962415
2958.78	0.00833333	2.34657	0.979715	0.228016	0.800907	0.702139	0.247154	0.20822	0.89384	0.821942	0.508757	0.683978	0.861183	0.842926	0.256201	0.660277	0.0915315	42.5315	0.0416593	0.000685248
2958.78	0.00833333	0.835216	0.510638	0.607471	0.688623	0.88819	0.556579	0.416126	0.712682	0.624638	0.199944	0.588959	0.75114	0.214873	0.757459	0.480947	0.470501	87.2836	0.0353766	0.00015108
2958.78	0.00833333	1.68938	0.337432	0.40806	0.877587	0.315223	0.640235	0.916728	0.709434	0.513648	0.554404	0.562381	0.313372	0.424413	0.773543	0.668461	0.463546	90.0412	0.0201091	0.000602727
2958.78	0.00833333	0.961776	0.902836	0.61803	0.792877	0.574874	0.259357	0.339562	0.167713	0.507661	0.170836	0.940072	0.467889	0.132346	0.666968	0.876864	0.595299	70.181	0.0405622	0.000301827
2958.78	0.00833333	0.669412	0.0573485	0.824108	0.871851	0.343827	0.908999	0.69412	0.498418	0.0267999	0.434544	0.574865	0.281363	0.731309	0.684897	0.78107	0.51854	62.947	0.0688883	0.000126896
2958.78	0.00833333	2.19786	0.366852	0.780878	0.975052	0.653379	0.292726	0.702485	0.459713	0.0576517	0.163249	0.641778	0.861618	0.11578	0.616064	0.317562	0.762478	52.0482	0.0901836	0.000613209
2958.78	0.00833333	0.626543	0.396523	0.246629	0.0165643	0.752788	0.760984	0.0220565	0.143848	0.775295	0.649895	0.232774	0.314467	0.0265327	0.245838	0.41975	0.351071	29.1503	0.00988932	0.000388835
2958.78	0.00833333	2.42296	0.275112	0.687917	0.168389	0.946244	0.161898	0.526429	0.237244	0.737621	0.573078	0.389735	0.604379	0.146954	0.69616	0.388182	0.0761684	37.1897	0.0408585	0.000500828
2958.78	0.00833333	1.07165	0.247336	0.267822	0.716728	0.145076	0.749021	0.48423	0.357597	0.574605	0.513995	0.235346	0.045904	0.44724	0.277332	0.49457	0.682507	56.9176	0.0565686	7.3472e-05
2958.78	0.00833333	2.7235	0.902574	0.936163	0.527556	0.435852	0.375532	0.993839	0.0138076	0.493466	0.887078	0.76668	0.693608	0.619099	0.03001	0.443719	0.18084	63.9382	0.0755315	0.000735274
2958.78	0.00833333	1.63572	0.238862	0.694659	0.807672	0.266176	0.106103	0.671226	0.959099	0.949892	0.947023	0.237247	0.571534	0.0553297	0.448434	0.290668	0.631003	92.817	0.0142706	0.000376365
2958.78	0.00833333	0.780222	0.258015	0.476981	0.166202	0.88747	0.323201	0.868765	0.43208	0.857932	0.32637	0.171469	0.338396	0.93249	0.235306	0.0752055	0.76315	59.77	0.0976746	0.000492636
2958.78	0.00833333	0.351773	0.399631	0.977115	0.501294	0.669572	0.63773	0.0421609	0.244495	0.412208	0.418838	0.724699	0.907285	0.663536	0.637102	0.992827	0.386217	59.2484	0.0424248	0.000183166
2958.78	0.00833333	1.64581	0.606852	0.0415552	0.353559	0.353579	0.731565	0.642626	0.0820324	0.189407	0.768302	0.156905	0.600826	0.355814	0.241099	0.852642	0.254435	32.6788	0.0739964	0.000409577
2958.78	0.00833333	1.55647	0.201711	0.207698	0.460728	0.86043	0.456947	0.425924	0.0733736	0.300571	0.678046	0.505171	0.595652	0.0447548	0.125705	0.792478	0.266106	65.259	0.0504634	0.00012134
2958.78	0.00833333	2.4939	0.528913	0.592244	0.39375	0.00875464	0.178991	0.0125064	0.498639	0.564589	0.364772	0.471491	0.529603	0.617167	0.197137	0.19359	0.967698	90.2973	0.0163182	0.000652459
2958.78	0.00833333	0.0751261	0.66846	0.159526	0.698006	0.725455	0.674659	0.845126	0.771225	0.430982	0.241193	0.604381	0.898278	0.308735	0.0630934	0.0990478	0.885852	32.7565	0.0302107	0.000321522
2958.78	0.00833333	2.19155	0.783582	0.218106	0.0488142	0.340989	0.970657	0.229646	0.837629	0.275863	0.773945	0.171148	0.585095	0.353046	0.151897	0.538311	0.791023	43.9113	0.00488073	0.000902047
2958.78	0.00833333	2.01139	0.353052	0.791627	0.250962	0.179115	0.697678	0.443228	0.287229	0.0968235	0.615567	0.148157	0.316314	0.553027	0.63486	0.651328	0.895533	77.913	0.0772124	9.31192e-05
2958.78	0.00833333	0.817247	0.407686	0.504599	0.359634	0.734622	0.167921	0.327013	0.519358	0.946213	0.00435299	0.984317	0.588239	0.585594	0.638815	0.0919168	0.114051	53.0107	0.0650397	0.000966243
2958.78	0.00833333	2.09792	0.546442	0.401429	0.906681	0.336946	0.581121	0.669488	0.339382	0.476761	0.852539	0.408503	0.7054	0.806604	0.608716	0.0725802	0.723881	32.5948	0.0815044	0.000435895
2958.78	0.00833333	0.287484	0.0345636	0.848666	0.0369057	0.504678	0.0552397	0.555169	0.306733	0.719331	0.0564963	0.225045	0.764265	0.961176	0.140871	0.146072	0.416675	58.6282	0.0553003	0.000277061
2958.78	0.00833333	0.969457	0.858494	0.940272	0.237848	0.948979	0.662045	0.616949	0.812512	0.720304	0.413839	0.310061	0.960941	0.356848	0.519496	0.570918	0.776503	84.9985	0.0700216	0.000357646
2958.78	0.00833333	1.40327	0.819994	0.454583	0.562806	0.82444	0.724894	0.265363	0.755301	0.290364	0.0483508	0.670641	0.166963	0.874406	0.543335	0.538231	0.353636	45.6885	0.00186194	0.000613261
2958.78	0.00833333	0.758511	0.149106	0.628218	0.25231	0.449493	0.774655	0.0755265	0.490712	0.0769827	0.220949	0.376734	0.254018	0.438828	0.474278	0.1373	0.307449	28.4139	0.0887305	0.000262812
2958.78	0.00833333	0.739688	0.508182	0.128562	0.972363	0.59125	0.0784893	0.856332	0.346615	0.674725	0.846685	0.39936	0.554867	0.219759	0.243466	0.581074	0.667131	30.8218	0.00801972	0.000591213
2958.78	0.00833333	2.72884	0.149423	0.444072	0.975981	0.484202	0.364306	0.808255	0.298211	0.285261	0.164369	0.701558	0.9007	0.0981126	0.891726	0.308776	0.0164486	98.9311	0.0964897	0.000366866
2958.78	0.00833333	0.41967	0.168205	0.573513	0.708405	0.739328	0.125577	0.810557	0.788106	0.740721	0.529769	0.27623	0.62083	0.911699	0.493452	0.769214	0.32266	43.9121	0.0286601	0.000396439
2958.78	0.00833333	1.75571	0.730739	0.411352	0.087459	0.333379	0.808794	0.17904	0.991754	0.811277	0.787703	0.212921	0.599208	0.978334	0.260673	0.611119	0.23552	77.8148	0.0167964	0.000886574
2958.78	0.00833333	2.76836	0.454522	0.816859	0.889257	0.572246	0.436593	0.769104	0.137434	0.0981901	0.86868	0.723714	0.841422	0.53901	0.397811	0.515332	0.221238	75.8492	0.0294182	0.000159415
2958.78	0.00833333	2.20575	0.537954	0.310637	0.0666196	0.283334	0.588133	0.587097	0.0951626	0.410967	0.503347	0.961269	0.683875	0.910685	0.0864707	0.668399	0.895496	70.5529	0.0777947	0.000296625
2958.78	0.00833333	1.20217	0.585013	0.551004	0.646328	0.995787	0.0201879	0.834227	0.285713	0.914227	0.700136	0.230718	0.218256	0.608396	0.41398	0.385478	0.388549	76.0432	0.0178943	0.000871166
2958.78	0.00833333	2.77842	0.45941	0.386222	0.444617	0.862851	0.702187	0.390746	0.0746101	0.362544	0.976719	0.877451	0.319222	0.59214	0.585044	0.252773	0.595263	29.1432	0.0204504	0.000729576
2958.78	0.00833333	0.282589	0.855213	0.0108924	0.708598	0.903659	0.586048	0.191402	0.672533	0.147176	0.513856	0.663068	0.262336	0.357412	0.104833	0.408374	0.169481	78.9675	0.0380992	0.000366081
2958.78	0.00833333	0.922118	0.181127	0.886444	0.872757	0.956505	0.908312	0.445803	0.581283	0.19578	0.898472	0.0147751	0.635921	0.740885	0.640972	0.371373	0.313261	63.1155	0.0235941	0.000326733
2958.78	0.00833333	1.06735	0.405475	0.498433	0.663852	0.453864	0.659186	0.20517	0.614564	0.432081	0.0504991	0.606633	0.381192	0.301609	0.602105	0.141148	0.926033	55.6175	0.0914417	0.000211449
2958.78	0.00833333	1.48065	0.316669	0.837926	0.073393	0.387855	0.189363	0.352401	0.232274	0.409435	0.827416	0.333398	0.535796	0.232702	0.166082	0.859876	0.825436	82.8904	0.0300796	0.000107131
2958.78	0.00833333	0.283187	0.294979	0.602299	0.139531	0.384464	0.439815	0.679496	0.480025	0.204137	0.0344697	0.396487	0.575147	0.634793	0.96315	0.932713	0.849104	45.3685	0.0531577	0.000104189
2958.78	0.00833333	1.58825	0.937184	0.893464	0.040223	0.29713	0.455184	0.229448	0.636343	0.0231024	0.12882	0.787136	0.559785	0.140115	0.654642	0.675724	0.428971	44.5051	0.00554655	0.000214367
2958.78	0.00833333	1.42828	0.316082	0.217674	0.631645	0.913684	0.181994	0.630753	0.401828	0.235445	0.615079	0.563878	0.632532	0.216356	0.502741	0.533343	0.852564	85.3214	0.0492619	0.000606865
2958.78	0.00833333	1.55338	0.397058	0.587539	0.369263	0.673596	0.843071	0.353233	0.707052	0.212641	0.815019	0.491049	0.664433	0.120235	0.778631	0.500744	0.346429	34.7455	0.095463	0.000775122
2958.78	0.00833333	1.72618	0.934232	0.700501	0.632036	0.719758	0.300945	0.561931	0.965594	0.0750782	0.390394	0.469011	0.0150141	0.518564	0.797754	0.422155	0.0890601	27.2706	0.0532006	0.000526055
2958.78	0.00833333	1.17902	0.2998	0.664571	0.739385	0.548328	0.37269	0.994025	0.830975	0.0403154	0.643362	0.0488701	0.293522	0.540007	0.0483793	0.988613	0.846791	33.4255	0.0191319	0.000971914
2958.78	0.00833333	1.04347	0.262087	0.601751	0.098595	0.189806	0.934438	0.401115	0.745165	0.124787	0.799039	0.943313	0.893767	0.374903	0.710639	0.778982	0.720771	56.7413	0.0944134	0.000851888
2958.78	0.00833333	2.40434	0.239551	0.131514	0.544728	0.664684	0.650449	0.614731	0.440101	0.556457	0.646648	0.98542	0.750789	0.12229	0.48982	0.542185	0.632159	45.9779	0.0617642	0.00018918
2958.78	0.00833333	2.2256	0.220057	0.305571	0.406253	0.105022	0.387932	0.887958	0.592937	0.414659	0.155597	0.853121	0.195569	0.0520804	0.775752	0.861485	0.0135649	90.3157	0.0395075	0.000158498
2958.78	0.00833333	0.510774	0.576854	0.156336	0.1829	0.199787	0.077728	0.758621	0.28526	0.128739	0.171109	0.3817	0.474304	0.618546	0.881968	0.445043	0.848766	80.5404	0.0633389	0.00056375
2958.78	0.00833333	2.79891	0.977304	0.29273	0.0644586	0.866135	0.761488	0.277112	0.217031	0.502284	0.0186375	0.469336	0.374306	0.751967	0.171098	0.592675	0.122052	37.562	0.0116	0.00041161
2958.78	0.00833333	1.32591	0.106959	0.676287	0.182611	0.975485	0.276653	0.909313	0.728749	0.470603	0.703285	0.386707	0.763184	0.743751	0.532101	0.632916	0.696531	74.0119	0.0573168	0.000642295
2958.78	0.00833333	2.76994	0.253108	0.74253	0.236969	0.95106	0.0832931	0.89063	0.325627	0.302506	0.416185	0.65464	0.39694	0.593076	0.722928	0.323173	0.828644	33.5654	0.0309587	0.000225424
2958.78	0.00833333	0.866104	0.374443	0.902058	0.319554	0.195139	0.746827	0.678061	0.525377	0.94705	0.852215	0.717221	0.0210399	0.677212	0.634145	0.372727	0.52054	56.3607	0.0283104	0.00061586
2958.78	0.00833333	0.179045	0.844266	0.951403	0.422985	0.668408	0.546434	0.389687	0.559712	0.490528	0.872793	0.27391	0.0712541	0.685895	0.85046	0.213923	0.728399	70.4061	0.0126508	0.000381168
2958.78	0.00833333	1.66696	0.631765	0.0972328	0.197893	0.930995	0.0721065	0.57289	0.412893	0.337739	0.516546	0.492257	0.47548	0.773243	0.599051	0.135725	0.525663	78.6335	0.0610768	0.000155057
2958.78	0.00833333	1.82389	0.839362	0.0934559	0.456971	0.243922	0.784143	0.0988106	0.937041	0.80511	0.819082	0.649388	0.56334	0.392481	0.150627	0.450874	0.860237	76.4415	0.0662064	0.000120429
2958.78	0.00833333	1.77393	0.0771902	0.896886	0.393573	0.384808	0.830945	0.460242	0.108858	0.853444	0.173823	0.105887	0.572782	0.542499	0.662654	0.873456	0.285069	43.2325	0.0844623	3.56474e-05
2958.78	0.00833333	1.14958	0.395426	0.342492	0.601221	0.35634	0.509885	0.669103	0.710656	0.514192	0.733562	0.649432	0.432069	0.407212	0.413916	0.139805	0.715838	63.7935	0.0288035	0.000600074
2958.78	0.00833333	1.3043	0.583142	0.608392	0.526417	0.857236	0.67566	0.75347	0.655029	0.8101	0.579746	0.124369	0.013369	0.757931	0.719077	0.373301	0.26186	42.8336	0.0185174	4.33691e-05
2958.78	0.00833333	2.00575	0.305143	0.116611	0.54109	0.574007	0.953422	0.228187	0.559916	0.178812	0.39565	0.996278	0.953442	0.777447	0.49715	0.395779	0.834792	41.4597	0.0533847	0.000117336
2958.78	0.00833333	0.724218	0.501222	0.71756	0.523237	0.591153	0.660131	0.961069	0.424015	0.0852619	0.13428	0.578163	0.855273	0.255332	0.563833	0.104996	0.302112	30.9761	0.0712456	0.000366131
2958.78	0.00833333	0.485012	0.304869	0.91189	0.743375	0.558444	0.233631	0.307317	0.665473	0.996724	0.728397	0.114526	0.428115	0.0659644	0.871945	0.659972	0.505527	97.844	0.0323941	0.000975887
2958.78	0.00833333	1.1677	0.972219	0.607456	0.753522	0.423345	0.642595	0.733089	0.326051	0.361072	0.193743	0.727675	0.513484	0.546556	0.301125	0.0463761	0.395403	90.2717	0.0789833	0.000618119
2958.78	0.00833333	0.433854	0.369908	0.931616	0.568919	0.283918	0.193173	0.41296	0.226644	0.77163	0.536461	0.53636	0.836645	0.0541116	0.620574	0.32614	0.821285	74.1096	0.0933718	0.000217078
2958.78	0.00833333	1.52774	0.214938	0.954849	0.710325	0.108939	0.0910128	0.461042	0.196042	0.521559	0.665132	0.890621	0.605638	0.869206	0.473963	0.660677	0.187733	55.3667	0.0691225	0.000796428
2958.78	0.00833333	1.55224	0.700517	0.326076	0.362414	0.142698	0.312336	0.361961	0.584102	0.991821	0.463156	0.70137	0.440113	0.505804	0.61011	0.946384	0.480199	91.6078	0.0455856	0.00048422
2958.78	0.00833333	0.713809	0.53495	0.999791	0.447272	0.339639	0.98716	0.0988128	0.991595	0.343643	0.516985	0.00627628	0.868312	0.271074	0.311904	0.359076	0.0869512	27.7697	0.0703676	0.00051878
