distance	weight	r0	r1	r2	r3	r4	r5	r6	r7	r8	r9	r10	r11	r12	r13	r14	r15	tp	dr1	dr2
2958.78	0.00833333	0.0748957	0.235695	0.652335	0.431625	0.300695	0.717888	0.655381	0.000900805	0.0679187	0.116117	0.559432	0.460457	0.602704	0.550442	0.771045	0.653764	85.5268	0.0851122	0.000539421
2958.78	0.00833333	0.992234	0.996946	0.833634	0.216026	0.49845	0.902997	0.782976	0.394978	0.303559	0.683355	0.207546	0.643361	0.375636	0.500581	0.959752	0.442427	65.4875	0.0209287	0.000973271
2958.78	0.00833333	0.613093	0.826512	0.540422	0.627192	0.657999	0.835388	0.476735	0.802675	0.179391	0.590539	0.178565	0.855918	0.678289	0.385398	0.744375	0.323803	62.2269	0.00469046	0.00064291
2958.78	0.00833333	0.274514	0.0330246	0.351038	0.623797	0.599055	0.30351	0.878626	0.945202	0.525706	0.155735	0.856955	0.0329593	0.313448	0.490664	0.604252	0.68119	76.9091	0.0581131	0.000703175
2958.78	0.00833333	2.23466	0.399407	0.270183	0.55489	0.338158	0.931735	0.168975	0.206441	0.80173	0.735577	0.365859	0.575354	0.692405	0.157609	0.929013	0.916693	63.2792	0.0063986	0.000432886
2958.78	0.00833333	1.23759	0.640623	0.184814	0.218369	0.075637	0.397238	0.51829	0.353782	0.165491	0.0521458	0.0426033	0.65655	0.708832	0.610145	0.661392	0.926985	46.5136	0.0145805	0.000471397
2958.78	0.00833333	0.0255768	0.132315	0.395228	0.0216511	0.572184	0.464766	0.273045	0.595808	0.404205	0.747592	0.194191	0.915367	0.514055	0.746209	0.181638	0.55476	70.6786	0.0918197	0.000643112
2958.78	0.00833333	1.51581	0.190305	0.680241	0.905969	0.583311	0.118807	0.226866	0.66567	0.122831	0.829589	0.953171	0.524932	0.3619	0.338628	0.0512044	0.618187	79.6044	0.0275215	0.000919104
2958.78	0.00833333	2.3941	0.965829	0.597801	0.384274	0.838058	0.388186	0.59257	0.737072	0.39014	0.332983	0.164054	0.0671545	0.573957	0.183436	0.363505	0.915426	47.0075	0.0315305	0.000246284
2958.78	0.00833333	2.43371	0.863781	0.87018	0.146165	0.603382	0.899468	0.0180624	0.590525	0.279325	0.836291	0.783576	0.218457	0.853943	0.44074	0.171555	0.161801	90.2758	0.0597552	0.000502033
2958.78	0.00833333	2.55852	0.022962	0.566648	0.191959	0.844367	0.711968	0.072942	0.590632	0.108805	0.207691	0.249734	0.437473	0.532326	0.519852	0.719855	0.9242	37.4564	0.0795617	0.000274285
2958.78	0.00833333	1.19367	0.628847	0.118438	0.57596	0.380157	0.848173	0.0945009	0.725345	0.428775	0.64242	0.162412	0.670253	0.913369	0.628343	0.73267	0.640186	46.1841	0.0585135	0.000672272
2958.78	0.00833333	1.77368	0.504436	0.55318	0.0144976	0.496495	0.508521	0.435622	0.0668939	0.821645	0.430731	0.516562	0.439859	0.164189	0.42963	0.56676	0.832165	42.1993	0.0800543	0.00045307
2958.78	0.00833333	1.8463	0.302601	0.402966	0.139778	0.455743	0.822471	0.0213096	0.47339	0.912757	0.237699	0.478758	0.477529	0.754361	0.102914	0.229834	0.553229	62.0341	0.0499105	0.000349041
2958.78	0.00833333	2.94356	0.389342	0.917545	0.224074	0.28551	0.752838	0.939199	0.495458	0.0239308	0.830047	0.488359	0.547389	0.140355	0.761722	0.458861	0.906607	45.2932	0.0690169	0.000761889
2958.78	0.00833333	1.57476	0.672006	0.511644	0.943111	0.0346096	0.746934	0.547427	0.176177	0.941187	0.599309	0.797226	0.557596	0.611708	0.341041	0.226895	0.546888	99.4259	0.0976426	0.000493203
2958.78	0.00833333	0.220004	0.99451	0.654456	0.815617	0.56314	0.746186	0.944403	0.245122	0.984982	0.757179	0.833642	0.576459	0.359274	0.614552	0.0491358	0.310824	69.9062	0.0713814	0.000423799
2958.78	0.00833333	2.40641	0.105807	0.939628	0.538244	0.147752	0.533641	0.745141	0.710536	0.915781	0.684513	0.715108	0.688665	0.672557	0.0522544	0.886655	0.761957	87.4732	0.0254869	0.000287221
2958.78	0.00833333	1.56819	0.481889	0.898721	0.583839	0.624024	0.202608	0.499497	0.571956	0.332981	0.0303848	0.362648	0.536268	0.374722	0.129928	0.799572	0.744268	86.8826	0.0917933	0.000663457
2958.78	0.00833333	1.35621	0.841601	0.0397246	0.0472099	0.52312	0.816992	0.354886	0.374928	0.280525	0.251856	0.610773	0.559918	0.229899	0.170013	0.946115	0.728936	74.3816	0.036937	0.000169344
2958.78	0.00833333	2.17203	0.308322	0.727276	0.85184	0.0690098	0.537623	0.0198104	0.591935	0.70226	0.582101	0.632574	0.733437	0.237868	0.746893	0.844453	0.516923	83.2017	0.0251023	0.00028254
2958.78	0.00833333	0.350884	0.124829	0.554392	0.340311	0.205461	0.560887	0.927402	0.470707	0.314917	0.613669	0.70758	0.583461	0.421355	0.319108	0.361972	0.210278	78.5682	0.0270073	0.00020379
2958.78	0.00833333	1.48711	0.215803	0.142693	0.749352	0.622856	0.231072	0.273861	0.791466	0.333563	0.745319	0.0977725	0.497294	0.415605	0.950277	0.456337	0.00990433	71.8961	0.0104531	0.000423061
2958.78	0.00833333	1.23377	0.531549	0.00681581	0.507773	0.296584	0.437822	0.319378	0.039781	0.622799	0.845028	0.766629	0.0948598	0.696689	0.0230626	0.867269	0.318243	47.1896	0.0271469	0.000377349
2958.78	0.00833333	0.651091	0.575463	0.696223	0.430272	0.604328	0.235794	0.30093	0.131841	0.194877	0.913934	0.242658	0.189455	0.376795	0.889298	0.671561	0.0914171	55.2249	0.0867754	0.000668573
2958.78	0.00833333	1.9729	0.333612	0.131657	0.210314	0.680161	0.807355	0.0493865	0.984489	0.188727	0.863355	0.212164	0.354167	0.701763	0.707284	0.555438	0.0606679	28.2287	0.0284999	0.00031455
2958.78	0.00833333	2.64899	0.919015	0.10498	0.643568	0.3149	0.357192	0.880351	0.361194	0.536029	0.807771	0.828515	0.795771	0.342129	0.902105	0.0749679	0.419431	51.7404	0.0764739	8.51231e-05
2958.78	0.00833333	1.80342	0.370369	0.370084	0.491211	0.412319	0.551971	0.376614	0.0329378	0.677036	0.645955	0.479361	0.406452	0.931537	0.663396	0.095781	0.165293	66.5484	0.00459055	0.000783227
2958.78	0.00833333	2.89449	0.900829	0.132449	0.432031	0.0532027	0.669605	0.253576	0.630612	0.249237	0.633354	0.859931	0.750163	0.63651	0.464057	0.410802	0.976679	40.6245	0.056199	0.000996667
2958.78	0.00833333	1.04306	0.670741	0.426314	0.0609067	0.460604	0.00730681	0.579272	0.918463	0.658088	0.0507574	0.27146	0.814967	0.651938	0.11992	0.465524	0.531226	40.7613	0.0398309	0.000379335
2958.78	0.00833333	0.601887	0.314895	0.22051	0.846694	0.608763	0.760982	0.743439	0.0560214	0.199419	0.0266326	0.525497	0.162619	0.882109	0.733679	0.387917	0.359714	35.0806	0.0723391	0.000648066
2958.78	0.00833333	1.67696	0.244304	0.1229	0.315175	0.604802	0.414385	0.567891	0.105741	0.279084	0.0176793	0.75342	0.508449	0.204049	0.313419	0.483542	0.751008	89.9261	0.0279801	0.00046735
2958.78	0.00833333	2.81928	0.357535	0.91698	0.747307	0.219869	0.243188	0.129213	0.716382	0.69853	0.311346	0.00889496	0.178164	0.434605	0.524205	0.45708	0.620389	86.167	0.0590659	0.000939861
2958.78	0.00833333	0.439897	0.899179	0.801556	0.485259	0.747467	0.820921	0.879179	0.659096	0.964676	0.467054	0.166376	0.687236	0.0310908	0.433408	0.635415	0.563125	72.9845	0.0779415	0.00017939
2958.78	0.00833333	0.312677	0.549316	0.00609267	0.859443	0.561661	0.0644476	0.961016	0.237092	0.462551	0.472159	0.431996	0.4261	0.619786	0.774236	0.445079	0.240636	74.0103	0.0330146	0.000917787
2958.78	0.00833333	1.71244	0.879417	0.348465	0.0197163	0.815949	0.604084	0.165755	0.196979	0.177144	0.946674	0.536154	0.551925	0.860878	0.519418	0.829396	0.980688	32.2562	0.041054	0.000287486
2958.78	0.00833333	0.289177	0.188163	0.57276	0.857665	0.364323	0.104794	0.824722	0.706012	0.935538	0.330298	0.430278	0.67039	0.729691	0.17808	0.0962011	0.793569	38.9824	0.0859238	0.000378137
2958.78	0.00833333	1.76699	0.871099	0.55075	0.362061	0.474514	0.634039	0.280999	0.674934	0.325386	0.887146	0.819626	0.43631	0.141366	0.930233	0.767981	0.793777	99.7673	0.0737766	0.000627012
2958.78	0.00833333	1.78699	0.396922	0.0279472	0.811217	0.103092	0.514862	0.860392	0.225199	0.61612	0.945771	0.915567	0.827744	0.441788	0.830586	0.609641	0.396693	75.2276	0.00941283	0.000219716
2958.78	0.00833333	2.53352	0.604894	0.457131	0.0637884	0.601678	0.245727	0.386451	0.0575251	0.285549	0.319224	0.0741953	0.171913	0.282934	0.96201	0.468056	0.607815	73.283	0.0677161	0.000484561
2958.78	0.00833333	0.665997	0.244701	0.815468	0.0895818	0.947235	0.406253	0.349165	0.786239	0.760625	0.907859	0.90078	0.888287	0.0268181	0.570335	0.611559	0.541936	86.7338	0.0602978	0.000693741
2958.78	0.00833333	0.841862	0.757904	0.805153	0.685883	0.337747	0.560601	0.267081	0.19436	0.508921	0.802064	0.760221	0.0750414	0.351157	0.143479	0.607072	0.834153	56.2411	0.0179111	0.00040722
2958.78	0.00833333	2.10914	0.718044	0.600222	0.0367758	0.885975	0.0129406	0.960542	0.529367	0.0294243	0.348306	0.736032	0.434733	0.269726	0.339209	0.160803	0.735415	72.2029	0.0181262	0.000648253
2958.78	0.00833333	0.339898	0.0160114	0.464107	0.896151	0.303833	0.939576	0.234439	0.462099	0.336955	0.532792	0.551405	0.714459	0.5683	0.599435	0.569141	0.0889838	50.785	0.0572121	0.00088973
2958.78	0.00833333	2.14027	0.0410148	0.278234	0.603783	0.273466	0.181646	0.268451	0.805597	0.439024	0.803532	0.138981	0.408643	0.414082	0.721972	0.663358	0.608253	87.3346	0.070886	0.000554531
2958.78	0.00833333	2.85574	0.85551	0.802721	0.221083	0.31166	0.977668	0.354843	0.794347	0.743912	0.705036	0.528081	0.548088	0.35515	0.263936	0.429659	0.48118	95.0953	0.0689162	0.000879113
2958.78	0.00833333	1.30826	0.907239	0.600407	0.659433	0.551032	0.939231	0.050629	0.648074	0.639406	0.435093	0.695493	0.42359	0.168029	0.951787	0.433616	0.747577	33.5445	0.0731035	0.000720974
2958.78	0.00833333	1.31665	0.634358	0.664972	0.381855	0.358535	0.397814	0.372635	0.88975	0.987355	0.525399	0.197238	0.221249	0.645907	0.631708	0.389869	0.78952	60.1542	0.0545289	0.000229671
2958.78	0.00833333	2.3619	0.0530222	0.822264	0.757534	0.585158	0.873906	0.576199	0.15616	0.0575396	0.451429	0.069453	0.842332	0.417038	0.47628	0.182329	0.124158	86.877	0.0146074	0.000290435
2958.78	0.00833333	0.785555	0.416043	0.874753	0.591329	0.474284	0.161021	0.85242	0.690402	0.19285	0.0950644	0.897529	0.092271	0.926856	0.21621	0.445813	0.439111	30.0798	0.0852282	0.000274101
2958.78	0.00833333	1.17343	0.881207	0.564242	0.735311	0.894144	0.457763	0.260325	0.0324549	0.947989	0.30082	0.602536	0.706283	0.400006	0.425728	0.252594	0.300098	81.6517	0.0142257	0.000797757
2958.78	0.00833333	1.49991	0.674048	0.457872	0.249823	0.684799	0.554975	0.737316	0.946049	0.267264	0.380361	0.480482	0.376724	0.963225	0.882709	0.105224	0.256861	39.0983	0.0503217	4.06423e-05
2958.78	0.00833333	0.423205	0.523683	0.209275	0.42174	0.923805	0.426309	0.52976	0.761602	0.198832	0.735629	0.712344	0.218931	0.152012	0.726365	0.47795	0.377027	61.4459	0.0280546	0.000148314
2958.78	0.00833333	2.6173	0.560114	0.00382863	0.903982	0.130768	0.932094	0.769692	0.388413	0.4335	0.710881	0.756859	0.299037	0.396749	0.971778	0.274058	0.834341	47.1509	0.0449407	0.000486961
2958.78	0.00833333	0.772007	0.790853	0.350072	0.885755	0.852746	0.828337	0.741359	0.811309	0.341471	0.785937	0.179414	0.908654	0.88196	0.341942	0.157829	0.578785	78.018	0.00561843	0.000295301
2958.78	0.00833333	0.926222	0.399941	0.56722	0.136225	0.810287	0.624559	0.101903	0.637334	0.448175	0.195558	0.613801	0.172141	0.512038	0.743098	0.806453	0.653265	75.4706	0.0281265	0.000963204
2958.78	0.00833333	0.768823	0.941888	0.0445254	0.306753	0.593673	0.541257	0.36165	0.737264	0.456405	0.411188	0.496116	0.615177	0.457009	0.674389	0.666426	0.996247	61.3654	0.0332902	0.000938691
2958.78	0.00833333	1.1759	0.192687	0.384464	0.582585	0.462554	0.481137	0.942991	0.0464121	0.571982	0.679062	0.317357	0.377344	0.514723	0.606185	0.142362	0.342201	51.0221	0.0342379	0.000442993
2958.78	0.00833333	2.58283	0.958801	0.937918	0.626522	0.0142886	0.297515	0.251992	0.38043	0.00887113	0.26848	0.672428	0.812156	0.297759	0.586498	0.382556	0.138259	66.7285	0.0377558	0.000461089
2958.78	0.00833333	0.912179	0.969486	0.939959	0.9797	0.738015	0.560862	0.404565	0.547064	0.614616	0.885917	0.404236	0.639905	0.461684	0.477214	0.534456	0.805763	60.2114	0.00460412	0.000329237
2958.78	0.00833333	1.29927	0.219802	0.303585	0.40086	0.0864431	0.911311	0.482696	0.994766	0.260512	0.972715	0.282822	0.71617	0.935636	0.37224	0.557479	0.888373	90.338	0.010386	0.000706684
2958.78	0.00833333	0.46183	0.603226	0.349903	0.338754	0.00793511	0.630064	0.332291	0.870093	0.336776	0.712777	0.40894	0.243622	0.698898	0.188747	0.546488	0.217458	26.2488	0.0434393	0.000762282
2958.78	0.00833333	0.952804	0.955833	0.492907	0.662907	0.533396	0.0752742	0.196953	0.729628	0.447757	0.345575	0.329661	0.416857	0.451005	0.631644	0.521864	0.44384	87.3281	0.0717221	1.07917e-05
2958.78	0.00833333	1.67417	0.723563	0.793103	0.0171106	0.253395	0.372478	0.480271	0.970045	0.103631	0.402891	0.539908	0.421473	0.159425	0.441458	0.262216	0.470695	85.7376	0.0198133	0.000140913
2958.78	0.00833333	1.02546	0.324988	0.405896	0.34661	0.282416	0.440268	0.923583	0.435724	0.924017	0.583942	0.717158	0.319516	0.814948	0.0288849	0.791501	0.462204	78.6744	0.0677881	0.000925707
2958.78	0.00833333	1.13287	0.860403	0.736991	0.0800422	0.413266	0.971388	0.0373417	0.0305274	0.0824744	0.699879	0.210156	0.0851493	0.733219	0.956997	0.347831	0.867074	35.5358	0.040712	0.000539971
2958.78	0.00833333	2.59148	0.136408	0.168033	0.713152	0.120712	0.100591	0.334093	0.419337	0.675461	0.217763	0.676703	0.697119	0.00117958	0.866233	0.817135	0.626675	36.3769	0.0333178	0.000520999
2958.78	0.00833333	2.69807	0.590013	0.827944	0.345096	0.754729	0.127946	0.297454	0.452252	0.474574	0.721059	0.442751	0.587062	0.577935	0.731114	0.65601	0.795734	55.2348	0.0149697	0.000837814
2958.78	0.00833333	2.08119	0.549306	0.760585	0.0465985	0.66962	0.48277	0.619519	0.115166	0.484437	0.288173	0.781413	0.780606	0.26662	0.2935	0.721002	0.475358	90.8322	0.0679827	0.000248445
2958.78	0.00833333	2.08043	0.410932	0.177889	0.893156	0.134282	0.733897	0.427278	0.380389	0.654872	0.527872	0.926916	0.00419495	0.490159	0.750717	0.200378	0.493799	41.8484	0.0129693	0.000594247
2958.78	0.00833333	2.18566	0.0536035	0.646351	0.241972	0.20085	0.280499	0.250773	0.939673	0.496833	0.0526429	0.304334	0.166588	0.223269	0.544129	0.128458	0.652078	28.9204	0.0217668	0.000653356
2958.78	0.00833333	0.430067	0.837815	0.830787	0.748239	0.0712325	0.0272154	0.944145	0.94844	0.157499	0.783123	0.865301	0.195877	0.601227	0.644723	0.502938	0.441627	95.442	0.0452075	0.000117384
2958.78	0.00833333	2.0826	0.572415	0.62403	0.161403	0.777484	0.457498	0.744469	0.554157	0.821684	0.532219	0.818379	0.162021	0.485073	0.50978	0.298614	0.761771	55.2541	0.0607729	0.000689097
2958.78	0.00833333	2.34896	0.368068	0.841421	0.85406	0.439035	0.808695	0.163486	0.280821	0.791679	0.587759	0.698231	0.0547311	0.481374	0.185143	0.647369	0.944232	30.8623	0.00913465	0.000128634
2958.78	0.00833333	1.77371	0.124285	0.931923	0.596851	0.410631	0.480665	0.791421	0.160917	0.613918	0.22438	0.157318	0.552773	0.0582157	0.654535	0.896157	0.418387	65.8611	0.0144342	0.000294384
2958.78	0.00833333	2.65279	0.404288	0.672315	0.415312	0.441319	0.500939	0.519712	0.0279307	0.254562	0.486708	0.478726	0.183318	0.709578	0.35748	0.809009	0.948448	98.308	0.0399997	0.000169368
2958.78	0.00833333	1.45382	0.390904	0.781102	0.872712	0.515028	0.774824	0.218022	0.0386742	0.409907	0.568967	0.147141	0.571173	0.49624	0.657559	0.924828	0.69286	72.7537	0.0202196	0.000186424
2958.78	0.00833333	2.43468	0.710127	0.408069	0.142087	0.979417	0.750687	0.343881	0.630132	0.531004	0.677715	0.682313	0.663859	0.834136	0.682225	0.912431	0.994066	53.945	0.00738711	0.00086759
2958.78	0.00833333	2.95724	0.528782	0.697134	0.14161	0.941665	0.899995	0.949107	0.418542	0.0455684	0.256861	0.799619	0.540389	0.528533	0.502578	0.335001	0.779148	38.2354	0.0283637	0.000492806
2958.78	0.00833333	1.71464	0.782412	0.127002	0.581464	0.463775	0.110625	0.872509	0.963005	0.277191	0.0965108	0.340887	0.379991	0.491792	0.0767399	0.626727	0.151535	54.7229	0.0505772	0.000337739
2958.78	0.00833333	1.88218	0.723047	0.152646	0.291625	0.321756	0.230534	0.294317	0.508108	0.045146	0.691253	0.867471	0.196996	0.989686	0.865636	0.416473	0.791246	47.9705	0.0878248	0.000448036
2958.78	0.00833333	1.56235	0.629903	0.872029	0.645002	0.406729	0.846844	0.52367	0.37169	0.576713	0.263318	0.742959	0.494342	0.0265326	0.753819	0.760641	0.348023	69.4512	0.0347313	0.000626564
2958.78	0.00833333	1.00439	0.483333	0.836143	0.634614	0.995697	0.628434	0.923239	0.536017	0.248558	0.733767	0.821306	0.773555	0.0675973	0.108486	0.811805	0.705612	43.962	0.00064154	0.000119198
2958.78	0.00833333	1.85112	0.48244	0.908054	0.286436	0.400284	0.867119	0.686952	0.340566	0.803551	0.954407	0.821487	0.00155061	0.0727469	0.910575	0.324565	0.264689	62.6866	0.0336638	0.000414423
2958.78	0.00833333	2.68898	0.919251	0.540259	0.822375	0.137633	0.548707	0.123878	0.77631	0.799416	0.307664	0.804461	0.460534	0.482974	0.330121	0.598273	0.61777	57.4699	0.0452522	0.000321275
2958.78	0.00833333	2.22817	0.104315	0.528009	0.356994	0.0667029	0.307437	0.128158	0.609868	0.297757	0.169482	0.49436	0.254637	0.214794	0.307871	0.73362	0.304258	45.135	0.0762285	0.000969371
2958.78	0.00833333	0.647337	0.802815	0.393909	0.738181	0.608435	0.697114	0.833571	0.289045	0.504458	0.386107	0.640364	0.488053	0.795537	0.202572	0.385149	0.489467	67.5519	0.0364299	0.000458028
2958.78	0.00833333	2.24658	0.515112	0.672934	0.601731	0.869266	0.634986	0.0532684	0.543741	0.576574	0.689775	0.692981	0.540905	0.298945	0.408304	0.551972	0.124628	99.7663	0.0807056	0.000975901
2958.78	0.00833333	1.7216	0.716183	0.955897	0.742442	0.153073	0.427314	0.72364	0.636207	0.337765	0.55107	0.425684	0.017583	0.269744	0.606051	0.593339	0.670481	48.4145	0.0351869	0.000184304
2958.78	0.00833333	1.64164	0.764806	0.9547	0.717672	0.282912	0.435689	0.579924	0.398457	0.830967	0.358551	0.294053	0.526313	0.0520576	0.934909	0.389802	0.674712	95.7848	0.0363618	0.00084266
2958.78	0.00833333	2.58907	0.761923	0.166922	0.801395	0.582782	0.538123	0.57314	0.40787	0.651639	0.596822	0.278438	0.712743	0.0540338	0.26233	0.931097	0.525222	56.7688	0.0044117	0.000551184
2958.78	0.00833333	2.01145	0.168747	0.866135	0.209887	0.370052	0.447963	0.749969	0.563438	0.635659	0.651012	0.12096	0.559164	0.660402	0.793316	0.187089	0.955365	84.2065	0.0101702	0.000678798
2958.78	0.00833333	1.63689	0.807889	0.598827	0.981282	0.963163	0.688686	0.491823	0.512691	0.165397	0.954362	0.0469623	0.0967837	0.26622	0.187543	0.798822	0.603218	78.729	0.0687506	0.000265271
2958.78	0.00833333	0.503169	0.219063	0.44941	0.447661	0.829807	0.721227	0.374726	0.116882	0.740615	0.413137	0.455656	0.656584	0.733983	0.237366	0.484573	0.587145	88.4357	0.03412	0.000113042
2958.78	0.00833333	1.91578	0.938853	0.846282	0.68557	0.595976	0.456263	0.204963	0.215421	0.682323	0.616444	0.0309101	0.26709	0.734415	0.42525	0.938439	0.206662	96.7696	0.0733873	0.000786125
2958.78	0.00833333	2.24235	0.0204427	0.766472	0.710191	0.461647	0.36109	0.301485	0.0496925	0.307213	0.110232	0.39057	0.234866	0.82881	0.632568	0.528013	0.667284	63.5384	0.0120902	6.59244e-05
2958.78	0.00833333	0.147197	0.86809	0.216985	0.383929	0.563858	0.319813	0.5286	0.416943	0.0939073	0.0443299	0.984039	0.0341608	0.350426	0.182406	0.158551	0.580267	84.4587	0.0535686	0.00073315
2958.78	0.00833333	2.35805	0.798483	0.829665	0.523414	0.923823	0.950765	0.873548	0.284091	0.162777	0.984839	0.463926	0.69877	0.923132	0.925275	0.174447	0.668377	60.5982	0.0187481	0.000130006
2958.78	0.00833333	2.83653	0.765736	0.940133	0.636424	0.829884	0.973413	0.726851	0.842443	0.151239	0.838342	0.796992	0.22117	0.95593	0.571165	0.974739	0.546627	82.25	0.026154	0.000605971
2958.78	0.00833333	2.14047	0.183525	0.445338	0.543085	0.224981	0.661997	0.285492	0.30525	0.623812	0.701983	0.394376	0.917207	0.865605	0.667742	0.960447	0.903776	34.4525	0.039368	0.000389469
2958.78	0.00833333	1.66037	0.498523	0.819908	0.615918	0.229174	0.628157	0.583185	0.0736479	0.511846	0.776245	0.795899	0.829351	0.911447	0.454606	0.292899	0.225158	50.398	0.0542156	0.000383967
2958.78	0.00833333	0.237623	0.315173	0.578785	0.444655	0.126757	0.596412	0.607417	0.920461	0.181013	0.835213	0.881239	0.88436	0.695617	0.976233	0.606348	0.393906	43.9489	0.0427558	1.50411e-05
2958.78	0.00833333	2.09524	0.388553	0.874164	0.424716	0.457623	0.463067	0.636015	0.102542	0.48687	0.190618	0.560383	0.50895	0.216094	0.863711	0.211612	0.74569	59.2897	0.0300124	0.000289102
2958.78	0.00833333	1.33575	0.295581	0.949022	0.454945	0.507551	0.0854349	0.841579	0.0235199	0.226018	0.405429	0.901298	0.518721	0.648768	0.612802	0.258848	0.169065	71.5798	0.027804	0.000669427
2958.78	0.00833333	0.307775	0.778815	0.286	0.41494	0.238214	0.964045	0.937844	0.192182	0.689025	0.0910118	0.420485	0.236944	0.0199199	0.321614	0.497481	0.339856	72.4123	0.0992502	0.000468315
2958.78	0.00833333	1.57905	0.835568	0.100352	0.3598	0.357539	0.663467	0.851841	0.59656	0.330246	0.206318	0.50844	0.380813	0.07949	0.914282	0.694119	0.768794	57.3103	0.0724251	0.000947082
2958.78	0.00833333	0.781407	0.465767	0.239715	0.0440103	0.736565	0.134702	0.153159	0.492159	0.812936	0.923317	0.48553	0.365055	0.452067	0.090018	0.526829	0.420411	45.531	0.0907737	0.000136524
2958.78	0.00833333	1.59324	0.424409	0.423675	0.179579	0.300878	0.889579	0.6036	0.344238	0.254723	0.783497	0.939648	0.382934	0.810491	0.536384	0.609141	0.502745	62.6063	0.0842185	0.000215255
2958.78	0.00833333	1.68196	0.77644	0.225835	0.225027	0.96105	0.12734	0.970825	0.325926	0.180576	0.612635	0.920766	0.164268	0.642901	0.149424	0.288691	0.553334	87.6669	0.0383791	0.000505924
2958.78	0.00833333	2.11471	0.854857	0.60552	0.6553	0.902875	0.246806	0.0466111	0.0278433	0.300565	0.486544	0.351308	0.579064	0.89191	0.583435	0.72491	0.834142	57.8471	0.01818	0.000582907
2958.78	0.00833333	1.53419	0.233042	0.316307	0.216279	0.0494562	0.622623	0.456713	0.168937	0.787467	0.0771504	0.963926	0.917912	0.973163	0.24932	0.0463064	0.446177	62.6158	0.0993197	3.87937e-05
2958.78	0.00833333	1.21507	0.0485933	0.00317737	0.0490949	0.621881	0.198896	0.365682	0.598516	0.704658	0.26004	0.997618	0.509003	0.111156	0.755684	0.829835	0.12039	43.7046	0.0703857	0.000243983
2958.78	0.00833333	1.37581	0.585002	0.373901	0.812673	0.443227	0.713265	0.567275	0.146391	0.95662	0.172828	0.683302	0.0127598	0.548341	0.501576	0.938027	0.725452	66.4162	0.0313423	0.000176688
2958.78	0.00833333	2.69944	0.869983	0.583535	0.534556	0.894353	0.887574	0.743181	0.413343	0.299169	0.0402279	0.66498	0.608687	0.0983908	0.571005	0.365949	0.125504	90.1493	0.0816046	0.000344863
2958.78	0.00833333	2.65733	0.698571	0.294531	0.05443	0.805634	0.666785	0.598088	0.924577	0.00342464	0.994524	0.186995	0.997164	0.84003	0.674308	0.504615	0.32784	40.044	0.0357014	0.000462898
2958.78	0.00833333	0.2117	0.933945	0.693835	0.133392	0.956187	0.422178	0.821332	0.2895	0.348689	0.690661	0.40561	0.529534	0.481073	0.999156	0.832786	0.319959	84.3136	0.0494682	0.000436427
2958.78	0.00833333	2.55396	0.357272	0.755123	0.313889	0.272269	0.427662	0.0365407	0.928852	0.537995	0.392622	0.897119	0.970506	0.764814	0.261817	0.530207	0.723163	50.6432	0.0718908	0.000218723
2958.78	0.00833333	1.21731	0.820043	0.810061	0.0818855	0.24713	0.322015	0.300097	0.587074	0.394798	0.2571	0.444238	0.33335	0.357252	0.421467	0.0937451	0.736508	44.3429	0.0583448	0.000992364
2958.78	0.00833333	1.9037	0.748811	0.679123	0.69059	0.562712	0.311299	0.335048	0.592056	0.312116	0.17164	0.230633	0.620315	0.735605	0.51577	0.966661	0.213561	46.6425	0.072018	0.000985772
2958.78	0.00833333	0.18901	0.629073	0.495	0.661117	0.442041	0.676806	0.738798	0.348546	0.426939	0.911633	0.779791	0.545079	0.0293492	0.745799	0.185598	0.309692	55.0963	0.0651895	9.68162e-05
