distance	weight	r0	r1	r2	r3	r4	r5	r6	r7	r8	r9	r10	r11	r12	r13	r14	r15	tp	dr1	dr2	dr3
2124.77	0.00833333	0.94788	0.362753	0.372274	0.596305	0.112384	0.0196169	0.239697	0.485288	0.193364	0.00845439	0.319225	0.0652598	0.525606	0.160156	0.0349926	0.0502977	98.3846	0.0999195	0.0298818	0.00328807
2124.8	0.00833333	0.949777	0.755234	0.278249	0.00920995	0.299463	0.121043	0.414661	0.472781	0.31985	0.0294189	0.515436	0.28759	0.180417	0.206304	0.0371797	0.045148	98.3484	0.0999962	0.0298219	0.00665062
2124.81	0.00833333	0.948664	0.678762	0.124025	0.286681	0.134341	0.11665	0.746598	0.886033	0.331835	0.226296	0.0707256	0.552398	0.0314527	0.000714265	0.0435865	0.00636009	99.3641	0.0999482	0.0297067	0.0111194
2124.83	0.00833333	0.945028	0.15073	0.0397478	0.615909	0.0316794	0.243667	0.699617	0.505425	0.0454804	0.0240222	0.637545	0.0788651	0.0160399	0.250537	0.0453662	0.0248576	99.1534	0.0998498	0.0298796	0.00817247
2124.88	0.00833333	0.947464	0.624942	0.245132	0.646334	0.716743	0.0107772	0.718656	0.0367288	0.428197	0.0397825	0.385276	0.972143	0.431621	0.00417319	0.00331357	0.0625877	99.273	0.099814	0.029807	0.00764163
2124.92	0.00833333	0.947362	0.165337	0.122806	0.547331	0.447712	0.148639	0.394327	0.191185	0.0396179	0.00716533	0.324536	0.699735	0.189644	0.292407	0.0698761	0.0185039	98.0023	0.0999556	0.029914	0.00412393
2124.93	0.00833333	0.951833	0.346272	0.255701	0.0710742	0.3397	0.146386	0.455255	0.27394	0.0843588	0.017527	0.46851	0.202985	0.218604	0.414656	0.0318067	0.0305604	98.463	0.0998491	0.0297225	0.00883923
2124.96	0.00833333	0.949819	0.00367833	0.353795	0.547985	0.639668	0.127549	0.659637	0.523024	0.398143	0.0686507	0.582698	0.335407	0.133356	0.0660892	0.00231172	0.025031	97.7071	0.0999596	0.0298698	0.00751464
2124.96	0.00833333	0.944194	0.353957	0.532436	0.348747	0.088988	0.106142	0.103985	0.198502	0.277425	0.0702197	0.797026	0.472461	0.462875	0.380355	0.101085	0.0274242	98.9697	0.0999472	0.0298651	0.00218371
2124.96	0.00833333	0.946845	0.720326	0.223317	0.707866	0.192505	0.0784459	0.334256	0.0276173	0.567771	0.130485	0.279542	0.203067	0.529588	0.14978	0.0160886	0.000636849	98.7056	0.0998968	0.0297603	0.00895844
2124.97	0.00833333	0.950937	0.749899	0.157132	0.433611	0.0807039	0.282815	0.812727	0.263722	0.229514	0.131609	0.493029	0.570772	0.299421	0.294235	0.0535	0.000437948	97.8151	0.0999913	0.0297642	0.0111494
2124.97	0.00833333	0.947143	0.591757	0.304097	0.0423424	0.504485	0.0581322	0.694659	0.743837	0.149852	0.0386229	0.519448	0.117242	0.731729	0.413434	0.0418548	0.0370948	98.7975	0.0998303	0.0297332	0.0120358
2125	0.00833333	0.949452	0.503424	0.204924	0.725654	0.337378	0.0506103	0.901858	0.521244	0.0234738	0.0857492	0.59999	0.582225	0.125212	0.0608216	0.0263897	0.0392831	97.7409	0.0999186	0.0298537	0.00542991
2125	0.00833333	0.951826	0.00341871	0.663	0.341529	0.0130306	0.115965	0.106741	0.0863862	0.380531	0.123507	0.807825	0.567864	0.694977	0.674745	0.0170096	0.0754446	98.1176	0.0999233	0.0297465	0.0111641
2125	0.00833333	0.946424	0.611176	0.388508	0.569592	0.160146	0.0519056	0.940354	0.908989	0.256863	0.0203404	0.0937029	0.116945	0.00459439	0.0479739	0.0177159	0.0170047	98.7371	0.0998667	0.0298347	0.00738056
2125	0.00833333	0.945998	0.26569	0.575718	0.585153	0.165717	0.00364132	0.399621	0.178124	0.116349	0.154627	0.672913	0.185806	0.247428	0.0764041	0.0739306	0.0559446	97.7875	0.0999947	0.0299006	0.0010485
2125.01	0.00833333	0.948236	0.113488	0.50666	0.435931	0.551954	0.105624	0.782911	0.304366	0.201072	0.0397253	0.480877	0.488854	0.760957	0.399508	0.0032416	0.0075516	99.3986	0.0999121	0.0296698	0.0122483
2125.02	0.00833333	0.945311	0.542907	0.4358	0.316669	0.301599	0.0559846	0.0438211	0.622513	0.221092	0.206329	0.579284	0.393975	0.047327	0.394273	0.0323669	0.0317161	99.2048	0.0998281	0.0298574	0.00732774
2125.03	0.00833333	0.944093	0.26791	0.40941	0.482606	0.279624	0.172362	0.4677	0.268464	0.0600539	0.170973	0.336362	0.286533	0.132933	0.0971495	0.100472	0.01969	99.427	0.0999936	0.0298442	0.00223008
2125.03	0.00833333	0.948383	0.701896	0.403548	0.525515	0.371283	0.126842	0.499295	0.16088	0.00528497	0.059198	0.107752	0.769577	0.471119	0.766895	0.0388207	0.0542211	99.1198	0.09996	0.029723	0.0106685
2125.04	0.00833333	0.949033	0.8478	0.0174361	0.84151	0.802974	0.245428	0.523808	0.457516	0.492614	0.0748607	0.748217	0.085047	0.297982	0.189932	0.010094	0.00308029	99.0768	0.0999995	0.029612	0.013601
2125.04	0.00833333	0.949097	0.10767	0.370399	0.817898	0.16767	0.0825671	0.6113	0.234363	0.227474	0.100709	0.404837	0.29905	0.0030031	0.187361	0.199539	0.00713951	99.2437	0.0998888	0.0296932	0.0110698
2125.05	0.00833333	0.947995	0.822348	0.265842	0.572543	0.015838	0.384593	0.711468	0.316608	0.020602	0.0586354	0.0483859	0.877782	0.295242	0.314187	0.0336431	0.064809	99.0526	0.0998449	0.0296986	0.0125379
2125.05	0.00833333	0.945187	0.604116	0.203948	0.622437	0.192442	0.0782902	0.524826	0.282019	0.0152053	0.0552791	0.523143	0.628654	0.366225	0.118153	0.0677668	0.0374957	98.9202	0.0999372	0.0298214	0.00249907
2125.07	0.00833333	0.946744	0.918141	0.22078	0.402205	0.292716	0.0335952	0.474495	0.339916	0.539809	0.04957	0.721137	0.264172	0.0634467	0.00868903	0.071917	0.0541449	98.8212	0.0998443	0.0297525	0.00489854
2125.1	0.00833333	0.945154	0.602491	0.385686	0.258533	0.742753	0.0311113	0.722265	0.563039	0.0740641	0.0828234	0.0875182	0.779397	0.69648	0.110386	0.0660465	0.000635823	98.8791	0.0998701	0.0298602	0.00524463
2125.1	0.00833333	0.952417	0.228387	0.439924	0.136383	0.0168569	0.0750229	0.280014	0.4316	0.0826741	0.0400111	0.688871	0.500619	0.429083	0.0160721	0.174466	0.0592597	97.8852	0.0999566	0.0298263	0.00829708
2125.11	0.00833333	0.949582	0.388558	0.32681	0.762036	0.275354	0.0644366	0.497666	0.428988	0.0881778	0.0307486	0.250646	7.49379e-05	0.445334	0.0443504	0.00999725	0.0100463	97.6175	0.0998734	0.0298467	0.0025729
2125.11	0.00833333	0.941849	0.710578	0.686508	0.211731	0.564757	0.186693	0.846045	0.528551	0.0246687	0.0186474	0.243954	0.629848	0.333208	0.0246318	0.0304035	0.00714866	98.8816	0.0999778	0.0299193	0.00241939
2125.11	0.00833333	0.949123	0.630198	0.0428247	0.764521	0.0354372	0.0871239	0.0914577	0.177421	0.031597	0.4466	0.656326	0.27305	0.0601186	0.428194	0.033778	0.0125471	98.9056	0.0999865	0.0296663	0.0121575
2125.12	0.00833333	0.946248	0.29934	0.228758	0.507444	0.512527	0.128526	0.565854	0.275228	0.291512	0.0728422	0.819782	0.513061	0.223783	0.161896	0.0234508	0.0276612	98.8077	0.0998136	0.0298477	0.00772122
2125.12	0.00833333	0.945392	0.869081	0.422776	0.230054	0.119683	0.106161	0.59544	0.261593	0.138746	0.241522	0.308601	0.334145	0.132012	0.176751	0.0380844	0.0440828	99.4332	0.0999785	0.0298743	0.00492067
2125.12	0.00833333	0.944528	0.268364	0.378454	0.315764	0.000665888	0.0705828	0.883432	0.726457	0.508766	0.00428278	0.436695	0.0104757	0.162659	0.0316898	0.0103415	0.020997	99.4993	0.0999277	0.0298694	0.00731686
2125.13	0.00833333	0.943547	0.375808	0.444523	0.437822	0.173333	0.0226011	0.815078	0.652673	0.443404	0.0611575	0.788959	0.402903	0.470064	0.521669	0.0024709	0.00310166	98.884	0.0999163	0.0299186	0.00507358
2125.14	0.00833333	0.947518	0.820468	0.0494863	0.990371	0.304864	0.0941474	0.558031	0.791375	0.313269	0.0280917	0.0851585	0.973533	0.385902	0.374608	0.089748	0.000152238	98.4477	0.0999511	0.0299331	0.0045664
2125.15	0.00833333	0.9517	0.696897	0.184263	0.398306	0.206417	0.160242	0.784307	0.60369	0.19994	0.11891	0.12442	0.423384	0.462585	0.335192	0.0357482	0.0299713	98.4521	0.099994	0.0298027	0.00746843
2125.15	0.00833333	0.949194	0.236969	0.126726	0.252777	0.855831	0.111269	0.654639	0.424552	0.0323301	0.0046556	0.622053	0.3224	0.479382	0.166796	0.0408068	0.0368412	98.1237	0.0998389	0.0298333	0.00323915
2125.15	0.00833333	0.951574	0.422836	0.904408	0.800381	0.0121856	0.109382	0.450841	0.0155384	0.053291	0.0126323	0.278689	0.859686	0.309966	0.613703	0.0696781	0.00292924	98.479	0.0999742	0.0297648	0.0120161
2125.15	0.00833333	0.945117	0.3527	0.579317	0.00975737	0.563407	0.0843116	0.597713	0.413905	0.103164	0.0122097	0.273373	0.498761	0.480731	0.294351	0.106185	0.100475	99.2293	0.0998736	0.0298235	0.0051738
2125.16	0.00833333	0.948752	0.797203	0.0858058	0.299679	0.409581	0.0843785	0.646722	0.48188	0.0735826	0.105454	0.431214	0.241642	0.240254	0.533247	0.0370123	0.0499207	98.7396	0.0998335	0.0297284	0.0088357
2125.16	0.00833333	0.951485	0.81524	0.590878	0.891598	0.2419	0.0357126	0.465851	0.659509	0.0700174	0.0608979	0.5983	0.990727	0.196484	0.265544	0.0460252	0.0426299	98.3379	0.0999907	0.0298454	0.0084084
2125.18	0.00833333	0.948095	0.752261	0.179862	0.915998	0.066588	0.180451	0.596397	0.548601	0.0648309	0.111424	0.573612	0.447607	0.175324	0.195537	0.0585786	0.028543	97.8329	0.0999412	0.0299044	0.00431839
2125.18	0.00833333	0.952483	0.860167	0.215027	0.241385	0.733393	0.123226	0.452561	0.774743	0.482424	0.0709386	0.414153	0.120065	0.481815	0.596653	0.000508975	0.0384085	97.9447	0.0999829	0.0296388	0.0146078
2125.19	0.00833333	0.949776	0.93778	0.256336	0.0474473	0.472816	0.00769592	0.120338	0.51529	0.313192	0.129319	0.545267	0.533168	0.00726222	0.0932732	0.0675827	0.031776	99.4138	0.0999268	0.0292645	0.0191197
2125.19	0.00833333	0.94762	0.182607	0.0275751	0.621912	0.286067	0.0596774	0.325083	0.736915	0.325845	0.0849589	0.127379	0.056902	0.352717	0.12085	0.0929928	0.0129229	98.6746	0.0997954	0.0298299	0.00711055
2125.2	0.00833333	0.95049	0.781488	0.189574	0.61398	0.605256	0.0622968	0.288042	0.0554401	0.19101	0.0942118	0.436286	0.146407	0.177052	0.0409498	0.0196017	0.0254641	97.7812	0.0999266	0.0297908	0.0101165
2125.2	0.00833333	0.946446	0.212964	0.494326	0.67543	0.165982	0.169936	0.952188	0.856951	0.373725	0.137189	0.67058	0.680769	0.0421247	0.446187	0.100473	0.00926838	98.5272	0.0999916	0.0297384	0.0106328
2125.2	0.00833333	0.945767	0.345909	0.182377	0.146937	0.416808	0.0176837	0.537968	0.0635691	0.339188	0.0208964	0.784011	0.765759	0.333602	0.511545	0.0316227	0.0375743	98.6582	0.0999747	0.0298299	0.00855009
2125.21	0.00833333	0.950719	0.173384	0.257502	0.0829277	0.384151	0.104723	0.687276	0.108434	0.291006	0.0231816	0.190464	0.241833	0.473044	0.181387	0.0464622	0.0291869	98.396	0.0999006	0.0298238	0.00960463
2125.21	0.00833333	0.94946	0.416168	0.377003	0.632908	0.198325	0.139437	0.306896	0.307844	0.162085	0.102736	0.738025	0.0185173	0.208216	0.031919	0.0534429	0.018316	97.7323	0.0999653	0.0299172	0.006339
2125.21	0.00833333	0.94714	0.287342	0.504784	0.583257	0.21162	0.0855461	0.447503	0.444741	0.374379	0.038296	0.6815	0.345617	0.384476	0.201935	0.00608007	0.0816355	98.8644	0.0999672	0.0297516	0.0104781
2125.22	0.00833333	0.949079	0.789447	0.363704	0.315555	0.139391	0.228145	0.771083	0.348077	0.314963	0.124644	0.874649	0.861629	0.448644	0.232573	0.00773102	0.00743958	98.1953	0.0999738	0.0298956	0.00343707
2125.22	0.00833333	0.95241	0.730796	0.742992	0.622341	0.399755	0.00705827	0.332581	0.789267	0.262922	0.0932208	0.465151	0.397308	0.257245	0.322639	0.0119139	0.0815436	97.8549	0.0999906	0.0296401	0.0138105
2125.22	0.00833333	0.951796	0.411377	0.111528	0.848766	0.45002	0.0283956	0.928137	0.279377	0.179728	0.176177	0.681334	0.563621	0.301501	0.152026	0.00182134	0.0110707	98.1943	0.0999865	0.0298215	0.00907682
2125.22	0.00833333	0.949452	0.25008	0.282552	0.509287	0.225002	0.147964	0.734993	0.524779	0.108356	0.199231	0.495286	0.355486	0.212146	0.0628954	0.00609199	0.0586636	98.8663	0.0998295	0.0297107	0.0101672
2125.22	0.00833333	0.94692	0.213631	0.340073	0.768232	0.160284	0.103099	0.640977	0.127701	0.164097	0.171469	0.600103	0.348635	0.607554	0.680333	0.0353954	0.00275907	99.0846	0.0999486	0.0297663	0.0107331
2125.22	0.00833333	0.947871	0.644149	0.358541	0.454131	0.0263941	0.0843653	0.256439	0.150208	0.449892	0.0790998	0.333354	0.0602525	0.55913	0.203589	0.0625875	0.0132849	98.2051	0.0999024	0.0298805	0.00405936
2125.22	0.00833333	0.948303	0.582918	0.191576	0.182339	0.123713	0.00712997	0.626115	0.608531	0.0736037	0.0213923	0.478024	0.142262	0.956721	0.380107	0.00488102	0.0898551	99.3788	0.0999293	0.0297475	0.00914467
2125.23	0.00833333	0.950543	0.953885	0.39391	0.69356	0.153161	0.228591	0.7407	0.396536	0.313958	0.0367587	0.411543	0.128844	0.090606	0.278827	0.0623186	0.0370588	97.8501	0.0999368	0.0298004	0.00596753
2125.23	0.00833333	0.945935	0.145448	0.0591854	0.422406	0.359337	0.0750203	0.0654212	0.347973	0.166944	0.135465	0.484339	0.106809	0.235255	0.180113	0.0216488	0.0103534	98.6131	0.0999797	0.0297879	0.00687222
2125.23	0.00833333	0.951429	0.715717	0.103305	0.415095	0.458923	0.0582344	0.156356	0.280094	0.11282	0.162697	0.98176	0.866174	0.409596	0.226368	0.0614117	0.00673259	97.8386	0.0999925	0.0297773	0.00721674
2125.24	0.00833333	0.94815	0.516975	0.170378	0.953297	0.164258	0.0615375	0.421163	0.873293	0.221056	0.104025	0.0211159	0.124247	0.400216	0.0394914	0.0681463	0.00624071	98.5137	0.0997394	0.0297538	0.00754656
2125.24	0.00833333	0.946917	0.543534	0.361685	0.450022	0.142929	0.105758	0.417871	0.349355	0.187663	0.170452	0.447752	0.100672	0.056615	0.0351019	0.00477031	0.0819795	98.5329	0.0998451	0.0298442	0.00736696
2125.25	0.00833333	0.95121	0.201895	0.488041	0.304119	0.401209	0.101225	0.455308	0.489541	0.286898	0.174306	0.808162	0.529772	0.239791	0.253362	0.000939386	0.0621682	98.4274	0.0999055	0.0298012	0.0086861
2125.25	0.00833333	0.943992	0.503947	0.184364	0.333011	0.384443	0.102271	0.337384	0.486006	0.291109	0.00460815	0.706995	0.357708	0.0415266	0.0920449	0.0194991	0.0263486	99.1018	0.0998288	0.0298344	0.000712737
2125.26	0.00833333	0.950033	0.532955	0.445108	0.617737	0.18981	0.0594519	0.0494877	0.745973	0.17192	0.225509	0.522576	0.626386	0.0366123	0.170175	0.10513	0.0344918	98.6683	0.0998001	0.0295879	0.0131876
2125.26	0.00833333	0.945288	0.604077	0.310963	0.221197	0.0862752	0.0536451	0.291764	0.930349	0.495939	0.0578243	0.539466	0.392734	0.33098	0.311455	0.0743053	0.065208	99.0491	0.0999395	0.0298691	0.00355223
2125.27	0.00833333	0.946131	0.656797	0.00325799	0.293737	0.409479	0.167512	0.0991675	0.538909	0.355849	0.0661773	0.95951	0.48488	0.222132	0.0612796	0.056913	0.0537726	99.3235	0.0998599	0.029798	0.00621192
2125.27	0.00833333	0.947479	0.479021	0.0113299	0.487997	0.612819	0.242669	0.655146	0.556538	0.398314	0.115944	0.753823	0.0132748	0.182999	0.0497629	0.0547462	0.0916274	99.0784	0.0999387	0.0296929	0.0114638
2125.27	0.00833333	0.947149	0.257493	0.265637	0.507307	0.78115	0.14384	0.0651397	0.906979	0.579736	0.0366079	0.453078	0.0800127	0.298798	0.148254	0.0604904	0.0426666	98.8724	0.0999357	0.0297596	0.00793871
2125.27	0.00833333	0.953794	0.00388083	0.403614	0.135495	0.209819	0.303169	0.217275	0.323956	0.482037	0.109787	0.351528	0.214834	0.141952	0.132948	0.024814	0.033902	97.7397	0.0999975	0.0296711	0.0114957
2125.27	0.00833333	0.945205	0.386464	0.299956	0.347868	0.0437782	0.00133152	0.388326	0.303938	0.187602	0.0348681	0.53931	0.0514834	0.179605	0.116523	0.0326113	0.0513754	98.8033	0.0999879	0.0298636	0.00967336
2125.27	0.00833333	0.944607	0.0333273	0.556396	0.525292	0.20972	0.351562	0.0662968	0.367114	0.325589	0.0645717	0.390426	0.303631	0.260335	0.253093	0.0195461	0.0203472	99.2115	0.0999646	0.0298802	0.0103186
2125.27	0.00833333	0.944949	0.835983	0.125023	0.459025	0.930294	0.038337	0.581543	0.146912	0.168395	0.0323938	0.681021	0.374855	0.578157	0.302528	0.0905558	0.0663738	98.8432	0.0998723	0.029866	0.0065065
2125.28	0.00833333	0.948004	0.485171	0.342716	0.125396	0.179334	0.0871341	0.534141	0.213083	0.0319671	0.0268603	0.837702	0.29515	0.0637036	0.575514	0.0459017	0.0507758	99.2414	0.0998227	0.0297771	0.00729842
2125.28	0.00833333	0.951593	0.263738	0.0422524	0.338773	0.130338	0.0113293	0.0603197	0.705144	0.350881	0.169408	0.216994	0.323663	0.664869	0.00100085	0.0730038	0.0775076	97.8524	0.0999043	0.0298383	0.00804785
2125.28	0.00833333	0.945107	0.0305356	0.495725	0.0577124	0.0241293	0.300675	0.130737	0.617249	0.0207766	0.0941439	0.679093	0.67962	0.271252	0.277178	0.0570174	0.0325083	99.2857	0.0999073	0.0298072	0.00304773
2125.29	0.00833333	0.947026	0.176147	0.0365468	0.750313	0.51056	0.300186	0.514011	0.515305	0.311622	0.00612766	0.0989099	0.141306	0.412853	0.425731	0.0116214	0.00647515	99.2369	0.0998637	0.0297668	0.0072662
2125.29	0.00833333	0.948202	0.838531	0.860512	0.729073	0.0924753	0.0946933	0.321361	0.845872	0.0201668	0.0419113	0.349798	0.494819	0.139572	0.167936	0.0225962	0.0276621	98.0001	0.0999118	0.0298474	0.00462863
2125.29	0.00833333	0.943641	0.407014	0.284767	0.482637	0.237097	0.183461	0.688481	0.80911	0.173348	0.0506767	0.88685	0.377614	0.356448	0.356194	0.0822912	0.00567305	98.7149	0.099926	0.0298768	0.00257566
2125.29	0.00833333	0.942825	0.744646	0.932285	0.598108	0.240594	0.25202	0.40096	0.0378416	0.478104	0.014343	0.13355	0.665715	0.121685	0.0123309	0.0564264	0.0794685	98.816	0.099941	0.0298756	0.00208907
2125.29	0.00833333	0.946707	0.84703	0.00794125	0.0340507	0.568453	0.107713	0.355812	0.0164218	0.109115	0.0944645	0.730998	0.845111	0.117521	0.200611	0.102874	0.0511204	97.8066	0.0999312	0.0299131	0.00241414
2125.29	0.00833333	0.948063	0.731626	0.188486	0.010326	0.50308	0.287462	0.499938	0.819502	0.138652	0.014402	0.152925	0.759749	0.361824	0.0391078	0.00731494	0.0282739	99.1365	0.099809	0.029734	0.0122068
2125.3	0.00833333	0.951012	0.605565	0.659495	0.643182	0.264611	0.00703281	0.243051	0.575457	0.0801563	0.0377895	0.116995	0.571652	0.261402	0.342449	0.00564709	0.0364311	98.2336	0.0999414	0.0298887	0.00653823
2125.3	0.00833333	0.943191	0.702569	0.265142	0.13565	0.478652	0.0451575	0.321248	0.743951	0.165136	0.032891	0.00385034	0.313555	0.631006	0.283889	0.133056	0.0189545	98.7757	0.0999919	0.0299176	0.00821532
2125.3	0.00833333	0.946585	0.797492	0.778306	0.34283	0.0011746	0.100224	0.89008	0.776986	0.36632	0.0773963	0.439336	0.0322258	0.248278	0.438896	0.0101953	0.0600387	99.0273	0.0999795	0.0298246	0.0108226
2125.3	0.00833333	0.948414	0.255956	0.0457232	0.24266	0.81156	0.0381082	0.222842	0.510827	0.0634453	0.047028	0.615789	0.251801	0.306634	0.071225	0.00136026	0.0442984	98.338	0.099864	0.0299211	0.00240425
2125.31	0.00833333	0.950816	0.399707	0.581522	0.48453	0.458363	0.0839245	0.462943	0.461807	0.22559	0.120216	0.949106	0.559871	0.16823	0.221244	0.0760834	0.0188875	97.6821	0.0998925	0.0298562	0.0084598
2125.31	0.00833333	0.945894	0.337908	0.314524	0.585794	0.15627	0.162555	0.614123	0.173636	0.0574848	0.0426632	0.520568	0.315429	0.601162	0.278754	0.100935	0.0376846	98.9344	0.099922	0.0298229	0.00463937
2125.31	0.00833333	0.947739	0.655652	0.191568	0.856626	0.121414	0.274025	0.316479	0.160903	0.310618	0.132616	0.0993342	0.704361	0.658657	0.479721	0.0752604	0.0235621	99.0135	0.0999211	0.0296862	0.0121516
2125.31	0.00833333	0.946896	0.710467	0.0899883	0.911493	0.0154398	0.0333183	0.828721	0.64032	0.297146	0.0295063	0.598286	0.370671	0.845492	0.163786	0.0925238	0.00944277	98.0553	0.0999605	0.0299457	0.00371775
2125.31	0.00833333	0.947683	0.0511378	0.507473	0.539378	0.408367	0.0442209	0.0315263	0.153581	0.050849	0.0731535	0.938191	0.253365	0.306587	0.290588	0.178239	0.0598068	98.8376	0.0999052	0.0297406	0.011508
2125.31	0.00833333	0.946643	0.183106	0.361023	0.250952	0.325363	0.0259769	0.548173	0.686316	0.389722	0.0744554	0.591551	0.829055	0.100646	0.100455	0.0850407	0.0935466	98.9446	0.0998646	0.0297977	0.00787918
2125.31	0.00833333	0.94656	0.446949	0.303576	0.125584	0.0103793	0.0305279	0.16758	0.805114	0.331017	0.0354828	0.680035	0.806987	0.137997	0.0908845	0.123215	0.0267717	98.8359	0.0998736	0.0298285	0.00928134
2125.31	0.00833333	0.947899	0.319296	0.318633	0.163785	0.627836	0.212511	0.994379	0.285401	0.00919998	0.0700396	0.922842	0.352697	0.302092	0.214206	0.0434937	0.0569776	99.1703	0.0999573	0.0296422	0.0140081
2125.32	0.00833333	0.94423	0.0408137	0.166492	0.931596	0.0632527	0.146846	0.625857	0.091069	0.185975	0.0557604	0.46506	0.20464	0.355372	0.0811824	0.12539	0.0311053	98.9646	0.099985	0.0298716	0.00318767
2125.32	0.00833333	0.945245	0.541055	0.680095	0.492046	0.396182	0.140351	0.385819	0.752762	0.118368	0.10738	0.0828881	0.176157	0.112399	0.273958	0.0372227	0.025681	99.2173	0.0998735	0.0298564	0.00454713
2125.32	0.00833333	0.942806	0.582431	0.269136	0.175921	0.702418	0.0666882	0.425458	0.152044	0.381697	0.162595	0.574808	0.332649	0.387427	0.169721	0.0408161	0.0189424	98.7195	0.0999483	0.0298971	0.00238606
2125.32	0.00833333	0.950733	0.83553	0.0795526	0.775518	0.270053	0.0408107	0.61862	0.224309	0.231092	0.00834455	0.630555	0.82049	0.496527	0.265647	0.0392455	0.0593012	98.1423	0.099992	0.029798	0.0123469
2125.32	0.00833333	0.947789	0.660858	0.277927	0.398626	0.543005	0.211704	0.560159	0.391905	0.310187	0.200258	0.24066	0.513477	0.310975	0.209092	0.0227896	0.0499692	98.902	0.0999744	0.0296876	0.0132597
2125.32	0.00833333	0.949562	0.224422	0.372158	0.950407	0.887802	0.033832	0.114844	0.801623	0.101162	0.114192	0.660397	0.997319	0.0165935	0.139949	0.0430514	0.0512573	97.7461	0.0999607	0.0298524	0.00673775
2125.33	0.00833333	0.951054	0.329996	0.664512	0.826352	0.397217	0.067116	0.76542	0.515004	0.0833808	0.00497457	0.440058	0.379555	0.283916	0.741338	0.0233077	0.0030777	98.3849	0.0999924	0.0296735	0.0145004
2125.33	0.00833333	0.951329	0.456746	0.375359	0.674009	0.324427	0.296763	0.219748	0.50663	0.188625	0.0681684	0.326632	0.334364	0.620346	0.451077	0.00443642	0.0132827	98.3108	0.0999691	0.0298284	0.0108396
2125.33	0.00833333	0.952607	0.224956	0.845556	0.514557	0.548557	0.224924	0.267754	0.702888	0.16619	0.00569219	0.0384474	0.15283	0.599323	0.28242	0.0530709	0.0339418	97.9701	0.099973	0.0296541	0.0142897
2125.33	0.00833333	0.949813	0.038649	0.518187	0.435123	0.42491	0.060916	0.72182	0.000811921	0.551316	0.0584982	0.839198	0.989225	0.282574	0.338291	0.0263641	0.0136809	97.8312	0.0999603	0.0298079	0.0094106
2125.34	0.00833333	0.947836	0.210744	0.490112	0.682375	0.325252	0.335699	0.753589	0.0593971	0.215272	0.0202381	0.985206	0.403395	0.920186	0.126376	0.0955684	0.00288375	98.9262	0.0999401	0.0296707	0.0131878
2125.34	0.00833333	0.946275	0.968262	0.498928	0.101306	0.285008	0.200209	0.21831	0.545994	0.266161	0.0231973	0.227107	0.137863	0.183639	0.284291	0.0275454	0.0743979	98.7145	0.0999689	0.0298332	0.00721787
2125.34	0.00833333	0.952433	0.406515	0.0688582	0.510288	0.469403	0.126958	0.885745	0.386936	0.374826	0.0574449	0.292255	0.280925	0.196431	0.124996	0.00738753	0.00434745	98.0491	0.0999509	0.0297184	0.0117314
2125.34	0.00833333	0.947051	0.572772	0.0489335	0.540473	0.597597	0.0407998	0.453173	0.620219	0.150441	0.245456	0.387358	0.404532	0.290309	0.213784	0.0636202	0.0569874	98.8004	0.0999461	0.0297062	0.0126849
2125.34	0.00833333	0.944035	0.234785	0.279095	0.695873	0.353712	0.0791079	0.607825	0.190667	0.00360116	0.00277521	0.925527	0.127006	0.292822	0.346283	0.0407696	0.0013182	98.7724	0.0999016	0.0298491	0.00618907
2125.34	0.00833333	0.951491	0.557816	0.185057	0.750894	0.356476	0.0325975	0.750911	0.775669	0.270596	0.0736573	0.476926	0.093855	0.460003	0.481854	0.00236926	0.00405073	97.9462	0.0999408	0.0297581	0.0116048
2125.35	0.00833333	0.946098	0.949369	0.325037	0.622731	0.322199	0.0825384	0.767351	0.109253	0.148839	0.0296792	0.472373	0.134203	0.0487935	0.221243	0.0743623	0.0157327	99.128	0.0998665	0.0298199	0.00442551
2125.35	0.00833333	0.947838	0.696633	0.248258	0.400444	0.210631	0.142066	0.732195	0.358908	0.0612274	0.0313301	0.337972	0.164104	0.31523	0.341423	0.0864319	0.00625007	98.3888	0.0999178	0.0298529	0.00414025
2125.35	0.00833333	0.952334	0.633888	0.321945	0.282611	0.250152	0.0561552	0.574063	0.0931055	0.364893	0.0990824	0.380604	0.287452	0.388404	0.0772973	0.10578	0.0223838	98.2613	0.0999831	0.0297872	0.00816323
2125.36	0.00833333	0.948101	0.158605	0.0131188	0.596066	0.333476	0.0525694	0.410392	0.145818	0.370476	0.201383	0.36093	0.886588	0.404451	0.535463	0.0165172	0.0101226	98.7717	0.0998868	0.0296427	0.0137037
2125.36	0.00833333	0.94832	0.189152	0.12408	0.405409	0.0255951	0.240259	0.720264	0.889735	0.382572	0.109118	0.304638	0.453472	0.711439	0.336627	0.0488401	0.0255929	97.607	0.0999215	0.029881	0.00532364
2125.36	0.00833333	0.951812	0.0800607	0.324716	0.661996	0.258794	0.108369	0.0893114	0.147768	0.472783	0.0582533	0.524622	0.517668	0.535874	0.134373	0.0247641	0.0283475	97.7292	0.0999188	0.0297472	0.0105153
2125.36	0.00833333	0.943758	0.23203	0.699729	0.281904	0.408247	0.158927	0.124096	0.0113666	0.101417	0.0362904	0.202034	0.45854	0.200545	0.262643	0.0811058	0.0141523	99.2226	0.099994	0.0298804	0.0109586
2125.36	0.00833333	0.947762	0.406264	0.133644	0.946994	0.0592669	0.155499	0.496265	0.578638	0.503481	0.0549635	0.444343	0.248845	0.611453	0.00675058	0.062818	0.0206462	98.62	0.0999	0.029755	0.0116205
2125.36	0.00833333	0.948154	0.336514	0.473877	0.825396	0.262969	0.173921	0.15885	0.5852	0.183349	0.23702	0.260551	0.183206	0.558291	0.365601	0.0302228	0.0356373	98.1273	0.0999898	0.0298694	0.00201443
