distance	weight	r0	r1	r2	r3	r4	r5	r6	r7	r8	r9	r10	r11	r12	r13	r14	r15	tp	dr1	dr2	dr3
2124.66	0.00833333	0.943882	0.847752	0.18901	0.687687	0.59384	0.0909678	0.977731	0.26713	0.191603	0.00368025	0.622956	0.793835	0.613988	0.0262262	0.0214325	0.0243739	98.8561	0.0999265	0.0298903	0.00567637
2124.76	0.00833333	0.946225	0.101353	0.930659	0.361606	0.270308	0.0893916	0.513184	0.34535	0.244436	0.0119691	0.112769	0.0554895	0.015781	0.132944	0.0524771	0.000948218	99.2533	0.0999573	0.0298557	0.00892601
2124.8	0.00833333	0.951926	0.387011	0.0890367	0.144197	0.413538	0.0187733	0.912867	0.793241	0.137227	0.0995949	0.689363	0.492938	0.201232	0.0230845	0.00653696	0.0206064	98.0232	0.0999602	0.0297868	0.0102144
2124.84	0.00833333	0.952366	0.528295	0.36274	0.533604	0.273402	0.118134	0.112693	0.22567	0.0338112	0.0577354	0.242012	0.563441	0.134139	0.127326	0.0223499	0.0314248	98.3229	0.0999442	0.0297153	0.0119156
2124.85	0.00833333	0.948654	0.430768	0.0368079	0.584591	0.0717868	0.142147	0.0620304	0.931334	0.501041	0.0705272	0.839827	0.415951	0.328576	0.108239	0.0107175	0.0554763	98.4511	0.0999087	0.0298697	0.00422414
2124.87	0.00833333	0.94813	0.744444	0.0729347	0.913715	0.429183	0.0555883	0.310218	0.650742	0.1473	0.0515399	0.213195	0.103233	0.0411297	0.220604	0.0544021	0.0266363	98.9756	0.0998331	0.0297224	0.0104287
2124.89	0.00833333	0.950231	0.742357	0.516218	0.886187	0.922027	0.0306387	0.432752	0.158886	0.363424	0.102293	0.097948	0.423288	0.164574	0.263574	0.0861178	0.00676972	98.0604	0.0999881	0.0298215	0.0111379
2124.89	0.00833333	0.948261	0.991057	0.106702	0.417372	0.171906	0.093582	0.229716	0.902641	0.390759	0.118731	0.445878	0.0513651	0.258199	0.0860646	0.0378904	0.0244921	99.1525	0.0998725	0.0297169	0.0118657
2124.89	0.00833333	0.94475	0.131571	0.279869	0.973289	0.383483	0.0706442	0.238316	0.684359	0.113023	0.0812093	0.73905	0.174764	0.155131	0.441677	0.0335219	0.109966	98.535	0.0998837	0.0298724	0.0066329
2124.92	0.00833333	0.94314	0.439321	0.0667872	0.846228	0.188693	0.187418	0.537895	0.0320546	0.288945	0.0796207	0.291658	0.012156	0.10833	0.378026	0.0744293	0.0499042	99.4668	0.0999642	0.029847	0.000380978
2124.92	0.00833333	0.945807	0.329596	0.309362	0.264486	0.494951	0.130877	0.524984	0.291264	0.139603	0.0859897	0.307076	0.852645	0.197831	0.113684	0.0739402	0.00438857	99.0395	0.0998796	0.0298409	0.00719277
2124.92	0.00833333	0.943213	0.217268	0.259183	0.258765	0.430042	0.0314828	0.505338	0.0524338	0.108901	0.0965873	0.436909	0.79245	0.613564	0.341898	0.129587	0.0515466	99.4937	0.0998306	0.0298174	0.000316877
2124.92	0.00833333	0.945412	0.253491	0.00956235	0.784241	0.554157	0.0170626	0.348393	0.450037	0.258161	0.0678034	0.397748	0.0602901	0.358478	0.164008	0.0700119	0.0155995	98.6685	0.0999687	0.0298508	0.00827356
2124.93	0.00833333	0.943095	0.547888	0.393399	0.125719	0.000724606	0.142647	0.489147	0.453307	0.344205	0.0508276	0.956762	0.844836	0.192615	0.517023	0.0422506	0.0230682	99.1648	0.0999733	0.0298175	0.000475767
2124.94	0.00833333	0.949369	0.0233417	0.176406	0.62417	0.756496	0.174021	0.860199	0.15393	0.0422129	0.0260489	0.723719	0.244908	0.256046	0.197627	0.0327657	0.0437171	97.6307	0.099933	0.0298455	0.00750431
2124.94	0.00833333	0.951638	0.430979	0.363775	0.664258	0.580633	0.0657593	0.138783	0.584689	0.0199136	0.0743997	0.302866	0.595876	0.244436	0.23133	0.0359213	0.0104396	97.8735	0.0999517	0.0298066	0.00779092
2124.95	0.00833333	0.948532	0.705371	0.0698532	0.421426	0.0755413	0.0462161	0.163408	0.465973	0.140541	0.0302939	0.647558	0.358674	0.427249	0.0492901	0.0177165	0.0205298	98.5397	0.0998633	0.0297684	0.00906567
2124.95	0.00833333	0.946978	0.54713	0.235167	0.23367	0.00121248	0.0511011	0.586481	0.521823	0.107398	0.0882912	0.173007	0.177307	0.61333	0.277037	0.0905661	0.0392316	99.0167	0.0998452	0.0297677	0.0110776
2124.95	0.00833333	0.944088	0.102675	0.149579	0.661037	0.11123	0.227839	0.946818	0.252572	0.0775246	0.104807	0.656107	0.698366	0.380307	0.0823249	0.0688727	0.0561132	98.5058	0.099944	0.0298266	0.00496873
2124.96	0.00833333	0.945218	0.292168	0.296952	0.607964	0.03602	0.131848	0.43554	0.506712	0.24381	0.0266889	0.474895	0.14866	0.360969	0.200788	0.0558327	0.0269405	98.6337	0.099821	0.0298605	0.00693852
2124.96	0.00833333	0.947136	0.887582	0.06219	0.565929	0.338449	0.0456044	0.0295736	0.428468	0.0519019	0.148018	0.199468	0.354723	0.717481	0.0850803	0.141479	0.0147333	99.2934	0.0998928	0.0298146	0.00673121
2124.97	0.00833333	0.950243	0.531984	0.20046	0.659036	0.275706	0.00433233	0.650208	0.633853	0.156133	0.166951	0.948474	0.33755	0.38332	0.13654	0.0162896	0.0122932	97.5601	0.0999531	0.029876	0.00620637
2124.97	0.00833333	0.947877	0.0301672	0.331991	0.605951	0.0962396	0.136721	0.730487	0.865715	0.363871	0.146048	0.673815	0.520797	0.716012	0.345813	0.0389327	0.00916004	99.1251	0.0999934	0.029765	0.0103175
2124.97	0.00833333	0.947081	0.00635472	0.0798207	0.681436	0.480324	0.236906	0.509526	0.0260493	0.213423	0.0902278	0.561486	0.184961	0.332462	0.105523	0.0311404	0.0583836	97.5217	0.0999868	0.0298834	0.00263803
2124.97	0.00833333	0.940747	0.476449	0.27495	0.0772697	0.326054	0.328072	0.0758632	0.188451	0.176894	0.214035	0.274024	0.41461	0.468759	0.156253	0.0341566	0.0221945	98.8207	0.0999671	0.0299215	0.000480897
2124.97	0.00833333	0.942236	0.0703912	0.0870366	0.0653079	0.149958	0.0359561	0.688648	0.712039	0.415014	0.0918371	0.0226539	0.113277	0.144159	0.0697728	0.046899	0.0569567	99.2306	0.0999734	0.0299257	0.0054673
2125	0.00833333	0.940926	0.140051	0.710169	0.171298	0.339967	0.241186	0.46462	0.204264	0.220798	0.0877881	0.27302	0.590536	0.357453	0.199575	0.0205927	0.0717964	99.0983	0.0999651	0.0299237	0.000945512
2125.01	0.00833333	0.952254	0.163648	0.304581	0.482973	0.0206546	0.200477	0.56824	0.29057	0.0811163	0.00671177	0.62822	0.0105548	0.816966	0.101556	0.147708	0.0102501	98.3129	0.0999308	0.029765	0.0116078
2125.01	0.00833333	0.951582	0.838698	0.322076	0.577573	0.467699	0.126205	0.792813	0.0574122	0.040808	0.184703	0.320858	0.274305	0.155871	0.0702613	0.0559623	0.0251596	98.3744	0.0999876	0.0297464	0.0125056
2125.02	0.00833333	0.951376	0.455064	0.128344	0.418533	0.044486	0.213565	0.0174401	0.0822662	0.0220344	0.12205	0.973186	0.326754	0.288696	0.316234	0.0799359	0.00808755	97.9354	0.0999122	0.0297842	0.0114547
2125.02	0.00833333	0.948952	0.778818	0.05997	0.381225	0.429894	0.260399	0.1211	0.719076	0.102508	0.0767032	0.341675	0.740949	0.662166	0.0255101	0.0662181	0.0408797	99.0292	0.0998481	0.0296381	0.0133849
2125.02	0.00833333	0.948371	0.190529	0.0765224	0.105318	0.738443	0.0480355	0.060072	0.118041	0.00837339	0.0803708	0.73196	0.386273	0.00719595	0.145322	0.0344531	0.0347804	97.8023	0.0999957	0.0299442	0.00622214
2125.02	0.00833333	0.945196	0.209433	0.0158201	0.66959	0.335843	0.0566827	0.160038	0.230669	0.0972022	0.0806474	0.283735	0.158199	0.466863	0.0364402	0.0456472	0.0189179	99.1503	0.0999232	0.0298465	0.00709468
2125.03	0.00833333	0.948619	0.320169	0.623175	0.273305	0.168335	0.210172	0.136927	0.112436	0.108837	0.0864591	0.610286	0.385733	0.293855	0.56885	0.0244245	0.0712718	98.6103	0.0999683	0.0296585	0.0131488
2125.04	0.00833333	0.95359	0.477438	0.0937549	0.580825	0.118832	0.0157229	0.200666	0.272237	0.149699	0.0232259	0.31706	0.638114	0.412691	0.101977	0.167663	0.0110189	97.6689	0.0999006	0.0297239	0.0108808
2125.05	0.00833333	0.948371	0.455267	0.289906	0.873981	0.0460762	0.00140899	0.159389	0.410855	0.148402	0.352944	0.520897	0.133965	0.421024	0.455447	0.0423125	0.0183729	99.3848	0.0998712	0.0296847	0.0138229
2125.06	0.00833333	0.943087	0.130845	0.323431	0.250405	0.088076	0.23258	0.0491134	0.936344	0.159701	0.0928652	0.267154	0.688898	0.396771	0.532186	0.0151828	0.0480195	98.9145	0.0998885	0.0299104	0.00522868
2125.06	0.00833333	0.943046	0.578315	0.388468	0.872479	0.150851	0.255288	0.562583	0.409446	0.134933	0.0542812	0.170691	0.717507	0.188389	0.0529747	0.0157901	0.00452363	98.7196	0.0998645	0.0298419	0.000784134
2125.06	0.00833333	0.94481	0.668874	0.179187	0.646654	0.131306	0.0630249	0.476336	0.691863	0.258586	0.0503985	0.712488	0.417924	0.339263	0.0951295	0.080854	0.087786	98.9273	0.0999803	0.0298793	0.00738844
2125.06	0.00833333	0.944106	0.50715	0.0194009	0.111979	0.149464	0.123458	0.517597	0.847426	0.15032	0.115107	0.367845	0.491463	0.0062439	0.258656	0.0266094	0.0128464	99.1886	0.0999726	0.0298815	0.00474576
2125.06	0.00833333	0.944157	0.724485	0.0242009	0.356824	0.706601	0.152994	0.736729	0.334191	0.211595	0.0894042	0.8153	0.460619	0.136721	0.121105	0.0836557	0.0336562	98.5246	0.0999551	0.0298805	0.00481602
2125.07	0.00833333	0.949806	0.303162	0.466846	0.508916	0.549326	0.0371341	0.0331165	0.121103	0.653803	0.120829	0.503686	0.587328	0.888976	0.103751	0.00265966	0.0106875	97.7228	0.0999914	0.029849	0.00725876
2125.07	0.00833333	0.943917	0.353235	0.238	0.440948	0.450806	0.0913452	0.0893367	0.480809	0.114012	0.110864	0.925878	0.471514	0.373572	0.565035	0.044924	0.0399893	99.2826	0.0999383	0.0299066	0.00778652
2125.07	0.00833333	0.953133	0.92449	0.789015	0.888178	0.0226877	0.124844	0.639842	0.859091	0.16375	0.0088521	0.163411	0.689973	0.28487	0.148304	0.0197273	0.00921774	98.2081	0.0999738	0.0297819	0.0100469
2125.07	0.00833333	0.947587	0.0817908	0.00510922	0.552154	0.420141	0.115258	0.490111	0.0831753	0.171116	0.0460636	0.389631	0.0105482	0.731779	0.129942	0.0475747	0.0505573	98.3714	0.0999818	0.0298918	0.00391234
2125.07	0.00833333	0.947262	0.788737	0.0657255	0.191224	0.363246	0.05572	0.503878	0.405155	0.165894	0.0798088	0.620663	0.842071	0.441921	0.0690393	0.00369192	0.0460057	97.8061	0.0999665	0.0298813	0.00183575
2125.07	0.00833333	0.949009	0.752812	0.393801	0.645011	0.240362	0.179723	0.380361	0.58482	0.113554	0.127232	0.541493	0.695215	0.0340202	0.0583815	0.0398963	0.0155255	97.9834	0.099897	0.0298989	0.00490528
2125.08	0.00833333	0.947216	0.598937	0.319223	0.391223	0.161865	0.0567312	0.582471	0.46215	0.435512	0.0341524	0.964852	0.138929	0.0305297	0.0167915	0.00224363	0.0804118	99.482	0.099973	0.0297801	0.0088838
2125.08	0.00833333	0.951404	0.529243	0.166411	0.85776	0.0418861	0.0740643	0.186633	0.14382	0.276383	0.0779566	0.650897	0.288445	0.377744	0.263442	0.0633554	0.0122729	97.9765	0.0998397	0.0297913	0.00651042
2125.08	0.00833333	0.941303	0.490951	0.432895	0.240015	0.496297	0.0760014	0.537769	0.177703	0.0963338	0.118494	0.588476	0.819964	0.140626	0.177086	0.0626755	0.0116434	99.0352	0.0999847	0.0299537	0.00265247
2125.08	0.00833333	0.942572	0.516222	0.502165	0.583633	0.337925	0.0459306	0.483382	0.378292	0.306013	0.0724894	0.687753	0.586064	0.327832	0.0434388	0.0463857	0.010445	99.3987	0.0999433	0.0299106	0.00299122
2125.08	0.00833333	0.94666	0.425727	0.865536	0.531565	0.00439426	0.175893	0.697973	0.183575	0.159859	0.0339931	0.990632	0.164539	0.692657	0.100985	0.0528138	0.119923	99.3579	0.0999916	0.0296155	0.0158451
2125.09	0.00833333	0.94555	0.607868	0.0363416	0.866196	0.0806446	0.0289621	0.461958	0.49907	0.00528853	0.0201604	0.306924	0.448928	0.554107	0.359643	0.0717512	0.0305072	99.06	0.0998662	0.0298074	0.00557724
2125.09	0.00833333	0.947487	0.244324	0.446731	0.915746	0.0324853	0.0289917	0.584824	0.568462	0.509742	0.0832689	0.483685	0.307936	0.320847	0.111927	0.0338548	0.0037569	98.9049	0.0999807	0.0297922	0.00913812
2125.09	0.00833333	0.944263	0.329039	0.00509134	0.374627	0.636555	0.103255	0.0182994	0.455674	0.353487	0.0497342	0.730912	0.30034	0.0767156	0.0481494	0.0786332	0.0300853	99.1465	0.0999486	0.0297886	0.00241769
2125.09	0.00833333	0.949728	0.0625589	0.449588	0.879089	0.154087	0.0703466	0.698816	0.566385	0.0876946	0.166585	0.541164	0.429381	0.439833	0.17501	0.0365629	0.00280195	98.3916	0.0998998	0.0298532	0.00535481
2125.09	0.00833333	0.9433	0.154635	0.175969	0.318815	0.0816247	0.121161	0.178529	0.0012397	0.0149764	0.159925	0.704209	0.0586325	0.279599	0.636126	0.0339537	0.00328461	98.5385	0.0999015	0.0299256	0.00387292
2125.09	0.00833333	0.947446	0.543249	0.382283	0.752536	0.0420201	0.0135411	0.309832	0.175539	0.297939	0.12804	0.95503	0.00996977	0.544085	0.858001	0.040313	0.02933	98.6726	0.0998769	0.029721	0.0120019
2125.09	0.00833333	0.949167	0.217508	0.0308618	0.581467	0.240612	0.17907	0.405289	0.240184	0.136947	0.00507376	0.335713	0.239101	0.568848	0.109256	0.0587907	0.0397793	98.3549	0.099932	0.0299316	0.00552402
2125.1	0.00833333	0.948021	0.395261	0.0304385	0.0441467	0.0688127	0.118269	0.436108	0.714464	0.326529	0.0821211	0.124646	0.173905	0.00150329	0.253722	0.00171925	0.00866072	99.1384	0.0999784	0.0296482	0.0122047
2125.11	0.00833333	0.947867	0.98264	0.384656	0.392752	0.432126	0.163205	0.112429	0.408758	0.104574	0.0619251	0.187769	0.191785	0.389494	0.157669	0.091101	0.0694203	99.4629	0.0999537	0.0296983	0.0131092
2125.11	0.00833333	0.943435	0.155285	0.680259	0.0249507	0.350883	0.155957	0.0411784	0.196742	0.153361	0.146531	0.761893	0.66377	0.0651465	0.00555989	0.0643827	0.00350017	98.7968	0.0999697	0.0299172	0.00746385
2125.11	0.00833333	0.950104	0.0413469	0.198477	0.139543	0.443356	0.105351	0.989906	0.195241	0.203843	0.0496861	0.513509	0.757736	0.299558	0.080845	0.00158959	0.0254251	97.5485	0.0999419	0.0298173	0.00884562
2125.12	0.00833333	0.94632	0.957137	0.0920613	0.542522	0.415079	0.212738	0.36793	0.105255	0.180253	0.0680458	0.762355	0.935736	0.112273	0.17281	0.000438401	0.00240451	98.8246	0.0997996	0.029823	0.00586359
2125.12	0.00833333	0.949287	0.520853	0.602326	0.970976	0.318835	0.134976	0.0833962	0.00355759	0.334054	0.105576	0.409988	0.41538	0.245714	0.0798416	0.0157981	0.00736776	98.3976	0.0999411	0.0299253	0.00611361
2125.12	0.00833333	0.948175	0.452082	0.201973	0.65005	0.424023	0.120229	0.236549	0.0451873	0.43428	0.151083	0.552117	0.228792	0.400312	0.0545021	0.0338874	0.00685348	99.2818	0.0998949	0.0297521	0.00767607
2125.12	0.00833333	0.946845	0.378662	0.556646	0.469421	0.126909	0.186144	0.840588	0.945953	0.281518	0.0777947	0.466455	0.193942	0.29044	0.242011	0.0381895	0.051785	98.779	0.0998722	0.0298081	0.00792425
2125.12	0.00833333	0.952758	0.0536347	0.480401	0.389575	0.125579	0.135809	0.746265	0.273026	0.507045	0.0775609	0.748561	0.561634	0.0357943	0.307751	0.0342556	0.0143547	98.3388	0.0999697	0.0296765	0.0138148
2125.12	0.00833333	0.94518	0.684266	0.0546942	0.0955933	0.487379	0.166898	0.248758	0.886683	0.181472	0.021746	0.676015	0.291753	0.106249	0.247185	0.0130685	0.04874	98.3682	0.0999851	0.0299417	0.00104829
2125.13	0.00833333	0.95231	0.902027	0.575092	0.344499	0.103525	0.10769	0.251328	0.468002	0.0467798	0.121805	0.33546	0.309114	0.434837	0.0760413	0.0755106	0.0430023	98.0864	0.0999718	0.0297987	0.00796044
2125.13	0.00833333	0.943286	0.744539	0.978845	0.603257	0.253678	0.0623745	0.439248	0.28537	0.117633	0.0432429	0.0189279	0.620922	0.0165158	0.0964904	0.0668922	0.00626269	98.8741	0.0998765	0.0298767	0.00313551
2125.13	0.00833333	0.952765	0.148063	0.928745	0.388367	0.200794	0.0381455	0.651329	0.26888	0.0323822	0.0991023	0.265214	0.56081	0.192238	0.583825	0.0965854	0.0010467	98.1936	0.0999328	0.0296815	0.0111783
2125.13	0.00833333	0.942547	0.364436	0.165495	0.375173	0.136579	0.221618	0.63762	0.247736	0.179365	0.199537	0.410762	0.352267	0.431128	0.0885523	0.143223	0.0306699	99.3831	0.0999614	0.0299347	0.00367799
2125.13	0.00833333	0.952653	0.755634	0.106742	0.780972	0.806867	0.125591	0.794181	0.411557	0.0772408	0.0587477	0.316737	0.431486	0.195084	0.117537	0.0663695	0.00395272	97.5367	0.0998949	0.029717	0.0118365
2125.13	0.00833333	0.94457	0.953339	0.615042	0.598595	0.161754	0.101306	0.0276094	0.51995	0.240693	0.0701858	0.263648	0.299377	0.0510409	0.211293	0.00431369	0.0363805	99.1152	0.0999657	0.0298441	0.00607611
2125.13	0.00833333	0.945503	0.44835	0.408627	0.341183	0.00300926	0.00720713	0.721648	0.450079	0.151575	0.099732	0.944732	0.491458	0.285195	0.284046	0.00142089	0.0147878	99.3637	0.0999987	0.0298479	0.00897029
2125.13	0.00833333	0.947245	0.425826	0.124959	0.688625	0.0460363	0.0803881	0.540014	0.275017	0.0149531	0.0840649	0.932469	0.27846	0.430304	0.0915431	0.0304615	0.0780742	99.3963	0.0998138	0.0298109	0.00817806
2125.13	0.00833333	0.950203	0.95332	0.313254	0.0810076	0.18939	0.0124518	0.0292665	0.0452397	0.481752	0.12231	0.0891167	0.159966	0.103715	0.152255	0.0900092	0.0194067	97.9159	0.0999832	0.029836	0.0110236
2125.13	0.00833333	0.951204	0.748723	0.261111	0.0240529	0.3191	0.10565	0.36786	0.561243	0.335192	0.0471005	0.756262	0.804638	0.368835	0.248369	0.0715753	0.0628153	99.499	0.0998855	0.0291983	0.0190046
2125.14	0.00833333	0.949887	0.611827	0.209991	0.591851	0.340247	0.0189039	0.595774	0.246866	0.110842	0.0157327	0.303454	0.279213	0.547894	0.114562	0.069371	0.0266638	97.7917	0.0999721	0.0298437	0.00531362
2125.14	0.00833333	0.948162	0.695645	0.859951	0.484293	0.649161	0.114759	0.353655	0.291619	0.223218	0.00548144	0.838534	0.134192	0.106525	0.844496	0.035643	0.0262861	98.59	0.0999777	0.0295734	0.0146421
2125.14	0.00833333	0.949501	0.926554	0.084659	0.807482	0.540806	0.0719552	0.726819	0.520074	0.0965633	0.0388135	0.391498	0.35843	0.653264	0.169821	0.0298862	0.0230629	97.5739	0.099943	0.0298942	0.00463469
2125.14	0.00833333	0.943933	0.100624	0.443143	0.620487	0.162629	0.151965	0.298591	0.322979	0.0376578	0.118535	0.587344	0.131016	0.400692	0.279309	0.0327254	0.0431439	98.8454	0.0999516	0.0298773	0.00176584
2125.15	0.00833333	0.945274	0.632746	0.151928	0.239264	0.507504	0.126084	0.501101	0.111706	0.135129	0.0545665	0.0895911	0.283966	0.041594	0.167853	0.0476035	0.000958728	99.3024	0.0999249	0.0298117	0.00557797
2125.15	0.00833333	0.947929	0.525066	0.132252	0.323924	0.617287	0.0201797	0.565284	0.275156	0.123245	0.196162	0.359637	0.574648	0.420446	0.0506552	0.0434611	0.0447559	97.7885	0.09999	0.0298609	0.00441075
2125.15	0.00833333	0.947871	0.159673	0.251296	0.982387	0.0166211	0.0406213	0.416087	0.54734	0.170004	0.0753025	0.0335027	0.449367	0.051845	0.0651553	0.0529626	0.0444917	99.2977	0.099837	0.0297804	0.00744845
2125.15	0.00833333	0.944013	0.615684	0.240876	0.153883	0.718825	0.0261964	0.422421	0.241508	0.106607	0.0132942	0.608006	0.818023	0.40062	0.322901	0.0795621	0.00507982	99.3717	0.0999916	0.0299192	0.00543935
2125.16	0.00833333	0.948922	0.208788	0.631437	0.30594	0.283743	0.182979	0.119038	0.356021	0.229855	0.027774	0.747255	0.716239	0.0851626	0.459526	0.105564	0.0244194	99.1754	0.0998869	0.0296926	0.0126024
2125.16	0.00833333	0.945693	0.00873418	0.593103	0.314468	0.0163275	0.22769	0.759257	0.546919	0.0801829	0.164791	0.425517	0.552283	0.204573	0.3229	0.013643	0.0384493	98.7806	0.0998372	0.0298318	0.00541734
2125.16	0.00833333	0.94418	0.360696	0.369887	0.509411	0.432056	0.0717136	0.344116	0.571342	0.301731	0.000192642	0.554588	0.160144	0.308727	0.166645	0.086987	0.01087	98.5121	0.0999731	0.0298947	0.00367151
2125.17	0.00833333	0.947796	0.836975	0.326624	0.657493	0.276843	0.0741931	0.649892	0.197889	0.0415036	0.144183	0.444618	0.539562	0.339619	0.0266602	0.0326948	0.0683984	99.2951	0.0999517	0.0296653	0.0144613
2125.17	0.00833333	0.946981	0.569895	0.248996	0.447881	0.196721	0.0273301	0.399342	0.75199	0.13066	0.126358	0.538193	0.467585	0.132476	0.454945	0.0266762	0.00668126	99.4627	0.099833	0.0297845	0.00874272
2125.17	0.00833333	0.945401	0.685833	0.187818	0.905368	0.340942	0.14454	0.54827	0.952092	0.131414	0.0115288	0.317785	0.0525173	0.0704697	0.13642	0.0219479	0.0226954	98.6992	0.0998243	0.0298322	0.00200107
2125.17	0.00833333	0.946014	0.298658	0.430036	0.996911	0.378413	0.161922	0.41925	0.193322	0.0805506	0.0639587	0.588241	0.347485	0.291514	0.104675	0.0245402	0.0253342	98.9335	0.0998129	0.0297989	0.00926702
2125.17	0.00833333	0.946991	0.536892	0.00175311	0.481481	0.186107	0.00235806	0.504378	0.5966	0.0828973	0.0249701	0.379718	0.543011	0.153381	0.0504459	0.0766438	0.0120097	97.6169	0.0999818	0.0299616	0.0038523
2125.17	0.00833333	0.949875	0.804402	0.315512	0.363187	0.418425	0.226012	0.534428	0.0943743	0.465513	0.0675204	0.449463	0.465743	0.887308	0.285565	0.0421511	0.0172066	97.9016	0.0999575	0.0298867	0.00690837
2125.17	0.00833333	0.948705	0.286421	0.728336	0.746048	0.23958	0.0145201	0.35269	0.72598	0.152909	0.0901228	0.628127	0.297959	0.324182	0.228485	0.00697918	0.000744591	98.3669	0.0999638	0.02991	0.00620138
2125.17	0.00833333	0.948294	0.936902	0.0956159	0.98781	0.701902	0.0272381	0.893362	0.0352669	0.366934	0.0573329	0.442191	0.222093	0.340822	0.368111	0.0916802	0.0156572	98.6343	0.0998609	0.0297013	0.0107745
2125.17	0.00833333	0.950877	0.523686	0.187543	0.304319	0.395006	0.150549	0.796661	0.827685	0.18112	0.134973	0.818386	0.554261	0.100575	0.277734	0.0511167	0.0293235	98.1314	0.0999151	0.0298746	0.00865125
2125.18	0.00833333	0.947705	0.23283	0.0650616	0.631825	0.209486	0.0260465	0.393125	0.0230768	0.173729	0.156955	0.715795	0.110511	0.047455	0.041895	0.0725835	0.0122382	97.8077	0.0999919	0.0299433	0.00309274
2125.18	0.00833333	0.94919	0.103971	0.0796848	0.873743	0.249542	0.335116	0.361485	0.824782	0.204406	0.0705398	0.733362	0.186339	0.639375	0.204475	0.0352649	0.0289129	98.0435	0.0999953	0.0298779	0.0087467
2125.18	0.00833333	0.947937	0.549023	0.409842	0.924507	0.152563	0.0786536	0.471976	0.302155	0.0240884	0.0218097	0.526977	0.807577	0.351395	0.226471	0.0508024	0.0226154	97.9756	0.0999966	0.0299843	0.00463021
2125.18	0.00833333	0.950231	0.340679	0.354313	0.321788	0.552749	0.0664938	0.603849	0.588716	0.090018	0.105272	0.660667	0.319878	0.0167152	0.296061	0.00229376	0.00912589	98.1997	0.0999961	0.0298574	0.00652236
2125.18	0.00833333	0.951543	0.741742	0.185644	0.175931	0.679268	0.198308	0.445625	0.645573	0.249359	0.0622222	0.483697	0.255056	0.216431	0.265937	0.0526659	0.00593176	98.1568	0.0999783	0.0297846	0.0114212
2125.18	0.00833333	0.949835	0.200673	0.374865	0.745723	0.443263	0.0350245	0.337541	0.577063	0.0320081	0.0492896	0.126507	0.266453	0.0152852	0.240334	0.0350062	0.0180131	98.2668	0.0999094	0.0298106	0.00446659
2125.18	0.00833333	0.943372	0.3735	0.626988	0.363842	0.166484	0.121568	0.491119	0.109089	0.135301	0.110342	0.66659	0.183688	0.444237	0.112352	0.00249714	0.0229655	98.581	0.0999706	0.029854	0.0034115
2125.19	0.00833333	0.945147	0.423954	0.16534	0.612053	0.572785	0.052335	0.502915	0.340716	0.0992521	0.165305	0.200449	0.00554851	0.259904	0.0230098	0.0417826	0.059575	98.5485	0.0998497	0.0298478	0.00730865
2125.19	0.00833333	0.943067	0.0471537	0.518612	0.362408	0.358064	0.0136128	0.478811	0.603248	0.00286	0.0499512	0.748315	0.407214	0.27811	0.184423	0.0234016	0.00797156	99.3659	0.0998947	0.0299199	0.00446793
2125.19	0.00833333	0.945794	0.396594	0.561817	0.521531	0.25711	0.183112	0.711446	0.447957	0.244124	0.0422006	0.45378	0.165127	0.38544	0.114861	0.0489023	0.03605	98.635	0.0999356	0.0298053	0.010063
2125.19	0.00833333	0.94646	0.511451	0.571972	0.945396	0.58536	0.176886	0.926565	0.554185	0.109326	0.024702	0.501303	0.523152	0.347761	0.207436	0.0623583	0.00877144	99.0986	0.0999067	0.0297737	0.00855686
2125.19	0.00833333	0.949343	0.461793	0.0140393	0.49316	0.881169	0.123403	0.583986	0.297916	0.220236	0.0133786	0.903704	0.533924	0.523077	0.0152899	0.0194818	0.0161999	97.8335	0.0998653	0.0298211	0.00407028
2125.19	0.00833333	0.951062	0.67038	0.282583	0.0977581	0.0906903	0.0743407	0.806488	0.0583176	0.16505	0.152696	0.448178	0.340936	0.11107	0.114726	0.0342577	0.030494	98.2491	0.0998826	0.0297964	0.0103118
2125.2	0.00833333	0.941723	0.424178	0.239874	0.0260227	0.0811528	0.184894	0.339216	0.995989	0.271861	0.0692722	0.674346	0.949368	0.323307	0.474008	0.108186	0.0291849	99.4525	0.0999454	0.0298268	0.000346795
2125.2	0.00833333	0.94754	0.65676	0.0517994	0.257078	0.510525	0.0664791	0.77836	0.716801	0.115871	0.0277151	0.567227	0.202213	0.0401641	0.255852	0.0327368	0.0679855	99.4767	0.0999967	0.0297807	0.00748219
2125.2	0.00833333	0.94902	0.583996	0.293171	0.447296	0.453047	0.154735	0.739337	0.150154	0.476896	0.0510425	0.821677	0.305759	0.266421	0.00969556	0.0383424	0.0119388	98.9749	0.0997888	0.0297359	0.00826215
2125.2	0.00833333	0.945401	0.480598	0.505773	0.380385	0.033778	0.201694	0.571916	0.228997	0.104008	0.0549093	0.558926	0.417338	0.357222	0.348402	0.0228857	0.00618749	99.2783	0.0997946	0.0297964	0.00262715
2125.2	0.00833333	0.94631	0.155348	0.327492	0.842679	0.117282	0.00463854	0.136924	0.0788532	0.466332	0.17824	0.271114	0.809067	0.408092	0.610428	0.0640388	0.0201318	99.4138	0.0999829	0.0297383	0.0104058
2125.21	0.00833333	0.947049	0.552115	0.201474	0.58661	0.431738	0.0672004	0.381061	0.595605	0.18644	0.0324275	0.730827	0.43215	0.0762204	0.31923	0.0195777	0.0455074	98.8796	0.0998432	0.0297875	0.0050341
2125.21	0.00833333	0.947905	0.920528	0.14265	0.768829	0.326336	0.115998	0.839889	0.683887	0.0912279	0.306591	0.645418	0.178016	0.613606	0.20763	0.0307836	0.0544381	99.2741	0.0999378	0.0297546	0.00943998
2125.21	0.00833333	0.949548	0.910225	0.141407	0.323217	0.403015	0.0280238	0.791667	0.395381	0.221394	0.0748649	0.422098	0.507303	0.938875	0.141637	0.0406197	0.0697128	98.7318	0.0999598	0.0296041	0.013493
