distance	weight	r0	r1	r2	r3	r4	r5	r6	r7	r8	r9	r10	r11	r12	r13	r14	r15	tp	dr1	dr2	dr3
2135.16	0.00833333	0.923956	0.472269	0.33311	0.461801	0.832976	0.415055	0.29539	0.226739	0.222678	0.296753	0.599607	0.235502	0.314133	0.680252	0.250277	0.176012	99.6992	0.0998938	0.00463649	0.0485855
2136.15	0.00833333	0.958893	0.0583055	0.655462	0.116124	0.402363	0.617659	0.711274	0.355803	0.781985	0.202573	0.404109	0.811207	0.0502446	0.44247	0.96177	0.32569	98.8742	0.098591	0.0203975	0.0417432
2138.64	0.00833333	0.970752	0.876028	0.019475	0.920158	0.601513	0.0957125	0.792596	0.344372	0.0398956	0.317218	0.161165	0.173287	0.0946385	0.29652	0.267004	0.162876	96.8675	0.0992786	0.0271527	0.0275552
2138.83	0.00833333	0.928287	0.282144	0.256485	0.809078	0.669884	0.556224	0.182506	0.464466	0.390438	0.326215	0.905189	0.896752	0.890246	0.833095	0.554888	0.59776	102.457	0.0994745	0.0102951	0.0477807
2139.73	0.00833333	0.915287	0.108418	0.383397	0.875731	0.365062	0.538114	0.827127	0.213507	0.141813	0.504851	0.373515	0.202022	0.972797	0.975179	0.59807	0.62224	102.186	0.0991801	0.00880952	0.0485109
2140.37	0.00833333	0.894666	0.338955	0.526955	0.463117	0.578546	0.605897	0.0635633	0.287871	0.505558	0.511494	0.0321253	0.303582	0.89773	0.721163	0.727349	0.492528	101.144	0.0998932	0.000432345	0.049246
2142.98	0.00833333	0.959278	0.368698	0.574237	0.667862	0.363467	0.500096	0.554667	0.462395	0.311124	0.266738	0.400521	0.0171831	0.218655	0.301629	0.51709	0.373945	101.026	0.0964496	0.0172524	0.0442273
2143.24	0.00833333	0.939789	0.0860182	0.409155	0.0314944	0.393105	0.659264	0.719878	0.686476	0.147881	0.422526	0.159321	0.171607	0.58202	0.76538	0.658601	0.69463	98.3741	0.0993748	0.00946779	0.0477443
2143.56	0.00833333	0.930784	0.216807	0.646294	0.796216	0.418051	0.0797294	0.600847	0.631219	0.11175	0.107602	0.543071	0.452692	0.112501	0.0452629	0.00259236	0.461033	101.683	0.0973631	0.0105475	0.0472632
2144.27	0.00833333	0.982498	0.539967	0.347819	0.412938	0.944245	0.0328898	0.923055	0.659216	0.493305	0.425171	0.436628	0.99205	0.436741	0.699133	0.178716	0.561663	97.1488	0.0975754	0.028067	0.023313
2144.92	0.00833333	0.951562	0.367378	0.648502	0.538785	0.835668	0.628198	0.21856	0.0666276	0.414361	0.807709	0.956391	0.54012	0.0262638	0.192747	0.432337	0.532584	103.008	0.097556	0.0246265	0.0339958
2145.06	0.00833333	0.982845	0.478043	0.536664	0.916146	0.159848	0.30349	0.474932	0.31338	0.751656	0.115832	0.905222	0.846177	0.382486	0.678315	0.212956	0.182528	104.164	0.0918028	0.0128634	0.0432625
2145.85	0.00833333	0.983299	0.65616	0.864647	0.235536	0.572745	0.795641	0.945537	0.69046	0.908753	0.530984	0.964235	0.445561	0.561081	0.592468	0.244359	0.40204	102.763	0.0939191	0.0244857	0.0321555
2146.06	0.00833333	0.922243	0.746889	0.342023	0.25069	0.397513	0.195747	0.19472	0.765319	0.277128	0.692602	0.399883	0.890465	0.618764	0.414445	0.855132	0.61183	103.243	0.0996407	0.0296957	0.0104068
2146.26	0.00833333	0.974698	0.0910073	0.655697	0.504944	0.484177	0.22656	0.575221	0.757948	0.947974	0.0267585	0.530714	0.40335	0.633351	0.54509	0.891222	0.0941446	97.995	0.0966359	0.0234591	0.0373506
2146.31	0.00833333	0.938218	0.395429	0.711056	0.278288	0.240965	0.469615	0.758784	0.754661	0.339511	0.352072	0.417648	0.383226	0.14177	0.0238825	0.0724163	0.543621	98.1859	0.099149	0.00304974	0.0479458
2146.41	0.00833333	0.927934	0.62584	0.142964	0.536756	0.371154	0.485848	0.395906	0.526912	0.206491	0.413777	0.541229	0.563392	0.633599	0.452791	0.796673	0.567039	104.049	0.0992683	0.0186881	0.0434074
2146.73	0.00833333	0.970376	0.890234	0.972304	0.748362	0.914268	0.0921048	0.86639	0.858252	0.51361	2.34246e-05	0.772685	0.336079	0.377752	0.304869	0.523948	0.416286	103.199	0.0929517	0.013516	0.0441877
2147.26	0.00833333	0.926981	0.0916673	0.297336	0.943634	0.355758	0.169468	0.540916	0.124235	0.418027	0.540712	0.386256	0.217497	0.488008	0.284389	0.181279	0.734762	104.168	0.0995186	0.0140172	0.0460294
2147.31	0.00833333	0.994925	0.348223	0.592673	0.208885	0.300372	0.156492	0.376654	0.578682	0.389931	0.0178971	0.777784	0.607165	0.273479	0.588891	0.188563	0.879823	99.7115	0.0943379	0.0275424	0.0189797
2147.31	0.00833333	0.936095	0.48889	0.238633	0.148631	0.593626	0.0624936	0.178433	0.881512	0.561943	0.115781	0.632337	0.603906	0.549224	0.819083	0.462677	0.743636	103.913	0.0990724	0.0241954	0.0358714
2147.35	0.00833333	0.970937	0.259801	0.747846	0.115615	0.0220106	0.750042	0.44627	0.826306	0.397819	0.630766	0.0601116	0.848134	0.0485964	0.201408	0.924542	0.675938	101.402	0.0957687	0.0211395	0.0390574
2147.36	0.00833333	1.0006	0.791173	0.806742	0.104049	0.577914	0.181898	0.563379	0.566054	0.375613	0.143454	0.570252	0.924434	0.164824	0.0418581	0.206258	0.747844	104.043	0.0909108	0.0203707	0.0370551
2147.84	0.00833333	0.982907	0.445677	0.885366	0.740896	0.868429	0.49451	0.805039	0.512287	0.512013	0.0150881	0.303157	0.877901	0.426462	0.0973164	0.326723	0.322524	94.2512	0.0980774	0.0294748	0.00633491
2147.86	0.00833333	0.961816	0.60639	0.490581	0.19706	0.130528	0.464488	0.888044	0.888815	0.0820606	0.482633	0.586633	0.665777	0.362619	0.05072	0.0539967	0.655008	104.847	0.09635	0.0270848	0.0238808
2148.13	0.00833333	0.963978	0.558984	0.319632	0.913982	0.711842	0.570972	0.274799	0.462105	0.45565	0.0160225	0.875522	0.474529	0.110904	0.361178	0.508367	0.534061	102.123	0.0945043	0.0104991	0.0450717
2148.16	0.00833333	0.924842	0.530929	0.205059	0.57497	0.567385	0.344864	0.472319	0.64206	0.128943	0.487608	0.460766	0.150926	0.275401	0.612569	0.0540948	0.433091	101.68	0.0996701	0.0198843	0.0443576
2148.92	0.00833333	0.955723	0.0226577	0.0188171	0.463182	0.5359	0.146038	0.365621	0.469574	0.0641677	0.556913	0.707807	0.753548	0.809225	0.68478	0.59702	0.572869	102.49	0.0973544	0.0261279	0.0322797
2149.03	0.00833333	0.962543	0.807567	0.0195795	0.298045	0.609353	0.307567	0.966606	0.0809602	0.244722	0.229463	0.501578	0.755466	0.460746	0.888832	0.471726	0.68848	104.643	0.0949871	0.0265566	0.0275161
2149.68	0.00833333	0.95597	0.434905	0.508281	0.059009	0.469251	0.420421	0.196173	0.0614372	0.702054	0.142185	0.756763	0.000818878	0.505701	0.285537	0.228783	0.545145	106.088	0.0931568	0.011972	0.0443865
2149.7	0.00833333	0.96559	0.61133	0.48765	0.00543822	0.0262356	0.837448	0.634332	0.345921	0.905956	0.14006	0.369802	0.930273	0.350843	0.0864238	0.0205186	0.963635	100.684	0.0983011	0.0271063	0.0254457
2149.87	0.00833333	0.935909	0.55444	0.369733	0.658326	0.170198	0.07297	0.523468	0.500512	0.754447	0.0750806	0.950256	0.0412551	0.0554569	0.13678	0.191082	0.434454	103.367	0.0983108	0.00785033	0.0474046
2150.21	0.00833333	0.963546	0.624402	0.235628	0.92844	0.348464	0.479957	0.431204	0.841414	0.224487	0.0934053	0.943817	0.461778	0.504756	0.45019	0.748545	0.169949	95.6816	0.0991414	0.02065	0.0416486
2150.39	0.00833333	0.915885	0.0986024	0.453706	0.782609	0.662767	0.332293	0.552769	0.393009	0.455277	0.221105	0.313914	0.404951	0.731566	0.129869	0.234929	0.174046	105.57	0.0974557	0.0111285	0.0470637
2150.41	0.00833333	0.971894	0.944832	0.560671	0.0910007	0.300881	0.414192	0.669971	0.716531	0.770165	0.150198	0.753882	0.554833	0.898455	0.205856	0.83304	0.0561194	104.23	0.0914009	0.00583686	0.0449302
2150.44	0.00833333	0.971092	0.521735	0.122672	0.713054	0.16695	0.434241	0.461782	0.33292	0.585379	0.244495	0.244467	0.35161	0.451794	0.350918	0.930745	0.131279	100.143	0.0972915	0.0160788	0.0436069
2150.54	0.00833333	0.966247	0.332318	0.0887795	0.47613	0.440003	0.830135	0.0135149	0.303504	0.317533	0.981422	0.954862	0.718611	0.644678	0.161668	0.394525	0.338189	96.9461	0.0987757	0.0204936	0.0412611
2150.62	0.00833333	0.94204	0.0445812	0.996291	0.758528	0.396283	0.630826	0.646385	0.534933	0.501891	0.632501	0.420458	0.209191	0.0442181	0.509804	0.847161	0.150031	104.611	0.096313	0.0172047	0.0441359
2151.19	0.00833333	0.990313	0.0592182	0.601758	0.778257	0.902609	0.621063	0.692967	0.404032	0.344304	0.0706155	0.941361	0.916833	0.974958	0.455853	0.998438	0.0367053	100.04	0.0937366	0.0201107	0.0400091
2151.36	0.00833333	0.968259	0.239638	0.369877	0.732983	0.502009	0.185954	0.831869	0.950129	0.514593	0.645437	0.226431	0.586591	0.443572	0.264857	0.518336	0.236988	100.771	0.0957725	0.0261751	0.0308678
2151.46	0.00833333	0.951797	0.480854	0.571474	0.0456086	0.542934	0.84346	0.540083	0.751382	0.504585	0.745813	0.294903	0.116393	0.446759	0.466606	0.239555	0.522846	100.668	0.0983545	0.028991	0.0213636
2151.84	0.00833333	0.958464	0.159894	0.542216	0.196766	0.662407	0.912054	0.254648	0.958975	0.830857	0.704227	0.805679	0.665786	0.729917	0.187057	0.44081	0.171767	103.309	0.0973172	0.0289698	0.00805843
2152.63	0.00833333	0.937641	0.666565	0.233653	0.820239	0.313723	0.720581	0.684755	0.867569	0.0120916	0.449078	0.318413	0.11874	0.848456	0.245677	0.478561	0.0299508	99.8183	0.0998294	0.0104629	0.046998
2152.7	0.00833333	0.979531	0.454442	0.30629	0.00552077	0.0088805	0.247161	0.225167	0.737191	0.514158	0.301229	0.325979	0.685365	0.803303	0.150224	0.551526	0.79253	100.812	0.0938302	0.0158762	0.0426887
2152.79	0.00833333	0.983405	0.265523	0.546103	0.994401	0.368886	0.172458	0.666417	0.451648	0.984863	0.467067	0.305975	0.0327609	0.980728	0.8018	0.0853053	0.781982	105.079	0.0917965	0.0260209	0.0244332
2153.04	0.00833333	0.971814	0.647914	0.0438131	0.442927	0.20548	0.0706868	0.298175	0.79265	0.711835	0.358444	0.100939	0.541014	0.866198	0.237486	0.0511658	0.884778	98.9327	0.0958565	0.0279604	0.0226135
2153.1	0.00833333	0.970857	0.840163	0.257221	0.356555	0.401521	0.306622	0.256087	0.719128	0.138754	0.35516	0.751664	0.29589	0.584129	0.798793	0.971566	0.369668	101.669	0.0964978	0.0270466	0.0271418
2153.37	0.00833333	0.988367	0.56594	0.520081	0.596332	0.494059	0.0709846	0.525462	0.332725	0.794097	0.173914	0.62977	0.948551	0.336797	0.644028	0.835335	0.191978	104.268	0.0933612	0.0215595	0.0370128
2153.42	0.00833333	0.974969	0.613087	0.0218551	0.0239204	0.470855	0.278908	0.294782	0.720948	0.961664	0.36719	0.0621389	0.604054	0.961315	0.873864	0.461391	0.448267	100.583	0.0973439	0.0274106	0.0214091
2153.83	0.00833333	0.965539	0.606215	0.609578	0.972002	0.954708	0.156923	0.345073	0.0868454	0.625511	0.134706	0.513493	0.0318421	0.277546	0.844101	0.660344	0.804004	98.8077	0.097985	0.0196547	0.0430587
2153.94	0.00833333	0.954204	0.644713	0.437154	0.0821355	0.724733	0.323875	0.0831799	0.692497	0.537746	0.319116	0.571375	0.914084	0.149951	0.042833	0.225687	0.850761	106.951	0.0957257	0.027903	0.0178822
2154.35	0.00833333	0.999227	0.606144	0.347922	0.968153	0.080761	0.731983	0.724842	0.514381	0.233178	0.547189	0.587623	0.239393	0.0315641	0.020438	0.149812	0.371459	96.0396	0.0954981	0.0271077	0.0260009
2154.38	0.00833333	0.98656	0.190197	0.197918	0.585727	0.436276	0.523953	0.537105	0.586445	0.442657	0.949527	0.597373	0.640653	0.285272	0.859751	0.383856	0.397999	101.452	0.0933992	0.0267502	0.0231218
2154.71	0.00833333	0.955318	0.537934	0.44391	0.543486	0.326457	0.474336	0.79394	0.988995	0.547273	0.548726	0.368118	0.183912	0.174167	0.0156952	0.826195	0.721546	95.1954	0.0987513	0.0101532	0.0480754
2154.9	0.00833333	0.984228	0.686312	0.194951	0.234301	0.794703	0.537712	0.168071	0.0847654	0.584023	0.147748	0.443338	0.941525	0.513704	0.532745	0.853559	0.564946	99.3329	0.0970851	0.0282002	0.0176326
2155.05	0.00833333	0.948981	0.180487	0.61707	0.756122	0.910306	0.213952	0.270873	0.914998	0.17867	0.105048	0.172313	0.775064	0.919865	0.56339	0.303943	0.550138	101.481	0.0991076	0.0117474	0.0463682
2155.46	0.00833333	1.00932	0.400218	0.81124	0.900284	0.717928	0.313165	0.238791	0.123718	0.441995	0.359157	0.172954	0.936154	0.666472	0.333337	0.475706	0.177394	97.7905	0.0941926	0.0259004	0.0275906
2155.82	0.00833333	0.964592	0.0578846	0.925757	0.767063	0.547397	0.0211423	0.5986	0.49169	0.323735	0.226105	0.482355	0.544175	0.596748	0.100862	0.0964249	0.240211	94.633	0.0974637	0.00445273	0.0476306
2155.97	0.00833333	0.961571	0.495097	0.92443	0.0127009	0.340001	0.776825	0.429147	0.489953	0.534665	0.243366	0.0964089	0.430925	0.05718	0.212514	0.999677	0.334992	97.9323	0.0971818	0.018931	0.0428194
2155.98	0.00833333	0.935277	0.0679505	0.649263	0.306603	0.418302	0.433984	0.722135	0.786677	0.972237	0.193757	0.198854	0.905098	0.357833	0.370672	0.411058	0.661467	105.031	0.097005	0.0287716	0.0139675
2156	0.00833333	0.948616	0.477994	0.606368	0.580148	0.691977	0.881215	0.256391	0.381598	0.142863	0.397746	0.494441	0.351091	0.144468	0.633515	0.858763	0.442147	103.501	0.0960362	0.0179924	0.0437727
2156.03	0.00833333	0.966871	0.391153	0.761686	0.992826	0.38304	0.293829	0.443454	0.271162	0.905946	0.262405	0.699782	0.450766	0.750932	0.369951	0.70483	0.601379	104.005	0.0938858	0.0263056	0.0267398
2156.05	0.00833333	0.967773	0.799959	0.702103	0.46867	0.695806	0.732397	0.826209	0.720546	0.678636	0.112	0.595244	0.617812	0.0576106	0.375199	0.559265	0.622802	105.104	0.0925359	0.00916376	0.0451253
2156.38	0.00833333	0.982957	0.128287	0.330848	0.20976	0.633591	0.428625	0.163323	0.238515	0.610959	0.284762	0.0286555	0.616051	0.716875	0.480219	0.895691	0.261441	97.7181	0.0954459	0.0267124	0.0286896
2156.74	0.00833333	0.9341	0.480197	0.371408	0.813401	0.000670306	0.956665	0.7924	0.491349	0.79114	0.681737	0.652475	0.724637	0.029194	0.322889	0.652469	0.0166121	107.215	0.0973066	0.0289992	0.000857944
2156.87	0.00833333	0.96746	0.404377	0.678477	0.21351	0.490993	0.485102	0.153276	0.160829	0.576303	0.144221	0.151169	0.598184	0.685079	0.551869	0.541119	0.742099	102.982	0.0973336	0.0221099	0.038111
2157.09	0.00833333	0.964512	0.680961	0.866058	0.0350912	0.467659	0.307226	0.904734	0.198552	0.776328	0.444281	0.406962	0.536809	0.382637	0.32924	0.395353	0.315466	103.032	0.0975702	0.0276661	0.0197053
2157.27	0.00833333	0.962236	0.492544	0.208171	0.437964	0.107819	0.572153	0.801259	0.151656	0.483295	0.207945	0.328215	0.570035	0.895334	0.432193	0.640056	0.675889	103.874	0.0937074	0.0188768	0.0414205
2157.39	0.00833333	0.935148	0.22737	0.951615	0.257736	0.891237	0.178423	0.380284	0.611567	0.647311	0.49772	0.852096	0.980391	0.66578	0.956331	0.0874275	0.466249	105.54	0.0971061	0.029379	0.0084708
2157.48	0.00833333	0.968812	0.620395	0.173089	0.608332	0.323692	0.730861	0.546387	0.699668	0.48826	0.415374	0.692425	0.28225	0.786494	0.36329	0.51142	0.0968153	94.9195	0.0993317	0.0217366	0.0402707
2157.56	0.00833333	0.925474	0.218273	0.59057	0.71791	0.718409	0.104194	0.620584	0.660999	0.292159	0.483418	0.681568	0.0677979	0.345685	0.527525	0.236347	0.0374864	100.664	0.0984522	0.0137882	0.0478374
2157.59	0.00833333	0.927245	0.368562	0.242209	0.997319	0.730204	0.0490952	0.967915	0.394288	0.504271	0.599914	0.516479	0.0610345	0.329304	0.0257026	0.464542	0.672067	107.768	0.0947005	0.00437042	0.045935
2157.85	0.00833333	0.994457	0.499869	0.172334	0.681848	0.798669	0.955286	0.556647	0.060875	0.524018	0.288748	0.553157	0.850207	0.678042	0.381498	0.49801	0.737459	100.551	0.0925205	0.0261918	0.0242923
2158.38	0.00833333	1.00564	0.148853	0.526237	0.480056	0.636459	0.442221	0.834447	0.556916	0.788532	0.449846	0.453416	0.673622	0.257253	0.452865	0.472542	0.387507	105.251	0.0910506	0.0230635	0.0316227
2159.02	0.00833333	0.996832	0.218595	0.0565471	0.616584	0.532771	0.571171	0.558613	0.473723	0.67701	0.451322	0.0444372	0.591432	0.732617	0.500512	0.948168	0.501236	102.832	0.0931693	0.0265064	0.0220859
2159.04	0.00833333	0.949978	0.650851	0.538151	0.650942	0.0572486	0.428086	0.0705544	0.383254	0.3134	0.623995	0.447801	0.201268	0.192318	0.466205	0.228167	0.37296	106.622	0.0969763	0.0255051	0.0300731
2159.36	0.00833333	0.965856	0.136949	0.608887	0.160947	0.694882	0.695419	0.472986	0.97449	0.727262	0.49305	0.481569	0.405678	0.754009	0.310759	0.254497	0.985254	105.583	0.0946813	0.0189604	0.0399633
2159.4	0.00833333	0.958125	0.330034	0.922129	0.445927	0.92436	0.128839	0.698904	0.404332	0.57697	0.575609	0.529533	0.467747	0.548577	0.254639	0.72573	0.856688	100.835	0.0991589	0.0268234	0.0270413
2159.67	0.00833333	0.94448	0.496827	0.545036	0.338506	0.274828	0.0694569	0.883516	0.584526	0.195465	0.66397	0.632943	0.867904	0.498669	0.234315	0.525813	0.0671387	104.207	0.096047	0.0294349	0.00368954
2159.7	0.00833333	0.943489	0.0186908	0.78769	0.455378	0.641703	0.334375	0.255376	0.68205	0.322847	0.2481	0.988262	0.0471306	0.877252	0.773062	0.10042	0.382341	94.7087	0.0998916	0.0139647	0.04856
2159.7	0.00833333	1.01877	0.498255	0.894298	0.683414	0.678824	0.454574	0.242929	0.239017	0.561131	0.478388	0.596466	0.252799	0.713323	0.975124	0.0780559	0.556551	104.253	0.0894636	0.0224919	0.0313821
2159.94	0.00833333	0.949322	0.101406	0.158892	0.687393	0.471952	0.222606	0.709126	0.587321	0.810546	0.264624	0.84295	0.48921	0.540443	0.647491	0.655305	0.499206	108.21	0.0945234	0.0250128	0.0320026
2160.11	0.00833333	0.957014	0.296598	0.505986	0.534838	0.50432	0.718901	0.725381	0.0725133	0.118546	0.613505	0.328394	0.732716	0.692923	0.622727	0.445547	0.746456	107.017	0.0951121	0.0231694	0.0344658
2160.24	0.00833333	0.984038	0.368131	0.480088	0.790043	0.593404	0.466393	0.579259	0.372135	0.476289	0.241244	0.099787	0.812874	0.349907	0.793248	0.652989	0.591351	105.651	0.0909007	0.0105692	0.0435113
2160.36	0.00833333	0.952708	0.185487	0.816567	0.894673	0.139281	0.57768	0.351628	0.340144	0.97057	0.0946994	0.828166	0.530182	0.625436	0.459168	0.599456	0.792647	103.831	0.0977645	0.0254043	0.0307475
2160.4	0.00833333	1.00257	0.511336	0.890121	0.150089	0.270349	0.567052	0.75737	0.506343	0.243763	0.223246	0.0878641	0.524296	0.0879272	0.152421	0.574854	0.533903	99.0798	0.0930258	0.0260456	0.0277174
2160.5	0.00833333	0.917064	0.0446439	0.686376	0.290419	0.38416	0.598462	0.0483244	0.783789	0.642085	0.796269	0.751034	0.647336	0.560482	0.148288	0.345122	0.637035	104.137	0.0976152	0.0113231	0.0479754
2161.03	0.00833333	0.953374	0.721632	0.801232	0.638394	0.227998	0.298773	0.335006	0.112091	0.291059	0.0470491	0.561123	0.0439222	0.213178	0.0943048	0.299074	0.645739	108.532	0.0943378	0.0206019	0.0393127
2161.05	0.00833333	1.0045	0.310484	0.226376	0.475331	0.387011	0.279236	0.0556922	0.470439	0.462965	0.0248996	0.730593	0.0720987	0.77778	0.0586508	0.00752476	0.518073	104.19	0.0894815	0.0224132	0.0340967
2161.13	0.00833333	0.953686	0.267898	0.424604	0.808191	0.281993	0.215022	0.325354	0.882399	0.0835624	0.756994	0.601384	0.550905	0.166773	0.736758	0.2399	0.537926	104.808	0.0945494	0.022734	0.0370445
2161.28	0.00833333	0.969079	0.242621	0.514406	0.0249517	0.89482	0.648232	0.467002	0.096597	0.688191	0.820433	0.27962	0.397608	0.587971	0.656021	0.537869	0.499194	101.971	0.0943693	0.0258378	0.0304509
2161.53	0.00833333	0.934245	0.425447	0.575924	0.506682	0.650723	0.570712	0.224379	0.385279	0.00300206	0.478662	0.867625	0.313972	0.565616	0.784913	0.557505	0.292454	99.4142	0.0971599	0.00926753	0.0482729
2161.7	0.00833333	0.931659	0.648741	0.134497	0.714446	0.545882	0.412662	0.37433	0.901626	0.970291	0.749688	0.431603	0.028175	0.575436	0.630528	0.492478	0.84453	106.328	0.0971078	0.0267565	0.0290479
2161.79	0.00833333	0.920263	0.474653	0.87564	0.0194817	0.787375	0.456097	0.597059	0.605498	0.804196	0.146653	0.604098	0.60306	0.264881	0.738867	0.582463	0.542697	106.777	0.0983209	0.0277312	0.0256607
2161.88	0.00833333	0.935558	0.489447	0.529506	0.0283962	0.107087	0.305111	0.950717	0.84454	0.553551	0.338415	0.435548	0.894536	0.547012	0.880749	0.242477	0.899399	105.789	0.0982477	0.0287906	0.000600392
2161.89	0.00833333	0.980708	0.676683	0.306783	0.566159	0.164026	0.41526	0.674435	0.354094	0.0619316	0.27172	0.743879	0.50066	0.557455	0.199287	0.393617	0.40648	100.022	0.098036	0.0261584	0.0280597
2161.94	0.00833333	0.982281	0.0755625	0.924729	0.502567	0.602601	0.434519	0.635455	0.0628408	0.566709	0.379711	0.416033	0.899867	0.076401	0.515301	0.298526	0.326464	95.5817	0.098515	0.0290106	0.000175406
2162.02	0.00833333	0.953425	0.515727	0.571434	0.454739	0.55096	0.749054	0.729761	0.110371	0.129724	0.207748	0.41654	0.898022	0.00995967	0.601768	0.523005	0.619536	93.1036	0.0987705	0.00708798	0.0486969
2162.03	0.00833333	0.986816	0.809957	0.61736	0.606012	0.581136	0.502126	0.812429	0.85034	0.0639638	0.200544	0.174984	0.120585	0.0285672	0.0819311	0.16187	0.0459176	103.794	0.0934393	0.0158286	0.042274
2162.37	0.00833333	1.01321	0.456066	0.992633	0.113739	0.330756	0.197035	0.954046	0.911655	0.853897	0.226766	0.935217	0.215167	0.514505	0.510216	0.190517	0.229535	98.3714	0.0930633	0.0267731	0.0236418
2162.7	0.00833333	0.984634	0.131237	0.697519	0.931345	0.790196	0.464051	0.864507	0.153884	0.490636	0.326181	0.571833	0.192811	0.204336	0.968811	0.937739	0.372719	102.787	0.09067	0.0126245	0.0438119
2162.82	0.00833333	0.940524	0.215282	0.72519	0.764375	0.134628	0.314822	0.415437	0.0501156	0.585474	0.428593	0.889558	0.302718	0.653077	0.225859	0.576859	0.646144	96.7179	0.0961354	0.000174749	0.0474872
2162.85	0.00833333	0.968526	0.468464	0.24671	0.650938	0.509827	0.621756	0.244896	0.653745	0.269802	0.116015	0.692117	0.392587	0.540173	0.52402	0.676531	0.0684945	98.4977	0.0985973	0.0287153	0.0241942
2163	0.00833333	0.937944	0.381576	0.493605	0.926986	0.49624	0.673147	0.833469	0.628489	0.354095	0.230202	0.688189	0.679368	0.433982	0.737483	0.95993	0.299972	100.947	0.098301	0.0282397	0.0243639
2163.12	0.00833333	0.9682	0.226108	0.702993	0.885907	0.466219	0.766022	0.181037	0.488586	0.0934044	0.935283	0.248977	0.843962	0.8173	0.367168	0.914902	0.221368	96.4872	0.0998778	0.022527	0.0409873
2163.55	0.00833333	0.931489	0.73214	0.141554	0.60668	0.294082	0.287462	0.236753	0.773465	0.949132	0.244314	0.893544	0.579557	0.410862	0.387891	0.359539	0.695493	103.546	0.0972991	0.0219749	0.0402316
2163.61	0.00833333	0.979982	0.275362	0.254992	0.681629	0.356303	0.161192	0.400261	0.188337	0.705708	0.272762	0.68003	0.483462	0.677874	0.375839	0.813762	0.0141952	100.554	0.0910693	0.00757155	0.045146
2163.63	0.00833333	1.00909	0.0206778	0.799849	0.878952	0.0565755	0.680588	0.479698	0.787788	0.145165	0.926542	0.485988	0.649598	0.45145	0.781724	0.14259	0.145492	106.562	0.0885617	0.024151	0.0253501
2163.99	0.00833333	0.911067	0.164636	0.804949	0.0747951	0.599691	0.321808	0.151864	0.57933	0.335596	0.27235	0.489479	0.556342	0.646559	0.182278	0.832464	0.681374	105.302	0.0995272	0.0295744	0.00698289
2164.25	0.00833333	0.98187	0.286017	0.614116	0.255878	0.0877413	0.218807	0.35095	0.590055	0.480604	0.456853	0.379643	0.450233	0.262719	0.35438	0.331761	0.684368	103.296	0.093544	0.0264138	0.0222224
2164.28	0.00833333	0.964982	0.352024	0.632115	0.802004	0.43537	0.428996	0.664683	0.953437	0.428822	0.320805	0.831872	0.933494	0.476082	0.643206	0.486345	0.443807	111.297	0.0915203	0.0217332	0.0351942
2164.37	0.00833333	1.00675	0.311417	0.213924	0.0612736	0.474745	0.617614	0.151839	0.715125	0.724527	0.596778	0.470638	0.670251	0.326704	0.370375	0.578746	0.551902	103.154	0.0887395	0.0269565	0.00508277
2164.56	0.00833333	0.994153	0.205256	0.394915	0.370768	0.827232	0.494249	0.269466	0.807519	0.0597946	0.505115	0.912928	0.749167	0.840884	0.557776	0.848197	0.684385	101.21	0.0931987	0.0147902	0.0430016
2164.6	0.00833333	0.966462	0.613769	0.621172	0.422264	0.117187	0.346452	0.52805	0.495222	0.250852	0.213254	0.59031	0.552157	0.635828	0.100033	0.306107	0.255145	99.5153	0.0950693	0.0195719	0.0413621
2164.65	0.00833333	0.982345	0.638917	0.547131	0.532466	0.627127	0.665426	0.86783	0.283395	0.438304	0.734558	0.0198456	0.121208	0.846016	0.368985	0.432436	0.190555	111.175	0.0889609	0.0230763	0.0313171
2164.66	0.00833333	0.999881	0.140289	0.672897	0.819718	0.377523	0.154368	0.331517	0.252997	0.644524	0.761574	0.481684	0.0857472	0.495576	0.945307	0.369343	0.890394	100.092	0.0944535	0.0224304	0.0349416
2164.96	0.00833333	0.973318	0.436154	0.697532	0.180684	0.207835	0.854758	0.669161	0.652402	0.334327	0.205367	0.242919	0.45559	0.174422	0.410379	0.893879	0.702633	102.466	0.094519	0.0142097	0.044839
2165.1	0.00833333	0.964003	0.301971	0.188723	0.918055	0.39633	0.838914	0.0867645	0.303944	0.415457	0.103407	0.560161	0.953342	0.840006	0.244237	0.557764	0.567965	108.514	0.0932003	0.024639	0.0292039
2165.29	0.00833333	0.950786	0.538926	0.629873	0.27385	0.727868	0.381354	0.828523	0.0962505	0.629196	0.494819	0.740171	0.937764	0.350549	0.409046	0.280993	0.632334	105.46	0.0960575	0.0272744	0.0275659
2165.83	0.00833333	0.951519	0.308619	0.615663	0.768747	0.139125	0.30252	0.200801	0.319144	0.949748	0.203857	0.0844497	0.508147	0.455104	0.878952	0.293528	0.484313	100.493	0.0975533	0.0287837	0.00204618
