distance	weight	r0	r1	r2	r3	r4	r5	r6	r7	r8	r9	r10	r11	r12	r13	r14	r15	tp	dr1	dr2	dr3
2142.9	0.00833333	0.967018	0.874709	0.862949	0.474894	0.3993	0.122406	0.674538	0.624823	0.64129	0.246653	0.645462	0.138374	0.389795	0.787392	0.57226	0.5355	103.633	0.0947181	0.017896	0.042045
2144.54	0.00833333	0.963052	0.57824	0.853433	0.833438	0.907408	0.247106	0.628975	0.364483	0.154692	0.78579	0.448793	0.465521	0.206555	0.718733	0.319081	0.889854	99.3191	0.09767	0.0281648	0.0221331
2146.95	0.00833333	0.946813	0.603981	0.548623	0.519147	0.699082	0.555457	0.151579	0.285568	0.613924	0.307637	0.996367	0.291008	0.64872	0.53586	0.807919	0.347032	103.158	0.0957907	0.00759308	0.0461389
2147.99	0.00833333	0.981132	0.247674	0.256261	0.0969419	0.0793534	0.458586	0.625163	0.669991	0.509285	0.104719	0.00750497	0.0573945	0.756443	0.510557	0.0976474	0.716099	104.669	0.0924679	0.0274981	5.17527e-05
2149.77	0.00833333	0.973632	0.541227	0.0469028	0.651594	0.628387	0.0082076	0.522022	0.740721	0.0990378	0.0677561	0.907879	0.610574	0.62432	0.578747	0.499258	0.767334	102.247	0.0943192	0.023587	0.0351272
2151.31	0.00833333	0.99232	0.435817	0.825574	0.575038	0.332957	0.454275	0.824611	0.715789	0.301016	0.0132694	0.130913	0.341539	0.80669	0.825744	0.860355	0.506124	104.233	0.0909681	0.018958	0.0389709
2151.85	0.00833333	0.938784	0.104984	0.456747	0.444115	0.684689	0.827012	0.477382	0.949355	0.13935	0.493271	0.978019	0.549769	0.3334	0.0321886	0.990833	0.182151	107.1	0.0972613	0.0211645	0.0398962
2153.11	0.00833333	0.971297	0.875002	0.304513	0.172944	0.281373	0.190739	0.072398	0.786535	0.796049	0.634635	0.269501	0.13328	0.237178	0.344932	0.965823	0.283617	100.408	0.097205	0.0260606	0.028612
2156.77	0.00833333	0.956821	0.112694	0.899853	0.550322	0.34001	0.133987	0.602189	0.370406	0.954468	0.296328	0.706658	0.233865	0.59262	0.517327	0.0496489	0.0873599	104.664	0.0956174	0.0288583	0.0114778
2160.65	0.00833333	0.942203	0.61603	0.249096	0.362453	0.458032	0.544397	0.956089	0.716037	0.43555	0.473382	0.561306	0.504062	0.289106	0.266203	0.171211	0.459804	103.655	0.0985156	0.0210207	0.0397302
2160.9	0.00833333	0.965767	0.374317	0.504083	0.437577	0.126375	0.398686	0.596532	0.546632	0.722776	0.503553	0.383913	0.199914	0.228607	0.260898	0.803431	0.060209	100.544	0.0951934	0.0187925	0.0428966
2161.37	0.00833333	0.930639	0.4303	0.351686	0.258197	0.65262	0.105983	0.546382	0.468239	0.242194	0.928324	0.745726	0.219499	0.183715	0.475991	0.618884	0.0415041	105.306	0.0983364	0.0107825	0.0461416
2161.72	0.00833333	0.940876	0.670952	0.58042	0.0325058	0.649452	0.322195	0.171727	0.0985969	0.701047	0.676604	0.578631	0.356771	0.363882	0.573458	0.460496	0.34582	108.803	0.0954273	0.0249735	0.0324269
2161.95	0.00833333	1.00085	0.488386	0.579093	0.229008	0.419257	0.781278	0.520864	0.886848	0.241247	0.41613	0.4638	0.832972	0.285691	0.573637	0.874823	0.204083	97.1962	0.0960675	0.0258831	0.0298814
2162.53	0.00833333	0.951496	0.114264	0.421912	0.548546	0.606736	0.320892	0.996342	0.70472	0.131537	0.573208	0.96706	0.218366	0.227394	0.735275	0.370323	0.758949	105.481	0.095477	0.0264127	0.0270385
2163	0.00833333	1.02031	0.591605	0.517102	0.847358	0.276129	0.369207	0.622785	0.16845	0.79964	0.0466783	0.51527	0.199091	0.0208165	0.13066	0.634636	0.586564	108.952	0.0859228	0.0183196	0.0363454
2163.88	0.00833333	0.965913	0.163715	0.559591	0.112223	0.322988	0.613424	0.976235	0.428984	0.276469	0.797647	0.294126	0.983607	0.535157	0.589733	0.262827	0.370575	99.7402	0.0990362	0.018599	0.042944
2165.44	0.00833333	0.99352	0.862415	0.082911	0.370898	0.792495	0.858213	0.672893	0.866305	0.290647	0.247202	0.84055	0.517634	0.410158	0.796722	0.659909	0.0940781	108.417	0.0858306	0.00688938	0.0421371
2166.21	0.00833333	1.00818	0.573041	0.388086	0.713538	0.678304	0.58835	0.450303	0.48485	0.465103	0.701369	0.412097	0.695565	0.108851	0.0471614	0.535096	0.584427	104.395	0.0889047	0.0264387	0.00535537
2166.69	0.00833333	0.935601	0.523549	0.638774	0.722282	0.62465	0.754986	0.471602	0.371362	0.391764	0.485491	0.524276	0.165392	0.81198	0.383945	0.382359	0.0181077	103.277	0.097098	0.00232326	0.0472657
2166.73	0.00833333	0.969607	0.14521	0.560565	0.276058	0.574691	0.426397	0.635497	0.109779	0.559316	0.874427	0.602209	0.492353	0.492448	0.599166	0.102916	0.0198436	100.2	0.097154	0.028256	0.00452187
2167.2	0.00833333	0.995665	0.267682	0.960764	0.606226	0.405975	0.624373	0.967053	0.347037	0.118562	0.459354	0.898403	0.864794	0.372463	0.740332	0.326628	0.622493	102.184	0.0910967	0.00922391	0.0438062
2168.24	0.00833333	1.02647	0.871939	0.588058	0.924377	0.611419	0.0515348	0.400925	0.25311	0.828547	0.505794	0.759353	0.815292	0.105968	0.186473	0.362982	0.188304	111.626	0.0835329	0.022394	0.0260314
2168.75	0.00833333	0.931433	0.212763	0.703762	0.259516	0.523063	0.858975	0.773472	0.795392	0.20123	0.73799	0.57298	0.45805	0.242237	0.531071	0.858879	0.134542	105.883	0.0965762	0.0258447	0.0320185
2168.87	0.00833333	0.977788	0.388162	0.96891	0.63561	0.298547	0.723691	0.0135271	0.250636	0.67616	0.104714	0.650021	0.983383	0.390537	0.439756	0.543571	0.730532	111.745	0.0891969	0.0217276	0.0335175
2169	0.00833333	0.927117	0.604219	0.661348	0.544644	0.482413	0.149896	0.428155	0.433396	0.883858	0.705772	0.647814	0.442314	0.515932	0.0882555	0.879985	0.0845587	105.11	0.0964196	0.0291593	0.00263253
2170.16	0.00833333	1.01145	0.512474	0.456689	0.635787	0.899049	0.996999	0.355376	0.524271	0.466544	0.122942	0.42062	0.520894	0.764451	0.0727887	0.548962	0.58573	110.5	0.0860805	0.0160326	0.0379349
2171.72	0.00833333	0.981251	0.0498195	0.750295	0.851959	0.0466381	0.712989	0.0207865	0.982448	0.959237	0.289949	0.084621	0.822558	0.257079	0.440203	0.283949	0.537275	99.6604	0.0965292	0.0207596	0.0406682
2173.04	0.00833333	0.920146	0.751226	0.598226	0.630435	0.595076	0.839347	0.535413	0.844906	0.19105	0.235472	0.233091	0.177732	0.627405	0.036453	0.960948	0.031374	103.94	0.0984985	0.0277886	0.0298008
2174	0.00833333	0.967722	0.598876	0.877573	0.78787	0.770623	0.70008	0.833693	0.251831	0.609584	0.46321	0.418778	0.840768	0.476083	0.0937767	0.415911	0.295512	103.738	0.0957007	0.0132541	0.0442371
2174.2	0.00833333	0.982366	0.266533	0.240939	0.0310406	0.550898	0.633219	0.294777	0.307406	0.137173	0.183874	0.970602	0.283046	0.249229	0.507171	0.975205	0.690374	94.684	0.0957024	0.00543759	0.0464613
2175.35	0.00833333	1.00498	0.751004	0.51231	0.480093	0.734413	0.986032	0.647816	0.100337	0.945233	0.750063	0.790196	0.846107	0.264952	0.694729	0.475429	0.587057	101.029	0.0914287	0.0191237	0.0395723
2177.09	0.00833333	1.0101	0.665388	0.648128	0.466274	0.710364	0.545415	0.330661	0.0918935	0.90171	0.213621	0.085786	0.330613	0.167832	0.721394	0.196218	0.133326	117.078	0.0823867	0.0248775	0.00252173
2177.42	0.00833333	1.00957	0.561995	0.107724	0.882284	0.133892	0.180261	0.319567	0.62034	0.340912	0.504081	0.107148	0.952499	0.956503	0.860301	0.00226466	0.662168	106.044	0.0845516	0.00338413	0.0412871
2177.44	0.00833333	0.986642	0.250179	0.45423	0.972082	0.279946	0.00785018	0.358486	0.426566	0.487315	0.28105	0.121252	0.302113	0.683619	0.733898	0.813834	0.723512	112.923	0.0871679	0.0235397	0.0281116
2178.5	0.00833333	0.9684	0.896565	0.270989	0.59261	0.469572	0.262613	0.49097	0.508862	0.174623	0.271799	0.580056	0.928214	0.483679	0.869986	0.704266	0.140832	105.853	0.0945085	0.0146877	0.0423281
2179.65	0.00833333	1.00545	0.155499	0.96324	0.47345	0.703623	0.642082	0.419786	0.909458	0.559745	0.0966256	0.533018	0.628436	0.488422	0.0108203	0.501699	0.785165	98.5118	0.0948247	0.0257956	0.0252278
2179.73	0.00833333	0.947295	0.719739	0.231122	0.967883	0.990786	0.143572	0.377089	0.680312	0.721523	0.839413	0.271329	0.601518	0.529379	0.77865	0.504201	0.0320931	110.191	0.0928739	0.0106735	0.0451403
2180.47	0.00833333	0.985425	0.0146941	0.294895	0.972803	0.163434	0.155856	0.669436	0.68476	0.85682	0.104459	0.518031	0.692324	0.425176	0.0494725	0.0703859	0.388467	99.1749	0.0932846	0.0268483	0.0249025
2181.1	0.00833333	0.918668	0.31346	0.96709	0.403397	0.206832	0.808851	0.238706	0.49822	0.312385	0.797861	0.539102	0.352396	0.0877369	0.603569	0.322055	0.503079	107.297	0.0991596	0.0168404	0.043802
2181.94	0.00833333	0.9297	0.645163	0.783588	0.464641	0.185712	0.281871	0.680022	0.0307976	0.953613	0.951631	0.662159	0.29457	0.498536	0.2632	0.0801965	0.482842	107.466	0.0967465	0.0265371	0.0316975
2182.06	0.00833333	0.969328	0.485772	0.338275	0.781462	0.725721	0.284803	0.829306	0.475687	0.390772	0.163152	0.299517	0.346027	0.252156	0.00459933	0.234537	0.283451	93.9839	0.09712	0.0156713	0.0457908
2182.32	0.00833333	1.0043	0.626685	0.338897	0.537522	0.552142	0.172122	0.593579	0.636097	0.325154	0.13721	0.641743	0.532053	0.472614	0.64053	0.434433	0.711316	110.247	0.0871413	0.023738	0.024936
2182.48	0.00833333	0.934047	0.468928	0.901457	0.785912	0.0291606	0.367456	0.608784	0.0706294	0.995118	0.60263	0.27808	0.560043	0.835779	0.84174	0.752772	0.217877	101.904	0.0974685	0.0214871	0.0422838
2182.85	0.00833333	1.00578	0.25314	0.796678	0.714712	0.522913	0.0131122	0.141214	0.180473	0.920662	0.23361	0.424545	0.627765	0.653097	0.412469	0.11431	0.610781	111.059	0.0859592	0.0112859	0.0411182
2183.18	0.00833333	0.975632	0.32726	0.309374	0.440903	0.550934	0.145317	0.12426	0.509872	0.856156	0.0204468	0.873768	0.186933	0.0903668	0.955701	0.943049	0.843326	99.36	0.0940449	0.0175234	0.0423977
2183.3	0.00833333	0.981116	0.394804	0.542615	0.699068	0.892066	0.475357	0.259067	0.105924	0.995001	0.236437	0.76168	0.99109	0.759863	0.405688	0.898529	0.112253	98.839	0.0950531	0.0080063	0.0449691
2183.38	0.00833333	0.955866	0.612311	0.477626	0.281765	0.707426	0.517906	0.777251	0.756385	0.127218	0.865328	0.577577	0.316195	0.900768	0.360431	0.19402	0.948966	108.176	0.0938858	0.0131254	0.0445537
2183.62	0.00833333	0.988608	0.358863	0.476229	0.78916	0.129707	0.686489	0.0193757	0.912194	0.590379	0.528595	0.685694	0.289191	0.052119	0.358222	0.649301	0.450309	102.6	0.0889054	0.00997156	0.043354
2183.76	0.00833333	1.01365	0.255152	0.444939	0.411025	0.495071	0.000202985	0.594509	0.151351	0.295946	0.326576	0.626433	0.671532	0.751003	0.779367	0.320259	0.576454	100.993	0.0914787	0.0156663	0.0417242
2184.03	0.00833333	0.991516	0.501631	0.762319	0.883136	0.661475	0.605376	0.881131	0.359632	0.293583	0.153918	0.232198	0.726903	0.27786	0.522818	0.986011	0.596295	90.8837	0.0993657	0.0196785	0.0438553
2184.66	0.00833333	0.913246	0.879504	0.454203	0.601188	0.790962	0.712864	0.60308	0.766098	0.124567	0.0667748	0.44463	0.223063	0.498739	0.11542	0.483693	0.368557	104.213	0.0986294	0.00981837	0.0492333
2186.82	0.00833333	0.965019	0.826321	0.546674	0.598975	0.888897	0.664922	0.89014	0.195004	0.545105	0.976437	0.985504	0.507105	0.114155	0.740035	0.321113	0.482801	114.77	0.0884885	0.0177249	0.0389518
2187.81	0.00833333	0.969273	0.331526	0.404847	0.732719	0.401921	0.482624	0.398132	0.505533	0.205532	0.0842079	0.570856	0.511656	0.643219	0.586717	0.841397	0.068358	92.3472	0.0989996	0.0291567	0.0238464
2188.35	0.00833333	1.03022	0.901367	0.866345	0.419376	0.695025	0.883067	0.0454241	0.317262	0.816299	0.44524	0.694357	0.667521	0.86163	0.891285	0.274832	0.534394	110.443	0.0829132	0.0245804	0.00715349
2188.73	0.00833333	1.02019	0.336852	0.0365844	0.472124	0.51435	0.65602	0.108535	0.536891	0.0812123	0.064473	0.0508499	0.290298	0.2182	0.4838	0.878035	0.118244	97.7355	0.0905337	0.026804	0.0106912
2189.17	0.00833333	0.918059	0.233083	0.764546	0.624448	0.418391	0.583585	0.744527	0.202148	0.167861	0.350472	0.424234	0.960293	0.717557	0.255403	0.241859	0.209922	102.659	0.0984191	0.026353	0.0338548
2189.74	0.00833333	1.04806	0.717451	0.859885	0.141836	0.627457	0.314715	0.510768	0.533942	0.0476532	0.622517	0.579974	0.563852	0.507492	0.677839	0.789375	0.884481	113.31	0.0803057	0.0175919	0.0332508
2189.81	0.00833333	1.04541	0.444147	0.793975	0.667225	0.212764	0.572887	0.384794	0.233192	0.356571	0.0827781	0.283449	0.74596	0.591937	0.607468	0.387742	0.556341	120.992	0.0769704	0.0215092	0.0223458
2190.04	0.00833333	0.940769	0.35531	0.292309	0.540401	0.67704	0.153	0.0983502	0.239132	0.226338	0.651234	0.00709409	0.941183	0.754455	0.307566	0.299398	0.71227	97.6822	0.0983603	0.019771	0.0432902
2190.93	0.00833333	0.951529	0.208406	0.520637	0.455752	0.0941008	0.525878	0.0391132	0.39131	0.331768	0.489566	0.513118	0.373908	0.26332	0.198657	0.503147	0.556899	106.239	0.0979766	0.016953	0.0432308
2191.12	0.00833333	0.982876	0.857757	0.0490685	0.532401	0.138073	0.931431	0.804023	0.860936	0.713836	0.556457	0.350636	0.841116	0.553351	0.118791	0.694656	0.442339	111.335	0.0916345	0.0231073	0.0308052
2191.24	0.00833333	0.954188	0.731948	0.364027	0.235944	0.553495	0.0577839	0.368629	0.465673	0.0621223	0.386168	0.897314	0.889179	0.696174	0.651704	0.10326	0.821154	109.034	0.0903727	0.0139147	0.043521
2191.77	0.00833333	0.898021	0.0404202	0.652545	0.791346	0.835262	0.513006	0.119674	0.694134	0.179445	0.657397	0.336613	0.0581336	0.712364	0.721778	0.22268	0.401029	106.38	0.0994819	0.000304322	0.048868
2191.82	0.00833333	0.987434	0.0858798	0.758606	0.440883	0.331033	0.374303	0.357223	0.621454	0.131417	0.665671	0.877096	0.208791	0.466988	0.156266	0.741414	0.822126	98.7129	0.0903685	0.00543489	0.0446026
2192.06	0.00833333	0.993809	0.851841	0.836205	0.604361	0.180538	0.00641592	0.37465	0.0442414	0.267014	0.648409	0.753018	0.275196	0.439371	0.825054	0.36783	0.0405407	94.6088	0.095852	0.016355	0.0426776
2192.85	0.00833333	0.959918	0.968873	0.588125	0.790696	0.450397	0.0097222	0.429585	0.769408	0.262264	0.873899	0.949314	0.442892	0.379692	0.597422	0.793871	0.478249	113.904	0.0883714	0.0151037	0.0412762
2193.45	0.00833333	1.00587	0.461282	0.0862654	0.0138522	0.550771	0.0734639	0.140287	0.682211	0.0244899	0.211406	0.148536	0.641669	0.311736	0.140526	0.794106	0.726025	100.022	0.0903671	0.0158257	0.042689
2193.51	0.00833333	1.02922	0.933538	0.379713	0.747209	0.589796	0.986623	0.323384	0.379155	0.624167	0.192505	0.660675	0.438215	0.606617	0.892569	0.879468	0.0140099	96.4202	0.0909176	0.0153049	0.0412649
2193.57	0.00833333	1.00131	0.0308864	0.516357	0.291855	0.477092	0.58101	0.105828	0.698672	0.445207	0.429815	0.0294972	0.280325	0.160884	0.184568	0.667574	0.671668	98.5965	0.0898172	0.0104474	0.0445355
2193.92	0.00833333	0.99037	0.610618	0.271282	0.935439	0.321174	0.341143	0.454011	0.383965	0.148996	0.105837	0.504124	0.654068	0.939423	0.342697	0.58953	0.223492	105.704	0.0898098	0.00488	0.0426144
2194.47	0.00833333	0.927002	0.925468	0.562435	0.482232	0.671978	0.724799	0.570023	0.167804	0.44311	0.364013	0.897618	0.603858	0.393665	0.632002	0.914589	0.172819	96.7999	0.0995973	0.0073584	0.0479285
2194.57	0.00833333	0.879234	0.879583	0.379904	0.427047	0.71969	0.438916	0.999193	0.868291	0.3106	0.56837	0.603847	0.835916	0.484148	0.848487	0.772806	0.459861	104.564	0.0977832	0.00183443	0.0495087
2194.6	0.00833333	0.930078	0.134207	0.767953	0.67994	0.297269	0.0901392	0.545821	0.942159	0.0465994	0.979823	0.379884	0.0371485	0.516385	0.145784	0.618653	0.188816	110.444	0.0955359	0.00698624	0.0462167
2195.84	0.00833333	0.947494	0.554633	0.698297	0.0967693	0.232362	0.450056	0.928556	0.663036	0.602307	0.43061	0.87992	0.575009	0.203554	0.500537	0.0249417	0.995934	96.7413	0.0979166	0.0293275	0.0188588
2195.98	0.00833333	0.973226	0.0060828	0.400054	0.597332	0.189277	0.487247	0.273095	0.709299	0.52564	0.203612	0.227364	0.288057	0.465483	0.40989	0.10155	0.610782	111.052	0.0890859	0.0274925	0.00884073
2196.09	0.00833333	0.964662	0.258604	0.31432	0.577613	0.213182	0.32555	0.46302	0.215761	0.684099	0.109787	0.801641	0.189164	0.495906	0.640946	0.119061	0.890505	111.717	0.0896418	0.0233991	0.0308428
2196.1	0.00833333	1.05538	0.247048	0.563909	0.0898776	0.593639	0.209032	0.695682	0.801127	0.0235223	0.466628	0.515119	0.897535	0.540535	0.788167	0.168944	0.59802	103.101	0.085955	0.0224714	0.0285826
2196.69	0.00833333	0.89942	0.74099	0.907993	0.560509	0.189488	0.212709	0.966323	0.459646	0.533515	0.73586	0.67589	0.084348	0.783254	0.150145	0.177781	0.554276	107.406	0.0989138	0.0261416	0.0340836
2197.8	0.00833333	0.913703	0.666059	0.492976	0.476577	0.117668	0.388262	0.852356	0.0633762	0.893639	0.386034	0.725047	0.486899	0.671864	0.849098	0.444691	0.424752	102.842	0.0990881	0.000116892	0.0466455
2197.98	0.00833333	0.99554	0.247152	0.615809	0.641791	0.498055	0.435126	0.315229	0.734646	0.755485	0.237756	0.742752	0.832838	0.2735	0.530771	0.0977856	0.0184906	117.188	0.0847763	0.0189383	0.0356357
2198.67	0.00833333	0.955658	0.225849	0.0143271	0.476628	0.777098	0.701773	0.762093	0.657952	0.915222	0.374067	0.424787	0.86691	0.222732	0.485549	0.961588	0.218304	95.9651	0.0959567	0.00101324	0.0462156
2199.38	0.00833333	0.958967	0.413991	0.273975	0.852872	0.757603	0.779345	0.308405	0.158561	0.27196	0.562327	0.218948	0.923606	0.808276	0.568263	0.995062	0.0472393	100.425	0.0927409	0.00811726	0.0459953
2199.44	0.00833333	1.01881	0.242947	0.412036	0.195	0.0451248	0.452808	0.395549	0.253343	0.0853149	0.10648	0.812349	0.257676	0.167027	0.150287	0.834521	0.919564	117.514	0.0803065	0.0236192	0.0164399
2199.51	0.00833333	0.993928	0.223252	0.11084	0.587822	0.407375	0.911801	0.922466	0.427567	0.0382108	0.321583	0.784083	0.690205	0.363289	0.388698	0.346996	0.865905	96.9063	0.0937274	0.0269369	0.0223332
2200	0.00833333	0.920795	0.85907	0.486851	0.624059	0.140869	0.0880837	0.433131	0.493386	0.629553	0.0489586	0.112096	0.329021	0.713975	0.287542	0.957566	0.615004	112.339	0.0959235	0.00717519	0.0458448
2200.05	0.00833333	0.918354	0.146149	0.713564	0.0895872	0.724194	0.404236	0.416964	0.562461	0.582457	0.783678	0.401632	0.584942	0.658192	0.112518	0.332202	0.320179	112.353	0.0963637	0.0285684	0.0193934
2200.48	0.00833333	1.04098	0.609556	0.20479	0.797584	0.431982	0.123932	0.458737	0.890298	0.549259	0.338663	0.48772	0.142415	0.101252	0.871812	0.650824	0.0846031	106.669	0.0853729	0.0231612	0.0275084
2200.66	0.00833333	0.937138	0.0948007	0.112778	0.184771	0.262457	0.445434	0.57568	0.140229	0.00326538	0.540721	0.426159	0.694265	0.595805	0.114489	0.398123	0.189499	114.748	0.0939302	0.0235647	0.0335669
2201.65	0.00833333	0.987619	0.707953	0.572738	0.890939	0.745107	0.103351	0.830841	0.0962015	0.389556	0.541927	0.233105	0.238718	0.688342	0.648632	0.640535	0.178932	90.9054	0.0960346	0.00353046	0.046819
2203.72	0.00833333	1.02345	0.81972	0.824633	0.24898	0.145102	0.695201	0.227258	0.240127	0.617924	0.210092	0.86683	0.337357	0.0600755	0.788577	0.707926	0.583206	95.3028	0.0909755	0.0127095	0.0427981
2203.99	0.00833333	0.963229	0.925757	0.233979	0.455868	0.221215	0.82579	0.00394385	0.233288	0.513993	0.355867	0.626757	0.682315	0.609154	0.311154	0.4354	0.306427	92.8479	0.0998021	0.00628919	0.0471499
2204.1	0.00833333	0.941909	0.568619	0.876291	0.0824764	0.144947	0.302167	0.956606	0.64162	0.910865	0.397342	0.635489	0.0644566	0.163332	0.74309	0.358863	0.723958	110.429	0.0936427	0.011062	0.043555
2204.11	0.00833333	1.0026	0.769133	0.0304446	0.986711	0.676759	0.225479	0.823426	0.778332	0.212393	0.711682	0.278346	0.059373	0.316579	0.482714	0.693164	0.919529	91.5741	0.0987709	0.028425	0.023475
2204.39	0.00833333	0.995508	0.248995	0.347894	0.628595	0.670767	0.544846	0.2604	0.0830549	0.455484	0.828804	0.165535	0.0519694	0.565589	0.629438	0.258005	0.0097017	115.019	0.0855005	0.0198563	0.0328022
2204.79	0.00833333	1.01693	0.413758	0.606972	0.459871	0.363588	0.0750501	0.835233	0.372653	0.741798	0.652331	0.0452657	0.128253	0.100289	0.735791	0.232542	0.501279	113.476	0.08605	0.0241007	0.0186581
2205.02	0.00833333	0.990633	0.338072	0.593133	0.658298	0.517594	0.537871	0.290982	0.365134	0.0720383	0.282832	0.968176	0.238466	0.332955	0.406625	0.856432	0.713556	93.1254	0.0975274	0.0212788	0.0422577
2206.08	0.00833333	0.914093	0.452838	0.131409	0.581683	0.504637	0.340318	0.539527	0.354931	0.467887	0.728963	0.499125	0.670993	0.487466	0.348265	0.873218	0.522455	112.162	0.0972333	0.0208041	0.0414119
2206.26	0.00833333	0.930812	0.492229	0.113634	0.66372	0.695696	0.0327364	0.812855	0.474571	0.676581	0.522745	0.351096	0.546245	0.120556	0.401791	0.57519	0.321429	112.001	0.0962942	0.0134525	0.0442391
2207.36	0.00833333	1.01267	0.696542	0.175498	0.695824	0.930401	0.0472044	0.637582	0.691259	0.280888	0.617492	0.869453	0.742493	0.900262	0.701394	0.230741	0.282206	109.308	0.0893418	0.0222427	0.0295127
2207.58	0.00833333	1.05	0.142928	0.592398	0.541077	0.0869804	0.331994	0.144198	0.00943504	0.447988	0.137971	0.443632	0.652123	0.967281	0.55821	0.798394	0.58119	100.638	0.0868047	0.021583	0.0299736
2207.95	0.00833333	0.971191	0.766599	0.54692	0.689137	0.105231	0.1046	0.590004	0.976059	0.674604	0.488409	0.598886	0.607973	0.479174	0.153356	0.426326	0.210089	113.388	0.0889527	0.0273643	0.00754445
2208.33	0.00833333	0.944994	0.196456	0.255123	0.961141	0.982308	0.822854	0.529439	0.520094	0.688266	0.631657	0.372817	0.27307	0.0424164	0.544785	0.271914	0.321943	116.4	0.0926465	0.0234265	0.0327398
2208.92	0.00833333	0.985213	0.289885	0.769832	0.560918	0.679958	0.849556	0.30143	0.0886838	0.00449887	0.711676	0.324781	0.623914	0.950153	0.586302	0.157561	0.542357	100.422	0.0928382	0.00808923	0.0460293
2208.96	0.00833333	0.914539	0.26877	0.932856	0.146169	0.452622	0.320094	0.0585116	0.293718	0.511521	0.192662	0.179865	0.555944	0.238743	0.603451	0.89388	0.634412	104.593	0.0992811	0.0113241	0.0460292
2208.98	0.00833333	1.00467	0.389165	0.40429	0.49168	0.496806	0.387731	0.312318	0.792993	0.638928	0.260684	0.299085	0.534078	0.266781	0.574201	0.571377	0.836743	91.4746	0.0991484	0.0249169	0.0327152
2209.46	0.00833333	0.967203	0.0761216	0.314284	0.444074	0.385679	0.441901	0.731278	0.153924	0.0245263	0.445679	0.737092	0.410987	0.325068	0.234677	0.803028	0.172788	110.408	0.0920481	0.0221253	0.0368663
2209.69	0.00833333	0.99652	0.299624	0.246069	0.70956	0.213414	0.106444	0.36007	0.0680093	0.413487	0.766452	0.66062	0.294299	0.464395	0.836908	0.313808	0.81577	95.3632	0.0969581	0.0265171	0.024531
2209.97	0.00833333	0.971653	0.388881	0.458175	0.793854	0.504657	0.86644	0.915351	0.263431	0.106064	0.741558	0.924961	0.89387	0.37375	0.381522	0.278807	0.365523	95.2433	0.0977319	0.0209471	0.0434124
2210.21	0.00833333	0.963664	0.0336389	0.838479	0.465691	0.237053	0.165686	0.38219	0.529865	0.900876	0.36313	0.506051	0.221854	0.8261	0.565312	0.121255	0.520358	102.994	0.0943468	0.00367333	0.0442969
2210.38	0.00833333	1.02735	0.916898	0.967269	0.238182	0.601553	0.593661	0.564254	0.137108	0.684495	0.790049	0.620765	0.327072	0.511744	0.517356	0.435323	0.724273	92.6659	0.0930633	0.019607	0.0395581
2210.57	0.00833333	0.930947	0.213255	0.677739	0.645495	0.0604499	0.0137423	0.939899	0.28518	0.845283	0.771327	0.905774	0.0748593	0.999069	0.802794	0.532316	0.776197	115.512	0.0938006	0.0262916	0.0240292
2211.23	0.00833333	0.98776	0.148344	0.768338	0.911618	0.356853	0.125254	0.318366	0.350224	0.944028	0.0447422	0.431775	0.803555	0.648555	0.47481	0.46177	0.420825	103.307	0.0915685	0.0284601	0.00934628
2211.6	0.00833333	0.94535	0.309969	0.32726	0.699126	0.567899	0.264171	0.326593	0.545671	0.27626	0.378239	0.965503	0.668188	0.913788	0.745045	0.785618	0.167675	100.339	0.0986308	0.0265933	0.0352122
2211.93	0.00833333	1.03711	0.00173962	0.662406	0.221177	0.0582138	0.0647322	0.905006	0.0263189	0.278357	0.252186	0.904057	0.572491	0.783583	0.931637	0.309247	0.636885	93.5802	0.0932036	0.0239243	0.0298235
2211.96	0.00833333	0.914074	0.945956	0.675694	0.543754	0.318239	0.750433	0.517725	0.628534	0.484081	0.360467	0.0301963	0.621291	0.612142	0.142308	0.391648	0.371422	111.328	0.0968796	0.0113692	0.0470566
2212.43	0.00833333	0.912215	0.652425	0.516564	0.469891	0.73321	0.251392	0.193495	0.542516	0.0605621	0.74107	0.479035	0.0839358	0.724612	0.357724	0.0404798	0.0672261	106.142	0.096242	0.0134537	0.0477249
2212.43	0.00833333	0.922431	0.650361	0.142909	0.62084	0.95402	0.513356	0.383684	0.277835	0.848632	0.419923	0.65824	0.70325	0.665458	0.461566	0.394644	0.789573	109.4	0.0938804	0.015131	0.0443042
2212.47	0.00833333	1.03473	0.992059	0.697499	0.714161	0.132052	0.255442	0.675329	0.537591	0.650779	0.839606	0.154328	0.280707	0.393084	0.96288	0.877695	0.286953	97.0367	0.0891108	0.0188074	0.0375424
2212.73	0.00833333	0.963914	0.807388	0.866618	0.979602	0.701725	0.0452574	0.49354	0.316242	0.10926	0.4119	0.146349	0.256976	0.679686	0.500775	0.709404	0.55958	108.656	0.0923997	0.00880446	0.0429576
