distance	weight	r0	r1	r2	r3	r4	r5	r6	r7	r8	r9	r10	r11	r12	r13	r14	r15	tp	dr1	dr2	dr3
2124.49	0.00833333	0.944532	0.45064	0.202989	0.53235	0.310993	0.079349	0.645627	0.256502	0.211848	0.0999984	0.342387	0.382265	0.32541	0.0482361	0.00255954	0.0294881	99.3509	0.0999901	0.029897	0.00682846
2124.54	0.00833333	0.950203	0.436154	0.523226	0.041086	0.256756	0.0991785	0.122893	0.0811499	0.167166	0.0308622	0.791249	0.987083	0.0664629	0.215039	0.0314058	0.00729211	98.1254	0.099976	0.0298464	0.00914751
2124.55	0.00833333	0.951311	0.307057	0.416626	0.31004	0.209634	0.200821	0.383571	0.656473	0.101458	0.0442841	0.230685	0.103825	0.351479	0.363488	0.0273561	0.00515445	98.0997	0.0999195	0.0298265	0.00993693
2124.58	0.00833333	0.942732	0.914109	0.0173053	0.586419	0.00578907	0.100653	0.464482	0.172104	0.245409	0.087979	0.919236	0.614509	0.823802	0.105883	0.00223927	0.000237174	99.3774	0.099897	0.0299169	0.00266143
2124.61	0.00833333	0.949634	0.605108	0.000849664	0.17283	0.228006	0.0629891	0.0662445	0.766255	0.0257692	0.0231782	0.0803241	0.540649	0.46949	0.103529	0.0279343	0.0285201	99.1593	0.0999538	0.0296072	0.0139727
2124.62	0.00833333	0.949475	0.959162	0.182498	0.123139	0.0465604	0.0612297	0.507048	0.63646	0.194727	0.0562203	0.882082	0.0823876	0.303652	0.155782	0.0540691	0.0193708	97.9127	0.0999063	0.0298503	0.00379856
2124.67	0.00833333	0.946659	0.913381	0.261142	0.189271	0.0149384	0.0705065	0.307392	0.891526	0.0562661	0.113638	0.484024	0.0518717	0.49675	0.158032	0.0021707	0.00244353	98.7898	0.0999243	0.029775	0.00976627
2124.68	0.00833333	0.952432	0.535522	0.0504259	0.900806	0.0408267	0.0176593	0.884019	0.184229	0.0984403	0.0496999	0.40946	0.68923	0.341167	0.321252	0.042845	0.0356541	97.7453	0.09995	0.0296974	0.0109825
2124.68	0.00833333	0.94699	0.0581656	0.0717446	0.0746267	0.405765	0.156504	0.260428	0.635525	0.0779945	0.0129368	0.804593	0.473212	0.359416	0.278021	0.018686	0.0193334	98.6053	0.0999532	0.0298248	0.00880502
2124.7	0.00833333	0.9485	0.250967	0.396388	0.340026	0.430733	0.0610215	0.0178394	0.614104	0.133857	0.043678	0.022081	0.180501	0.72545	0.0608234	0.0135219	0.0103452	98.6123	0.0997247	0.0297329	0.00996749
2124.71	0.00833333	0.948107	0.0166743	0.733871	0.30057	0.374476	0.0159901	0.927245	0.405198	0.364863	0.00397223	0.273557	0.132502	0.118802	0.256712	0.0193005	0.0689913	98.4759	0.0999264	0.0299121	0.00307095
2124.71	0.00833333	0.947125	0.998162	0.0161964	0.42701	0.436558	0.00318314	0.19123	0.533916	0.147731	0.0682833	0.672067	0.0232066	0.0805594	0.319874	0.0550747	0.0133811	98.5426	0.0999488	0.029804	0.0112556
2124.72	0.00833333	0.950038	0.338867	0.0960614	0.0989509	0.314865	0.0948915	0.0404864	0.70649	0.181454	0.0249035	0.181696	0.653842	0.303453	0.380987	0.0595676	0.00110159	99.0728	0.0998942	0.029632	0.0131528
2124.73	0.00833333	0.944901	0.416323	0.0542979	0.634431	0.238143	0.208199	0.510515	0.886481	0.00552323	0.092418	0.399819	0.530031	0.0552156	0.148828	0.043751	0.039641	99.3241	0.0999717	0.0298337	0.00646028
2124.74	0.00833333	0.94336	0.603824	0.101787	0.553967	0.411654	0.00053174	0.334651	0.970511	0.426249	0.064592	0.69065	0.344321	0.660468	0.203638	0.0523236	0.0443361	98.6229	0.0999723	0.029882	0.00398432
2124.74	0.00833333	0.949089	0.236428	0.403308	0.262428	0.0238365	0.143806	0.320419	0.197916	0.0136674	0.0743298	0.627178	0.678341	0.161941	0.240372	0.0029977	0.0142588	98.11	0.0999996	0.0298537	0.00728975
2124.75	0.00833333	0.947905	0.709529	0.0364703	0.552202	0.425938	0.0600647	0.242616	0.275357	0.08763	0.0952151	0.404007	0.61568	0.167863	0.131886	0.0779455	0.0183802	99.0863	0.0998701	0.0296907	0.0129095
2124.76	0.00833333	0.948969	0.248415	0.454801	0.259943	0.338713	0.0251451	0.699079	0.458812	0.0692561	0.025998	0.759224	0.0567182	0.106846	0.288716	0.0339807	0.0260615	98.2234	0.0999661	0.0298539	0.00303568
2124.77	0.00833333	0.951113	0.808033	0.0813452	0.168059	0.264523	0.070731	0.756827	0.617229	0.0546027	0.0848069	0.207066	0.444731	0.00650987	0.162036	0.0290947	0.00552139	98.21	0.0998889	0.0297949	0.00770682
2124.77	0.00833333	0.943166	0.794724	0.00465028	0.788568	0.743872	0.0241746	0.329748	0.123809	0.285786	0.0118223	0.134616	0.621388	0.1297	0.0179331	0.0283979	0.0122324	98.7224	0.0999598	0.0298363	0.00269528
2124.77	0.00833333	0.950587	0.163027	0.566418	0.175992	0.0928075	0.0732987	0.112191	0.146835	0.14601	0.014552	0.761062	0.763781	0.334931	0.0190718	0.0272238	0.0238869	98.482	0.0999982	0.029804	0.00976182
2124.78	0.00833333	0.942651	0.459348	0.561867	0.694413	0.358139	0.132672	0.827205	0.907687	0.0241339	0.0774756	0.217181	0.283628	0.124409	0.066891	0.0452249	0.0380957	99.3317	0.0999893	0.0298757	0.00243348
2124.79	0.00833333	0.951863	0.38846	0.235882	0.215502	0.408634	0.0041601	0.782617	0.457096	0.178756	0.025639	0.133115	0.276607	0.345437	0.309033	0.0283512	0.0304352	97.6319	0.0999996	0.0298087	0.00822861
2124.79	0.00833333	0.946364	0.702827	0.404199	0.559931	0.211113	0.080637	0.00510965	0.928593	0.177836	0.138811	0.543336	0.072265	0.237837	0.157691	0.0037225	0.017659	98.8128	0.0999225	0.0298103	0.00596913
2124.79	0.00833333	0.941406	0.00367028	0.578264	0.579666	0.0337787	0.0848817	0.930776	0.439219	0.0800111	0.109148	0.830175	0.567018	0.410293	0.16031	0.0639264	0.0125554	99.2652	0.0999706	0.0299601	0.00407179
2124.8	0.00833333	0.946036	0.841825	0.408763	0.39839	0.00209348	0.138628	0.27333	0.195978	0.0170701	0.0927053	0.367571	0.206531	0.315083	0.0337783	0.137245	0.0426196	99.1397	0.0999374	0.0298293	0.00873794
2124.8	0.00833333	0.946038	0.845818	0.214701	0.400892	0.250776	0.0475493	0.66745	0.267558	0.148085	0.0397553	0.972668	0.514437	0.124563	0.295736	0.108588	0.0224797	98.1784	0.0999676	0.0299137	8.67797e-05
2124.81	0.00833333	0.947258	0.353002	0.0363246	0.139627	0.7392	0.054879	0.541855	0.28925	0.124726	0.0579054	0.908025	0.449975	0.321108	0.0877894	0.0575363	0.0155006	98.0442	0.0999227	0.0299264	0.00518917
2124.81	0.00833333	0.948117	0.3189	0.298966	0.244498	0.389414	0.0137594	0.4359	0.0746545	0.186286	0.0688657	0.766034	0.0510697	0.353828	0.110509	0.110434	0.000106047	98.6356	0.0999106	0.0296118	0.0143005
2124.82	0.00833333	0.944375	0.459235	0.0309785	0.837581	0.0123846	0.0367615	0.55861	0.583831	0.184646	0.178899	0.7687	0.625153	0.332368	0.321583	0.0109562	0.0340864	98.7122	0.0999526	0.0298788	0.00717286
2124.82	0.00833333	0.94873	0.851051	0.138074	0.644546	0.502498	0.0042794	0.314362	0.193688	0.23712	0.0755263	0.553473	0.220384	0.801395	0.270198	0.0359539	0.0120631	99.4518	0.0999402	0.0297214	0.0112165
2124.82	0.00833333	0.944576	0.638373	0.338614	0.679408	0.224233	0.0035027	0.837398	0.517475	0.137989	0.0820092	0.149507	0.417764	0.0432782	0.10127	0.0144926	0.0303889	99.316	0.0999746	0.0298973	0.00701327
2124.82	0.00833333	0.945185	0.535622	0.397687	0.818762	0.438043	0.0499149	0.565754	0.537469	0.142105	0.0955567	0.6078	0.525146	0.710548	0.128999	0.0248577	0.050098	98.958	0.0998628	0.0298355	0.00420001
2124.83	0.00833333	0.948914	0.301932	0.482865	0.498229	0.151392	0.130717	0.658629	0.439622	0.147728	0.0515294	0.461048	0.297761	0.288246	0.181493	0.0389749	0.057111	97.7762	0.0999824	0.0298888	0.00865931
2124.83	0.00833333	0.942056	0.0431797	0.745875	0.163593	0.116905	0.0409787	0.483669	0.539892	0.259889	0.072441	0.136971	0.548676	0.201107	0.16466	0.0145829	0.0226113	99.1437	0.0998574	0.0299078	0.000464592
2124.83	0.00833333	0.947884	0.957487	0.0945899	0.912585	0.552154	0.0802369	0.374234	0.53039	0.0494345	0.0276987	0.665905	0.397798	0.432735	0.322076	0.0683843	0.0061897	99.1924	0.0999215	0.0297641	0.00908827
2124.83	0.00833333	0.947518	0.597296	0.341479	0.874996	0.171657	0.050686	0.29162	0.122087	0.0803146	0.0407545	0.66891	0.333315	0.28558	0.115832	0.0483672	0.00878643	98.5268	0.0997823	0.0297488	0.00999326
2124.84	0.00833333	0.947797	0.328164	0.170578	0.676856	0.124228	0.0774131	0.387482	0.804358	0.231681	0.0210909	0.873852	0.16843	0.168782	0.0868444	0.038326	0.0157622	98.2722	0.0999421	0.0299399	0.00272304
2124.84	0.00833333	0.952728	0.678165	0.350045	0.82186	0.350567	0.041399	0.502916	0.727099	0.1988	0.152624	0.208891	0.927272	0.119138	0.420182	0.0344582	0.00222678	98.3511	0.0999537	0.0296829	0.0137055
2124.84	0.00833333	0.94626	0.753201	0.120265	0.250089	0.642536	0.0763831	0.0220416	0.905614	0.000665769	0.0729052	0.183015	0.673884	0.306955	0.329129	0.00547855	0.0285954	98.8711	0.0999243	0.0298073	0.00368215
2124.84	0.00833333	0.948176	0.0258774	0.636084	0.385066	0.0500261	0.0418474	0.360709	0.79032	0.212323	0.10178	0.0854615	0.18353	0.368565	0.46155	0.0365317	0.0202891	98.6665	0.099845	0.0296706	0.0130756
2124.84	0.00833333	0.951185	0.992804	0.215865	0.233043	0.439422	0.0421092	0.502963	0.654988	0.115735	0.0724605	0.80302	0.9058	0.321517	0.199013	0.0783029	0.0112969	98.0891	0.0999886	0.0298581	0.00930368
2124.84	0.00833333	0.95052	0.436119	0.126212	0.0981298	0.183205	0.129647	0.798682	0.502492	0.347021	0.00932037	0.120138	0.294329	0.478243	0.395646	0.00905332	0.0259694	98.7493	0.0998279	0.0294594	0.0156685
2124.84	0.00833333	0.952491	0.050155	0.148959	0.619808	0.0183992	0.0415181	0.381051	0.230654	0.0827395	0.0776533	0.955315	0.980855	0.375536	0.296304	0.0036857	0.00749023	98.4885	0.0999682	0.0297177	0.0130196
2124.84	0.00833333	0.946068	0.159405	0.333604	0.268294	0.367926	0.223105	0.696711	0.324226	0.101168	0.0270465	0.598389	0.712197	0.0569378	0.0360562	0.0624878	0.0457456	99.2916	0.0999147	0.0298382	0.00783282
2124.84	0.00833333	0.941815	0.573384	0.292523	0.569415	0.391488	0.115973	0.333794	0.212372	0.313278	0.0887801	0.133464	0.43624	0.0321853	0.287285	0.0119627	0.0375869	99.1243	0.0999911	0.0299165	0.00122439
2124.85	0.00833333	0.948128	0.424401	0.877999	0.640878	0.0689346	0.0630421	0.651814	0.783923	0.257471	0.0513447	0.873036	0.685794	0.233625	0.269946	0.0204561	0.0307547	98.533	0.0998751	0.0297364	0.0085098
2124.85	0.00833333	0.944642	0.137584	0.134306	0.677376	0.0403433	0.0671898	0.484198	0.443738	0.141347	0.0666817	0.13489	0.0949449	0.302997	0.227589	0.0392714	0.0610785	98.7749	0.0999009	0.029864	0.00451
2124.85	0.00833333	0.948221	0.455932	0.376722	0.0109636	0.192001	0.0648779	0.0037009	0.394617	0.292344	0.0968628	0.517082	0.437372	0.0762907	0.336894	0.0127369	0.0439987	99.1987	0.0998991	0.0297241	0.0106361
2124.85	0.00833333	0.943166	0.813815	0.26636	0.71325	0.240522	0.0307478	0.961693	0.700767	0.191602	0.0343242	0.429983	0.535063	0.0466426	0.165093	0.050359	0.0281968	99.0065	0.0999326	0.0298784	0.00304095
2124.86	0.00833333	0.948331	0.552509	0.622648	0.955627	0.117787	0.0534142	0.023206	0.0871447	0.203116	0.13413	0.476163	0.372629	0.113385	0.27346	0.057521	0.00636323	98.1048	0.0999957	0.0298713	0.00582649
2124.86	0.00833333	0.944852	0.289827	0.333534	0.111944	0.737549	0.0690034	0.00339288	0.590632	0.40859	0.199769	0.0447248	0.0596874	0.0693899	0.351399	0.0327625	0.0452051	99.347	0.0999598	0.029871	0.00676936
2124.86	0.00833333	0.950218	0.246247	0.314911	0.488186	0.261116	0.00134762	0.720448	0.331343	0.0330035	0.0209058	0.210007	0.2171	0.391606	0.0644935	0.0209813	0.010029	97.9495	0.0999226	0.0298904	0.00453064
2124.86	0.00833333	0.946525	0.171013	0.207731	0.105592	0.225555	0.0273249	0.427055	0.222522	0.102883	0.0708604	0.691865	0.285508	0.319774	0.782703	0.00854082	0.0201568	99.0464	0.099961	0.0297017	0.0142822
2124.86	0.00833333	0.942815	0.614066	0.780026	0.195674	0.00810105	0.101531	0.711408	0.280876	0.195502	0.135922	0.874622	0.333818	0.285745	0.00794859	0.0205306	0.020826	99.1231	0.0999911	0.0299146	0.00673383
2124.86	0.00833333	0.947554	0.443396	0.427721	0.856498	0.181052	0.0144211	0.219768	0.365831	0.0473741	0.157365	0.583445	0.60655	0.12192	0.123146	0.0479638	0.00606533	98.7259	0.0998235	0.0298052	0.00908422
2124.87	0.00833333	0.948535	0.282484	0.0717198	0.263117	0.944231	0.074464	0.386986	0.733198	0.142317	0.00697264	0.421292	0.847647	0.0784387	0.312615	0.000722431	0.0208942	98.6459	0.09978	0.0297057	0.0102095
2124.87	0.00833333	0.950075	0.0919833	0.0100063	0.0529817	0.0627464	0.0976139	0.415273	0.563392	0.0153306	0.148608	0.256517	0.461393	0.234123	0.431577	0.022746	0.0786665	97.9195	0.0999774	0.0298405	0.00661169
2124.87	0.00833333	0.943489	0.691408	0.333343	0.648301	0.133366	0.0777379	0.127457	0.921645	0.0957078	0.0433327	0.457294	0.363195	0.426046	0.205581	0.0484291	0.023926	99.2903	0.099911	0.0298405	0.000713944
2124.87	0.00833333	0.94353	0.254346	0.0277096	0.614722	0.244617	0.280487	0.577255	0.577305	0.0385067	0.0257457	0.484613	0.088664	0.827479	0.187548	0.0527405	0.0195232	99.3168	0.0999683	0.0298893	0.00426207
2124.88	0.00833333	0.946421	0.829606	0.735276	0.731681	0.00204968	0.00601146	0.272877	0.525141	0.182341	0.0930054	0.536837	0.571446	0.148623	0.0141491	0.00710642	0.0426712	98.6739	0.0999075	0.0297706	0.0114947
2124.88	0.00833333	0.942913	0.492623	0.43985	0.290128	0.218709	0.184976	0.405848	0.558568	0.106986	0.0292451	0.0093416	0.429567	0.584151	0.0459968	0.0539712	0.0237273	98.7641	0.0999634	0.0298675	0.00316568
2124.88	0.00833333	0.948154	0.579124	0.217224	0.456835	0.433247	0.141367	0.584157	0.0220228	0.00978574	0.0179382	0.697029	0.541144	0.180488	0.0653205	0.00786472	0.0142023	97.7424	0.099955	0.0298502	0.00417466
2124.88	0.00833333	0.952992	0.349918	0.164757	0.219342	0.154729	0.0480473	0.583941	0.479804	0.227598	0.0821751	0.842401	0.677366	0.393105	0.00501516	0.0041125	0.00890188	98.0575	0.09995	0.0296885	0.0113872
2124.88	0.00833333	0.948074	0.336849	0.268751	0.388297	0.144497	0.0440157	0.391493	0.641287	0.0197547	0.0135936	0.469291	0.0573025	0.472555	0.194468	0.0400876	0.0405043	99.438	0.0999952	0.0297188	0.0117516
2124.89	0.00833333	0.95074	0.571663	0.237305	0.306603	0.192528	0.0642823	0.296167	0.210381	0.37807	0.146871	0.109138	0.154849	0.0532709	0.132952	0.0123553	0.0456477	97.9925	0.0998748	0.0298283	0.00746438
2124.89	0.00833333	0.944117	0.217975	0.0877704	0.361115	0.262232	0.00698186	0.207928	0.50259	0.45946	0.0440091	0.910069	0.87449	0.352801	0.227011	0.0838785	0.000279272	98.5324	0.0999886	0.0298656	0.00244314
2124.89	0.00833333	0.948426	0.805907	0.0410724	0.494027	0.486986	0.0451356	0.0929893	0.313129	0.0598721	0.0703614	0.754887	0.928873	0.164484	0.0260526	0.0110471	0.0695437	98.4964	0.0999967	0.0299085	0.0038097
2124.89	0.00833333	0.948303	0.736124	0.154078	0.205359	0.507504	0.0671746	0.298146	0.564318	0.172693	0.0915722	0.589443	0.498585	0.17464	0.322136	0.0503604	0.00489158	98.1486	0.0999996	0.0299026	0.00759649
2124.89	0.00833333	0.95217	0.187484	0.220514	0.782689	0.29777	0.0222537	0.399796	0.0790009	0.0569067	0.0968745	0.798963	0.325492	0.371572	0.10229	0.0349588	0.0206533	98.3809	0.0999552	0.0298067	0.00985374
2124.89	0.00833333	0.946371	0.514924	0.285936	0.704594	0.0519221	0.0751017	0.452595	0.477162	0.342034	0.0503114	0.514164	0.688695	0.306519	0.418663	0.0314489	0.0185991	98.8694	0.0999257	0.0298066	0.00935477
2124.9	0.00833333	0.947049	0.348481	0.474996	0.930526	0.448271	0.00141935	0.367581	0.305193	0.026175	0.0363582	0.199871	0.611212	0.0111711	0.209394	0.0280503	0.0495996	98.2142	0.0999819	0.0298956	0.00292136
2124.9	0.00833333	0.947962	0.599259	0.604673	0.524438	0.149016	0.0766493	0.615981	0.773853	0.19821	0.000779644	0.670807	0.250507	0.11414	0.276862	0.00179283	0.00576713	99.1931	0.0998216	0.0297658	0.00999821
2124.9	0.00833333	0.943464	0.442265	0.0416597	0.242688	0.18267	0.073487	0.780221	0.326942	0.483105	0.025819	0.876211	0.0548226	0.073067	0.313965	0.0388856	0.0149698	98.9668	0.0999806	0.0298478	0.00358997
2124.9	0.00833333	0.947568	0.0803866	0.439961	0.76362	0.03165	0.075939	0.0650051	0.434357	0.142939	0.0317772	0.210175	0.105693	0.402148	0.632795	0.0407459	0.0231058	99.4881	0.0999619	0.0297113	0.0123056
2124.9	0.00833333	0.943922	0.950572	0.325974	0.431994	0.15192	0.14361	0.405728	0.522791	0.0183599	0.0659121	0.351467	0.759363	0.202605	0.115065	0.00895739	0.0200324	98.8781	0.0999852	0.0298521	0.00564399
2124.9	0.00833333	0.945174	0.214333	0.213558	0.816404	0.627774	0.0216859	0.851915	0.394783	0.225135	0.0705933	0.620532	0.831807	0.225574	0.0842523	0.0533276	0.0104172	98.8279	0.0998408	0.029803	0.0039415
2124.9	0.00833333	0.947648	0.725062	0.349768	0.397034	0.30782	0.193055	0.471003	0.633333	0.0270844	0.101591	0.341881	0.350218	0.181242	0.000538573	0.0252111	0.0333797	98.0963	0.0999182	0.0299184	0.00259754
2124.9	0.00833333	0.948719	0.522841	0.339082	0.260868	0.0304186	0.0225597	0.208871	0.644151	0.139584	0.0772544	0.280821	0.109897	0.11693	0.173965	0.10061	0.0180313	98.2854	0.099919	0.0298218	0.00141682
2124.9	0.00833333	0.95178	0.456594	0.301671	0.495062	0.363426	0.0279621	0.562781	0.987062	0.215988	0.0811044	0.904019	0.116998	0.0504751	0.270947	0.020318	0.0318898	98.0603	0.0998479	0.0298034	0.0105068
2124.91	0.00833333	0.948217	0.910395	0.00283099	0.527021	0.0245508	0.0833413	0.422313	0.0169691	0.0933562	0.0833439	0.752608	0.409676	0.028872	0.440832	0.0471645	0.0217945	97.9177	0.0999573	0.0298737	0.00443918
2124.91	0.00833333	0.952359	0.827969	0.139354	0.82482	0.0675348	0.0172335	0.280526	0.0729474	0.417289	0.0911938	0.630476	0.0571285	0.19208	0.420587	0.0101731	0.0189395	98.3124	0.0998248	0.0297743	0.00948018
2124.91	0.00833333	0.944799	0.429839	0.0886826	0.986181	0.257045	0.00201491	0.24371	0.158713	0.141747	0.00774338	0.613703	0.502333	0.226975	0.296258	0.0289155	0.00539584	98.5002	0.0998675	0.0298583	0.0027866
2124.91	0.00833333	0.944784	0.332601	0.159045	0.258072	0.349968	0.142263	0.687461	0.385763	0.09693	0.039098	0.717762	0.344502	0.590142	0.160465	0.0275851	0.0109375	99.3281	0.099904	0.0298835	0.00438167
2124.91	0.00833333	0.946374	0.53235	0.0376164	0.472968	0.589139	0.140881	0.388731	0.457088	0.355332	0.0326141	0.216635	0.265117	0.0565009	0.284719	0.0285321	0.0187843	98.641	0.0999644	0.0298121	0.00715637
2124.91	0.00833333	0.948716	0.046088	0.0552925	0.992057	0.914451	0.21146	0.607061	0.825169	0.230958	0.0109923	0.175305	0.44401	0.376718	0.0715153	0.0116428	0.05353	98.4189	0.0999258	0.0298988	0.00643192
2124.91	0.00833333	0.943411	0.32831	0.262548	0.541561	0.162141	0.0154505	0.844367	0.159403	0.416269	0.0140082	0.705805	0.033257	0.20929	0.256383	0.0416802	0.00294148	98.5526	0.0999172	0.0298596	0.00272553
2124.92	0.00833333	0.952429	0.0364271	0.30915	0.179784	0.0703729	0.0711563	0.503319	0.494272	0.0504335	0.0998035	0.587924	0.416971	0.414947	0.394754	0.0214455	0.000846243	97.5712	0.0999953	0.0296691	0.0141082
2124.92	0.00833333	0.946781	0.777483	0.431299	0.746892	0.125115	0.124866	0.552367	0.66726	0.195953	0.0363446	0.371515	0.193583	0.288591	0.209802	0.0144801	0.0686618	98.9824	0.0999921	0.0297961	0.00826985
2124.92	0.00833333	0.942677	0.0912211	0.3635	0.90827	0.435557	0.262926	0.816904	0.592082	0.151678	0.0281807	0.270544	0.0145581	0.0925567	0.28101	0.0160559	0.0331165	99.2227	0.0999647	0.0298713	0.00278391
2124.92	0.00833333	0.947823	0.270604	0.427479	0.114022	0.0257826	0.0347656	0.385375	0.185306	0.324171	0.0123238	0.826945	0.466422	0.399826	0.235745	0.0498309	0.0485317	99.06	0.0999264	0.0296934	0.0116527
2124.92	0.00833333	0.950446	0.594869	0.215703	0.804708	0.0660402	0.0706159	0.520928	0.692378	0.172815	0.0973507	0.390745	0.00185013	0.217755	0.0922856	0.0501272	0.035874	97.9398	0.0998156	0.0298404	0.00515723
2124.92	0.00833333	0.948955	0.578281	0.229681	0.979237	0.214514	0.0255536	0.547537	0.56077	0.00549564	0.0471257	0.578144	0.745249	0.323321	0.0120043	0.0545404	0.0160178	98.7179	0.0999157	0.0295684	0.016121
2124.92	0.00833333	0.942607	0.51615	0.449383	0.0557797	0.350614	0.227079	0.0364961	0.246379	0.113132	0.115369	0.483357	0.715949	0.0302057	0.321828	0.0257313	0.0354817	98.6152	0.0999965	0.029876	0.00306116
2124.92	0.00833333	0.947083	0.967737	0.0518395	0.202456	0.747376	0.125114	0.369936	0.0414713	0.141162	0.145037	0.474768	0.679077	0.486987	0.0410201	0.111663	0.0142899	98.7261	0.099972	0.0297525	0.0116544
2124.93	0.00833333	0.94916	0.474868	0.383788	0.535626	0.688977	0.0592202	0.316197	0.128138	0.0967688	0.0276503	0.79918	0.371429	0.0124803	0.156767	0.00032516	0.047182	98.9158	0.0997599	0.0296818	0.0127376
2124.93	0.00833333	0.950117	0.0386927	0.361578	0.4217	0.607385	0.0137592	0.0163726	0.737786	0.133084	0.0236278	0.224035	0.635171	0.185779	0.0405539	0.0394256	0.0236877	99.2786	0.0999557	0.0295696	0.0140257
2124.93	0.00833333	0.948165	0.236127	0.900015	0.00345267	0.160898	0.0153873	0.259207	0.78682	0.163467	0.0749424	0.0685175	0.414572	0.0616663	0.00325784	0.0509179	0.00979862	97.8831	0.0999022	0.0298582	0.0028475
2124.93	0.00833333	0.942986	0.705527	0.23359	0.534398	0.143848	0.00881194	0.703366	0.217019	0.205741	0.0637905	0.407206	0.757876	0.688799	0.205445	0.0170592	0.0251149	98.7618	0.0999983	0.0298597	0.00236579
2124.93	0.00833333	0.949151	0.49345	0.411746	0.956015	0.188182	0.0151622	0.548962	0.448336	0.240983	0.0986707	0.538512	0.395523	0.393038	0.20329	0.0269443	0.000880683	99.1017	0.0998288	0.029695	0.00955379
2124.93	0.00833333	0.946554	0.546594	0.489556	0.324353	0.23844	0.184737	0.617453	0.301922	0.00884353	0.00149581	0.177682	0.468376	0.403556	0.00432673	0.000751875	0.0311327	99.4729	0.0997852	0.0297961	0.00697676
2124.93	0.00833333	0.945144	0.136857	0.248197	0.435021	0.507769	0.0484576	0.508046	0.533694	0.204508	0.0836287	0.62964	0.799832	0.0696251	0.46318	0.0351642	0.00628965	98.5577	0.0999784	0.0298564	0.00816871
2124.93	0.00833333	0.950009	0.335105	0.0584081	0.389925	0.267077	0.0776321	0.485673	0.245727	0.0918344	0.0313664	0.554654	0.718866	0.463904	0.107065	0.000523025	0.0136586	98.3121	0.0999908	0.0298766	0.00763397
2124.93	0.00833333	0.944996	0.805206	0.0851914	0.923832	0.0801702	0.165621	0.32411	0.166334	0.0198413	0.010549	0.893818	0.650786	0.8543	0.207347	0.0419514	0.0396333	98.6524	0.0999301	0.0298391	0.00598715
2124.93	0.00833333	0.949819	0.457143	0.537487	0.23926	0.544338	0.0426296	0.141864	0.0496842	0.122595	0.00224922	0.480932	0.077713	0.178881	0.340645	0.00455373	0.0643214	98.3206	0.0999989	0.029857	0.00642564
2124.93	0.00833333	0.952017	0.0780452	0.382086	0.815035	0.292362	0.113918	0.598007	0.901224	0.159953	0.0544256	0.164149	0.429972	0.149523	0.0384852	0.0656643	0.00997928	97.8725	0.0998675	0.0297625	0.0115197
2124.93	0.00833333	0.954386	0.456485	0.0707691	0.0578464	0.0938175	0.0546449	0.790407	0.126176	0.0006015	0.0763731	0.690795	0.702215	0.218686	0.0132408	0.00452841	0.0247198	98.3407	0.0999923	0.0294964	0.0155603
2124.94	0.00833333	0.950031	0.610226	0.00394361	0.557824	0.0231929	0.160415	0.374516	0.70111	0.145951	0.0243694	0.330567	0.785792	0.141418	0.0741781	0.102079	0.0311322	98.4252	0.0999632	0.0298405	0.00606414
2124.94	0.00833333	0.950227	0.878409	0.588378	0.839644	0.354624	0.138912	0.335608	0.542389	0.212246	0.0614859	0.513662	0.230672	0.414134	0.0631465	0.044652	0.00663409	98.4384	0.0999233	0.0298105	0.00915493
2124.94	0.00833333	0.949487	0.181462	0.636638	0.131821	0.219962	0.112658	0.646947	0.723963	0.203813	0.0149448	0.663164	0.376018	0.159035	0.321004	0.0212919	0.0441044	98.3916	0.0999987	0.0298564	0.00624588
2124.94	0.00833333	0.947606	0.990649	0.10712	0.126043	0.346922	0.0165246	0.490937	0.594104	0.236789	0.106282	0.349982	0.604015	0.482163	0.723683	0.0174257	0.0591404	99.4178	0.0999018	0.0297872	0.0102884
2124.95	0.00833333	0.94654	0.0423022	0.210805	0.782991	0.374142	0.0616857	0.785288	0.548219	0.21212	0.0460937	0.284962	0.0413022	0.0735837	0.123009	0.0901246	0.0508842	99.1213	0.0999911	0.0298049	0.0107161
2124.95	0.00833333	0.946066	0.541532	0.222842	0.785581	0.45996	0.0595851	0.158444	0.740938	0.299023	0.0972705	0.592309	0.189915	0.385758	0.050505	0.0139459	0.0186736	98.6778	0.0999395	0.0298236	0.00916223
2124.95	0.00833333	0.946777	0.31661	0.210692	0.338374	0.0667681	0.0496867	0.361143	0.734902	0.249347	0.0453357	0.116169	0.560275	0.0735368	0.03593	0.0729493	0.0195508	99.3193	0.0999905	0.0298102	0.0119569
2124.95	0.00833333	0.950952	0.0900621	0.53702	0.59321	0.49665	0.0544253	0.415993	0.717437	0.0830192	0.0204682	0.88684	0.525616	0.294849	0.51475	0.0504095	0.0199796	97.8493	0.0999698	0.0298279	0.00721302
2124.95	0.00833333	0.947238	0.746719	0.380795	0.585155	0.0065036	0.169591	0.407035	0.697293	0.24529	0.0871935	0.785173	0.843385	0.531768	0.174172	0.0237222	0.0329219	97.8201	0.0999895	0.0298961	0.00152354
2124.95	0.00833333	0.953133	0.318213	0.365579	0.858028	0.465523	0.0103825	0.384853	0.181573	0.160156	0.0824281	0.777623	0.00586307	0.186975	0.214675	0.00524073	0.000872644	98.3495	0.0999599	0.0297409	0.0118815
2124.95	0.00833333	0.949261	0.515922	0.454421	0.26588	0.0891329	0.112199	0.143595	0.505955	0.173366	0.0416379	0.138594	0.617487	0.243759	0.0287788	0.00140988	0.053164	98.8533	0.0999531	0.0295732	0.0153899
2124.95	0.00833333	0.947659	0.260274	0.0730121	0.0896728	0.0765653	0.00826441	0.986512	0.475553	0.126326	0.111909	0.522043	0.346725	0.724043	0.0291873	0.0457866	0.0055408	98.2661	0.099924	0.0298784	0.00418174
2124.95	0.00833333	0.943989	0.0500885	0.0435573	0.119834	0.104722	0.00493884	0.673107	0.0168105	0.0246885	0.112341	0.544638	0.606586	0.407216	0.397013	0.00542937	0.0210373	98.608	0.0999978	0.029864	0.00478468
