distance	weight	r0	r1	r2	r3	r4	r5	r6	r7	r8	r9	r10	r11	r12	r13	r14	r15	tp	dr1	dr2	dr3
2129.14	0.00833333	0.951093	0.240403	0.509639	0.635794	0.755457	0.160787	0.610025	0.669103	0.79459	0.561039	0.673429	0.826352	0.661443	0.547232	0.174141	0.186878	99.4733	0.0998877	0.027783	0.0281909
2129.34	0.00833333	0.952583	0.821981	0.142425	0.0324993	0.0544774	0.686599	0.080127	0.238602	0.193042	0.209184	0.648782	0.688142	0.421002	0.56578	0.576174	0.252142	98.5014	0.0998171	0.0266035	0.0315553
2129.51	0.00833333	0.955394	0.832481	0.230223	0.531515	0.745223	0.493214	0.264407	0.696577	0.62384	0.353092	0.414724	0.659718	0.744524	0.338202	0.109844	0.121183	98.2561	0.0997233	0.0288898	0.0227388
2130.45	0.00833333	0.957629	0.227344	0.491448	0.183034	0.178725	0.160433	0.0623446	0.211868	0.568861	0.134609	0.219927	0.703369	0.0465	0.58826	0.561881	0.298562	99.6138	0.0984501	0.0290001	0.0156346
2130.45	0.00833333	0.960833	0.722861	0.0428984	0.73824	0.662913	0.0477503	0.865341	0.787862	0.0511369	0.126665	0.353254	0.718104	0.682062	0.412473	0.116854	0.147744	98.8536	0.0984706	0.0292638	0.0056771
2130.49	0.00833333	0.942886	0.12124	0.467902	0.340591	0.105639	0.10514	0.538512	0.752866	0.685625	0.17199	0.906954	0.0678711	0.661656	0.286329	0.223643	0.0937581	101.054	0.0994323	0.0294249	0.0111036
2130.63	0.00833333	0.948025	0.751373	0.691447	0.711334	0.329229	0.858322	0.354799	0.558604	0.679128	0.169976	0.81807	0.504066	0.763905	0.618895	0.277626	0.00723454	100.108	0.0989326	0.029129	0.0191214
2130.88	0.00833333	0.95952	0.682493	0.215736	0.344989	0.62958	0.669675	0.670583	0.864575	0.226323	0.484637	0.665218	0.894556	0.682857	0.450256	0.0357212	0.318004	98.6506	0.0985326	0.0291659	0.0142918
2131.08	0.00833333	0.942655	0.557534	0.600744	0.914335	0.409806	0.571947	0.335376	0.756149	0.577851	0.359248	0.0205499	0.358783	0.133322	0.700807	0.241989	0.409135	100.522	0.0998037	0.0279222	0.0271757
2131.18	0.00833333	0.945536	0.541884	0.240224	0.304609	0.41685	0.699178	0.125078	0.66849	0.367227	0.659017	0.861258	0.371178	0.537059	0.52953	0.437141	0.372503	100.065	0.0997409	0.0295067	0.0127542
2131.55	0.00833333	0.956208	0.581911	0.239106	0.52819	0.093132	0.829694	0.487329	0.684848	0.658157	0.128937	0.333755	0.253426	0.244536	0.00723241	0.817882	0.0178472	97.9496	0.0998511	0.0227379	0.0395446
2131.56	0.00833333	0.954679	0.214248	0.636681	0.619311	0.905058	0.811803	0.31923	0.573793	0.61397	0.150037	0.201008	0.162209	0.568227	0.191931	0.427168	0.280904	97.6217	0.099745	0.0228223	0.0401379
2131.57	0.00833333	0.936424	0.586584	0.911253	0.135976	0.357752	0.513139	0.862226	0.576363	0.114449	0.332856	0.900634	0.42645	0.740762	0.240429	0.3517	0.341022	98.5318	0.0999794	0.0301277	0.00441866
2131.61	0.00833333	0.963326	0.544583	0.516302	0.87672	0.12261	0.272972	0.100776	0.68301	0.429804	0.63547	0.345606	0.0049553	0.353638	0.327418	0.0461743	0.0192662	99.9728	0.0981666	0.0246229	0.0353073
2131.97	0.00833333	0.958032	0.929051	0.951357	0.904689	0.756908	0.0975325	0.593485	0.831947	0.453653	0.380726	0.0199444	0.202469	0.627601	0.217014	0.443133	0.155947	99.5875	0.0983054	0.0290088	0.0175737
2131.99	0.00833333	0.96646	0.41986	0.252543	0.059424	0.212858	0.884083	0.485161	0.903041	0.207738	0.00791478	0.511969	0.503258	0.29881	0.19279	0.115582	0.190101	99.728	0.0981228	0.028127	0.0220554
2132.02	0.00833333	0.948217	0.246962	0.0171624	0.648278	0.920543	0.378489	0.582066	0.329615	0.331765	0.322753	0.843569	0.825592	0.289958	0.351796	0.739966	0.105901	100.083	0.0994094	0.0244715	0.0364992
2132.02	0.00833333	0.944828	0.228807	0.123431	0.181759	0.58682	0.64067	0.702151	0.469199	0.00034174	0.289285	0.526302	0.0757416	0.352462	0.161586	0.826574	0.287712	99.212	0.0997819	0.0187994	0.0445262
2132.03	0.00833333	0.944811	0.693883	0.516885	0.990893	0.540543	0.605378	0.751761	0.68836	0.31655	0.0955424	0.256529	0.575999	0.488219	0.502994	0.27126	0.329283	100.263	0.0993897	0.0221741	0.0407225
2132.07	0.00833333	0.949963	0.641617	0.162643	0.572073	0.625702	0.356538	0.46814	0.773588	0.857263	0.910343	0.558323	0.3997	0.425959	0.0318208	0.0355114	0.251302	100.228	0.0991274	0.0275596	0.0281652
2132.17	0.00833333	0.944909	0.921222	0.842153	0.308523	0.720057	0.0106831	0.401633	0.853647	0.100391	0.0417721	0.278888	0.330612	0.89262	0.379197	0.132892	0.176095	100.319	0.0993227	0.0198119	0.042878
2132.2	0.00833333	0.962374	0.905763	0.192222	0.688646	0.546188	0.479707	0.555328	0.160093	0.429778	0.476183	0.54536	0.438134	0.43097	0.0580152	0.611234	0.282058	98.4066	0.0988986	0.0287047	0.0209625
2132.2	0.00833333	0.964838	0.677407	0.439358	0.705736	0.428307	0.112991	0.431206	0.426729	0.182737	0.133066	0.271063	0.594397	0.639221	0.113537	0.229337	0.524991	100.207	0.0977028	0.0279399	0.0229031
2132.22	0.00833333	0.96304	0.328164	0.327617	0.454621	0.846271	0.829434	0.840431	0.597959	0.484808	0.416452	0.4722	0.205658	0.557205	0.652995	0.298337	0.067519	99.9562	0.0973692	0.0288055	0.0163963
2132.23	0.00833333	0.961083	0.783023	0.0795603	0.739655	0.526108	0.00194937	0.4155	0.0106577	0.355008	0.675268	0.935285	0.835075	0.28358	0.512697	0.558459	0.22029	99.7845	0.0983439	0.0282024	0.0227922
2132.33	0.00833333	0.952281	0.191176	0.435163	0.54383	0.487132	0.776481	0.209004	0.12641	0.625541	0.157468	0.507097	0.286255	0.688603	0.381683	0.640285	0.0628127	100.333	0.0992476	0.0293903	0.00838755
2132.41	0.00833333	0.940505	0.819373	0.575451	0.758873	0.395369	0.538993	0.505005	0.857329	0.559999	0.375889	0.283843	0.854415	0.82052	0.563398	0.422503	0.482879	98.5493	0.0998232	0.0300324	0.00788536
2132.42	0.00833333	0.940622	0.512912	0.0911812	0.185901	0.41441	0.586496	0.469717	0.966392	0.130845	0.353687	0.506574	0.503843	0.51052	0.685265	0.709153	0.409128	100.309	0.0999836	0.0296823	0.0009053
2132.46	0.00833333	0.951047	0.512748	0.618072	0.408239	0.910362	0.745379	0.777036	0.94711	0.898253	0.753112	0.630687	0.415371	0.356216	0.159458	0.683617	0.106708	99.47	0.0993156	0.0294159	0.014974
2132.53	0.00833333	0.961354	0.0684296	0.201338	0.866032	0.599317	0.552235	0.6051	0.735304	0.412566	0.227732	0.306729	0.546571	0.89096	0.381145	0.237209	0.570191	99.3951	0.0987088	0.028597	0.0206149
2132.53	0.00833333	0.953913	0.75557	0.24169	0.552066	0.753445	0.246425	0.996069	0.646414	0.601578	0.238832	0.362174	0.698322	0.328289	0.639937	0.380483	0.40162	99.1687	0.0993649	0.0249146	0.0362511
2132.55	0.00833333	0.942105	0.309043	0.779779	0.681537	0.728877	0.291297	0.202301	0.82072	0.37932	0.159317	0.0793779	0.913325	0.460492	0.539304	0.370907	0.513968	101.319	0.0998392	0.0230602	0.039736
2132.56	0.00833333	0.950947	0.52316	0.197618	0.451119	0.670396	0.218413	0.0339727	0.744158	0.183133	0.33696	0.0438779	0.533175	0.175516	0.992721	0.738123	0.444955	99.5459	0.0994983	0.0205788	0.0418468
2132.58	0.00833333	0.940852	0.710806	0.958022	0.754778	0.576699	0.326226	0.774108	0.21808	0.199957	0.138749	0.205607	0.0667339	0.560419	0.979638	0.550157	0.284788	100.753	0.0989813	0.0295377	0.0090322
2132.67	0.00833333	0.950031	0.857649	0.217885	0.642811	0.496139	0.53621	0.676931	0.652617	0.514107	0.0870097	0.354401	0.208765	0.63419	0.561305	0.203373	0.0266342	101.412	0.098097	0.0293464	0.0142095
2132.69	0.00833333	0.954365	0.291027	0.949298	0.853028	0.110788	0.271729	0.226204	0.159654	0.823704	0.267532	0.393891	0.782609	0.692075	0.588422	0.223476	0.207723	99.5486	0.0983511	0.0288974	0.0172297
2132.74	0.00833333	0.940711	0.268868	0.196956	0.0200772	0.249943	0.807919	0.439767	0.40393	0.864284	0.819661	0.772362	0.369736	0.927345	0.630987	0.136343	0.213988	101.166	0.0998534	0.0236057	0.0386182
2132.75	0.00833333	0.96855	0.0428826	0.354255	0.487377	0.214393	0.285304	0.489919	0.0542726	0.798117	0.0640451	0.351528	0.630786	0.939061	0.0889746	0.687087	0.156099	97.9889	0.0991178	0.0274971	0.0267954
2132.84	0.00833333	0.955894	0.838012	0.254773	0.649671	0.714196	0.733767	0.202391	0.330764	0.0633089	0.12229	0.473692	0.41955	0.0917977	0.411074	0.0389953	0.861548	97.3444	0.0999757	0.0297768	0.0131981
2132.92	0.00833333	0.940985	0.374714	0.710443	0.808052	0.58932	0.156682	0.755583	0.796408	0.251546	0.0567124	0.744867	0.712935	0.895807	0.469979	0.548817	0.126102	102.04	0.0992509	0.0282036	0.0248761
2132.98	0.00833333	0.959114	0.581112	0.641899	0.63418	0.577964	0.485426	0.817338	0.592782	0.218017	0.436467	0.724324	0.52079	0.283498	0.105499	0.0881252	0.15395	98.0378	0.0997587	0.0272295	0.0306842
2133.05	0.00833333	0.945071	0.454555	0.397813	0.546429	0.408264	0.456614	0.488609	0.876406	0.386264	0.656283	0.623813	0.818806	0.443914	0.180343	0.349862	0.186254	101.512	0.0994386	0.0266215	0.0310865
2133.08	0.00833333	0.952573	0.351975	0.174324	0.888935	0.517584	0.652932	0.960871	0.203229	0.866976	0.493843	0.749098	0.273478	0.468746	0.693792	0.151365	0.0177923	98.9225	0.0997589	0.0287875	0.0201055
2133.1	0.00833333	0.962529	0.709991	0.168495	0.643849	0.738771	0.141352	0.513646	0.11954	0.333997	0.484264	0.317459	0.0782965	0.410862	0.893089	0.62719	0.172776	98.893	0.098377	0.0270664	0.0289641
2133.15	0.00833333	0.949645	0.814195	0.62069	0.949517	0.943318	0.00530893	0.812835	0.948002	0.1654	0.529311	0.412338	0.171716	0.44735	0.0879277	0.287267	0.114466	99.3977	0.0993258	0.0194419	0.0432918
2133.18	0.00833333	0.940641	0.520252	0.322268	0.458227	0.165999	0.438173	0.672044	0.603574	0.651034	0.723805	0.601895	0.148157	0.550076	0.961336	0.826952	0.0387582	101.245	0.0997628	0.0282522	0.0257302
2133.19	0.00833333	0.94401	0.793237	0.181287	0.640423	0.259495	0.720254	0.71302	0.756212	0.0198381	0.465953	0.630597	0.657797	0.544596	0.464385	0.266448	0.382262	101.056	0.0998624	0.0250775	0.0360773
2133.19	0.00833333	0.961361	0.771085	0.0528074	0.561146	0.677379	0.135226	0.489459	0.205643	0.845087	0.198879	0.12099	0.730265	0.313731	0.905651	0.154806	0.0241972	99.9259	0.0985213	0.0230109	0.0386046
2133.26	0.00833333	0.949706	0.578031	0.0655937	0.673529	0.464845	0.460849	0.361916	0.247421	0.656663	0.239293	0.564494	0.848002	0.55144	0.906794	0.459351	0.0945304	100.167	0.0984501	0.0158837	0.0452569
2133.28	0.00833333	0.935495	0.902909	0.25348	0.834499	0.9115	0.390296	0.588444	0.073015	0.497463	0.375223	0.805778	0.413751	0.76074	0.222661	0.0523674	0.0848159	100.26	0.0995907	0.016414	0.0461673
2133.34	0.00833333	0.949236	0.072662	0.0320614	0.357438	0.99685	0.0167444	0.381388	0.0604635	0.265969	0.338114	0.30827	0.357995	0.373865	0.997772	0.0849566	0.329563	101.098	0.0986141	0.0171588	0.0447246
2133.35	0.00833333	0.958168	0.433212	0.336706	0.419618	0.0811083	0.556017	0.0429759	0.431103	0.47516	0.374256	0.826098	0.372084	0.543583	0.454045	0.816724	0.462875	98.172	0.0996122	0.0291607	0.0179066
2133.37	0.00833333	0.952133	0.174988	0.795291	0.35427	0.523668	0.443103	0.703637	0.717715	0.573903	0.409747	0.688066	0.438136	0.645124	0.140792	0.527356	0.138784	98.0488	0.0994618	0.0290523	0.0208141
2133.38	0.00833333	0.959978	0.897421	0.815159	0.819027	0.499625	0.441672	0.593894	0.143557	0.117058	0.00922557	0.620938	0.541905	0.50994	0.107301	0.318814	0.260658	99.0656	0.0996615	0.0237195	0.0380702
2133.39	0.00833333	0.965915	0.128541	0.266819	0.118558	0.39753	0.182644	0.0235372	0.6035	0.392635	0.0461637	0.0998403	0.0845296	0.604389	0.374055	0.446616	0.560708	98.5787	0.0982988	0.0281944	0.0235215
2133.4	0.00833333	0.950208	0.31028	0.671011	0.31758	0.239056	0.30847	0.230871	0.83928	0.391351	0.258924	0.757626	0.777569	0.994897	0.0843082	0.517258	0.740892	99.4572	0.0997416	0.0296757	0.00740449
2133.43	0.00833333	0.958496	0.55898	0.173312	0.72743	0.835458	0.500083	0.591785	0.405484	0.698645	0.439073	0.288093	0.0222106	0.304162	0.385306	0.533024	0.249814	99.239	0.0997167	0.0272956	0.0293272
2133.44	0.00833333	0.95112	0.400532	0.228379	0.978979	0.78893	0.643683	0.831273	0.548791	0.192692	0.467101	0.782556	0.198636	0.813126	0.874838	0.316011	0.0532387	101.336	0.0977858	0.029418	0.00833897
2133.45	0.00833333	0.950359	0.630241	0.418719	0.262141	0.823182	0.963896	0.286182	0.0981584	0.615749	0.511051	0.913216	0.57115	0.617887	0.668825	0.405174	0.27358	99.8959	0.0984768	0.0293501	0.000518436
2133.45	0.00833333	0.960608	0.189581	0.294406	0.250608	0.627513	0.315455	0.34609	0.229076	0.143567	0.682365	0.499368	0.0400937	0.693406	0.85546	0.14878	0.232744	100.525	0.0978124	0.0261403	0.0313468
2133.5	0.00833333	0.965985	0.315505	0.333992	0.227086	0.144637	0.21703	0.179358	0.730026	0.695781	0.764613	0.626491	0.377766	0.239591	0.38289	0.00297591	0.547231	98.8252	0.0983659	0.0270435	0.0285381
2133.5	0.00833333	0.960971	0.401438	0.389787	0.68697	0.271255	0.0689287	0.429971	0.53952	0.572455	0.578707	0.927411	0.395818	0.513293	0.412565	0.124993	0.244966	100.334	0.0986447	0.0262196	0.0320067
2133.51	0.00833333	0.956606	0.621941	0.691894	0.820292	0.60576	0.216286	0.195292	0.633449	0.854827	0.0157313	0.356435	0.544869	0.419577	0.21922	0.251733	0.271332	97.5229	0.0995623	0.0250605	0.0364452
2133.52	0.00833333	0.956989	0.139568	0.936992	0.548034	0.0574242	0.0823977	0.401191	0.229397	0.779937	0.251294	0.316352	0.764447	0.441949	0.429518	0.737917	0.0680888	100.472	0.0995308	0.0284264	0.0230358
2133.54	0.00833333	0.963011	0.607455	0.516215	0.204125	0.242861	0.594852	0.419089	0.393805	0.537337	0.753227	0.899311	0.093689	0.0625758	0.195248	0.585555	0.170303	99.3929	0.0984726	0.0289546	0.0173313
2133.57	0.00833333	0.942376	0.814421	0.791149	0.242184	0.529573	0.235268	0.993561	0.36322	0.388217	0.322178	0.438836	0.740492	0.675385	0.402845	0.78622	0.205818	100.739	0.0997133	0.0214224	0.0411647
2133.59	0.00833333	0.948119	0.721644	0.591712	0.59247	0.343617	0.699485	0.882006	0.552227	0.220658	0.138184	0.742451	0.233801	0.835374	0.533351	0.14404	0.737498	101.256	0.0997844	0.027791	0.0266606
2133.59	0.00833333	0.964401	0.516284	0.870571	0.540624	0.913057	0.619975	0.272413	0.14225	0.774418	0.280314	0.803283	0.339151	0.180824	0.174212	0.376811	0.0903195	98.7464	0.0977962	0.0282397	0.0225134
2133.59	0.00833333	0.944297	0.927649	0.346086	0.699257	0.116812	0.676897	0.648319	0.935781	0.229874	0.114333	0.635359	0.212098	0.691353	0.617699	0.0794214	0.0946356	102.063	0.0991852	0.0198636	0.0427108
2133.63	0.00833333	0.950806	0.675355	0.40718	0.305423	0.430261	0.457376	0.365945	0.194819	0.513608	0.2246	0.850039	0.448592	0.776274	0.934505	0.33267	0.57284	100.44	0.0990238	0.0295431	0.0118053
2133.65	0.00833333	0.958053	0.549971	0.797171	0.481858	0.0822398	0.0864991	0.593842	0.341525	0.446151	0.606297	0.441771	0.455231	0.909719	0.166907	0.346289	0.238184	99.129	0.0993844	0.0252812	0.0352411
2133.68	0.00833333	0.961093	0.543765	0.611351	0.812069	0.329206	0.450772	0.536625	0.217834	0.501483	0.227765	0.653502	0.413197	0.39275	0.17458	0.455326	0.457095	100.156	0.0989266	0.0248722	0.0347553
2133.73	0.00833333	0.944573	0.440239	0.565563	0.955383	0.367396	0.398618	0.544091	0.14028	0.616998	0.69988	0.202026	0.147478	0.211821	0.572161	0.0399309	0.0213868	99.5024	0.0996514	0.0296458	0.0172773
2133.74	0.00833333	0.961909	0.617886	0.333503	0.0525082	0.30338	0.497062	0.281144	0.584589	0.323046	0.0137169	0.256713	0.323871	0.945829	0.638468	0.467067	0.663133	98.645	0.0990926	0.0283362	0.0221804
2133.92	0.00833333	0.969916	0.861821	0.21141	0.321118	0.12374	0.299239	0.22949	0.848804	0.101968	0.160485	0.983979	0.503847	0.451418	0.492451	0.224759	0.49535	100.098	0.0971498	0.0263285	0.0295091
2133.95	0.00833333	0.967876	0.922909	0.090576	0.139	0.157648	0.421873	0.12293	0.639424	0.549131	0.0824147	0.395445	0.688357	0.464552	0.202395	0.36852	0.475456	97.8089	0.097951	0.0290913	0.0146338
2133.95	0.00833333	0.948457	0.881275	0.862512	0.328436	0.532435	0.655134	0.561288	0.48283	0.0510293	0.947019	0.656478	0.129479	0.77738	0.524897	0.15089	0.407037	100.248	0.0997416	0.0288179	0.0227892
2133.96	0.00833333	0.952309	0.276392	0.51867	0.465523	0.230715	0.640202	0.0234993	0.295633	0.5857	0.486425	0.509511	0.581993	0.46088	0.196361	0.74776	0.00278164	100.658	0.0987043	0.0198146	0.0423501
2133.98	0.00833333	0.94886	0.464053	0.0494364	0.530844	0.153564	0.236218	0.260678	0.396861	0.365028	0.00149217	0.468489	0.971965	0.829959	0.713216	0.698517	0.187095	98.0219	0.0995703	0.020413	0.0431012
2134.02	0.00833333	0.957473	0.492868	0.663439	0.695352	0.151958	0.488231	0.59574	0.882074	0.441038	0.0516897	0.563845	0.130337	0.310864	0.171293	0.155055	0.0336142	95.8646	0.0998757	0.0299218	0.0155159
2134.02	0.00833333	0.956534	0.566472	0.521032	0.0134457	0.76881	0.58086	0.69355	0.650382	0.516708	0.0183984	0.802721	0.0500383	0.0424526	0.143656	0.577302	0.00313134	99.7909	0.099675	0.0230062	0.0387466
2134.03	0.00833333	0.945948	0.73041	0.363512	0.317614	0.156168	0.099377	0.0242961	0.439415	0.558621	0.336857	0.195222	0.0650781	0.990637	0.240662	0.528066	0.972499	99.821	0.0996505	0.020888	0.0419163
2134.04	0.00833333	0.956225	0.772847	0.152055	0.353803	0.880328	0.1915	0.633782	0.381367	0.793595	0.259703	0.223643	0.397545	0.108581	0.4929	0.243949	0.041254	101.928	0.0974331	0.0211699	0.0403863
2134.05	0.00833333	0.943203	0.751461	0.90369	0.421251	0.0270511	0.448189	0.1481	0.569965	0.312747	0.458457	0.651379	0.904456	0.0830454	0.848122	0.13708	0.371294	101.547	0.0988339	0.0204803	0.0419054
2134.07	0.00833333	0.945826	0.506857	0.0888285	0.178801	0.268555	0.970402	0.409934	0.527664	0.383243	0.32367	0.413619	0.342754	0.730157	0.116696	0.66855	0.0161573	101.077	0.099102	0.0238551	0.0373255
2134.1	0.00833333	0.956295	0.342891	0.612157	0.110923	0.42917	0.646835	0.44687	0.253794	0.432418	0.532616	0.948406	0.285373	0.476586	0.36093	0.842008	0.287541	98.0074	0.0992797	0.028843	0.0212028
2134.1	0.00833333	0.962201	0.788501	0.0191583	0.214556	0.730903	0.389089	0.648213	0.650202	0.309535	0.639208	0.538293	0.997651	0.222938	0.645815	0.225245	0.0557744	99.0645	0.0988965	0.0287741	0.0168044
2134.13	0.00833333	0.937098	0.769272	0.754486	0.418666	0.645977	0.817128	0.510017	0.843859	0.88754	0.234604	0.562312	0.220601	0.182725	0.841914	0.925156	0.302266	99.8768	0.0995578	0.0149517	0.0465583
2134.14	0.00833333	0.94196	0.45063	0.0187642	0.845191	0.574545	0.658738	0.455845	0.368578	0.00960229	0.539947	0.435527	0.842531	0.966229	0.707799	0.196559	0.327188	102.2	0.0989236	0.0295096	0.0119207
2134.16	0.00833333	0.943366	0.746354	0.565261	0.805465	0.309667	0.441513	0.608569	0.625236	0.827618	0.439886	0.727499	0.510055	0.85521	0.679653	0.321066	0.35174	100.775	0.0991584	0.0288741	0.019987
2134.16	0.00833333	0.956842	0.38525	0.649154	0.600906	0.561299	0.704899	0.167112	0.861593	0.921788	0.0249249	0.328584	0.730976	0.107725	0.175213	0.266567	0.736926	97.931	0.0997736	0.0296383	0.0123449
2134.17	0.00833333	0.954	0.692924	0.0628436	0.444902	0.566991	0.486577	0.343685	0.819765	0.460159	0.0784347	0.0643469	0.113866	0.271658	0.154829	0.68979	0.622766	100.079	0.0994041	0.0225101	0.0398427
2134.18	0.00833333	0.965155	0.575034	0.987792	0.610602	0.289948	0.117635	0.774178	0.690352	0.864357	0.402831	0.100009	0.445483	0.277493	0.127148	0.0773831	0.405999	98.183	0.0992646	0.0284971	0.0208387
2134.2	0.00833333	0.956779	0.629094	0.0702603	0.981643	0.499695	0.0947064	0.426568	0.702558	0.665515	0.592451	0.820269	0.122434	0.623681	0.185286	0.72847	0.513786	98.7573	0.0998632	0.0289115	0.0192752
2134.21	0.00833333	0.961524	0.812845	0.141365	0.620041	0.165274	0.290001	0.492659	0.583923	0.738865	0.477431	0.702414	0.888456	0.550473	0.697286	0.820486	0.281552	97.6471	0.0997172	0.0252899	0.0344485
2134.24	0.00833333	0.949071	0.55228	0.13468	0.244615	0.104377	0.390999	0.0155064	0.8795	0.575332	0.55458	0.563567	0.302834	0.577424	0.808064	0.211321	0.489551	99.7501	0.0996345	0.0288618	0.0226947
2134.3	0.00833333	0.955943	0.282795	0.708933	0.101482	0.481728	0.881366	0.0469822	0.726495	0.278338	0.40007	0.461079	0.763426	0.461446	0.678367	0.716023	0.195063	101.055	0.0981036	0.0276567	0.0254287
2134.31	0.00833333	0.936726	0.674351	0.557069	0.36655	0.143438	0.0050531	0.782096	0.514875	0.383331	0.265568	0.560257	0.430866	0.434816	0.408702	0.882033	0.37268	98.3081	0.0997401	0.010115	0.0484903
2134.34	0.00833333	0.956631	0.168094	0.0232134	0.643895	0.705107	0.969922	0.752305	0.408246	0.129446	0.459665	0.442713	0.357203	0.244449	0.100666	0.890388	0.226402	99.771	0.098827	0.0291452	0.0142703
2134.35	0.00833333	0.947588	0.321964	0.717986	0.122366	0.321909	0.542709	0.512169	0.518125	0.365585	0.212106	0.638306	0.730354	0.213161	0.607454	0.507861	0.403574	99.299	0.0996751	0.0243858	0.037887
2134.38	0.00833333	0.956374	0.510616	0.217681	0.0573201	0.0642882	0.879886	0.677706	0.948489	0.480975	0.102193	0.601441	0.226572	0.638179	0.725255	0.437583	0.048607	98.5668	0.0988735	0.0270013	0.0309291
2134.41	0.00833333	0.948325	0.142134	0.842129	0.525053	0.347856	0.214253	0.361086	0.515618	0.436309	0.290957	0.689068	0.598796	0.855533	0.652305	0.776932	0.417214	99.5352	0.0990784	0.0219416	0.0408777
2134.41	0.00833333	0.954496	0.811958	0.26502	0.2932	0.413774	0.803691	0.634849	0.802112	0.271776	0.485719	0.556488	0.997245	0.646395	0.0743408	0.277049	0.290332	97.6271	0.0987938	0.0294406	0.00163703
2134.45	0.00833333	0.959901	0.906092	0.15406	0.523863	0.677818	0.12039	0.382659	0.444156	0.804448	0.0454004	0.287922	0.812181	0.766916	0.66361	0.517172	0.420081	98.4539	0.0992009	0.0296262	0.00633721
2134.47	0.00833333	0.944116	0.0701152	0.386295	0.891915	0.69746	0.663969	0.266425	0.498247	0.851697	0.88906	0.49282	0.744629	0.167421	0.556062	0.599142	0.080827	99.8891	0.0996768	0.024567	0.0368309
2134.47	0.00833333	0.967974	0.247566	0.584422	0.325778	0.555109	0.120693	0.320386	0.610819	0.796987	0.307217	0.152	0.786353	0.386609	0.727365	0.328224	0.386811	96.4607	0.0996421	0.0293358	0.0143632
2134.47	0.00833333	0.948089	0.947854	0.0455724	0.641301	0.681309	0.65257	0.692008	0.353752	0.413908	0.37733	0.662631	0.526694	0.376909	0.424466	0.0121192	0.258692	101.817	0.0983742	0.0280952	0.0234573
2134.51	0.00833333	0.944195	0.99335	0.137899	0.672779	0.297986	0.0153853	0.323933	0.869462	0.578225	0.186992	0.577785	0.295644	0.196885	0.502903	0.616399	0.0437712	99.5885	0.0989935	0.0294698	0.0167344
2134.53	0.00833333	0.957812	0.50344	0.379247	0.917515	0.762868	0.511693	0.386149	0.0385478	0.680865	0.497189	0.593802	0.366101	0.263038	0.0565734	0.201888	0.458428	100.069	0.098593	0.0281168	0.0251805
2134.55	0.00833333	0.946621	0.589605	0.943973	0.41888	0.512708	0.132395	0.290294	0.659196	0.957926	0.0841356	0.401592	0.586309	0.73124	0.285037	0.445087	0.57517	100.384	0.0994194	0.0298031	0.0084947
2134.56	0.00833333	0.927975	0.721729	0.842798	0.46705	0.0372183	0.276199	0.178333	0.414443	0.846972	0.0924492	0.752203	0.254247	0.933583	0.380528	0.516921	0.253512	101.199	0.0983365	0.00486159	0.0481298
2134.62	0.00833333	0.946645	0.321808	0.549128	0.233711	0.376502	0.728321	0.248608	0.448857	0.0276634	0.325181	0.0287853	0.191274	0.512799	0.0791884	0.232831	0.985211	100.468	0.0999859	0.0244334	0.0366925
2134.65	0.00833333	0.94653	0.780918	0.612831	0.966032	0.162961	0.490842	0.427654	0.865862	0.322677	0.103002	0.00943029	0.255834	0.534005	0.346246	0.20907	0.253275	100.947	0.0987354	0.0261465	0.033084
2134.66	0.00833333	0.961327	0.97163	0.49627	0.796849	0.133989	0.267726	0.0699835	0.464486	0.198273	0.996199	0.391723	0.478217	0.668423	0.526881	0.0395597	0.437012	101.191	0.0975962	0.0274843	0.0256058
2134.67	0.00833333	0.95474	0.621707	0.334926	0.814126	0.142581	0.998729	0.460797	0.69708	0.257442	0.644232	0.989911	0.545024	0.347221	0.367687	0.570642	0.202025	100.062	0.0992953	0.0232406	0.038689
2134.68	0.00833333	0.95164	0.104617	0.627145	0.536915	0.585494	0.260012	0.302257	0.944309	0.68294	0.734838	0.292866	0.845179	0.237376	0.165238	0.420608	0.284411	101.755	0.0981432	0.0286154	0.0183795
2134.68	0.00833333	0.948515	0.656734	0.977149	0.225751	0.668424	0.967786	0.510727	0.684712	0.550598	0.0470682	0.728481	0.0996706	0.726842	0.850635	0.461474	0.270632	98.9585	0.0996987	0.0161401	0.0459085
2134.69	0.00833333	0.965573	0.437953	0.116133	0.365737	0.146755	0.410021	0.719851	0.548499	0.932127	0.104533	0.489286	0.500211	0.866809	0.399469	0.249708	0.60741	101.316	0.0972448	0.0282109	0.0198064
2134.72	0.00833333	0.951733	0.72061	0.0877456	0.473733	0.877375	0.224063	0.644417	0.758366	0.622913	0.0541284	0.499663	0.870409	0.452906	0.329312	0.73048	0.108278	99.8648	0.099381	0.0293896	0.0171581
2134.73	0.00833333	0.958658	0.0743355	0.567075	0.852601	0.909782	0.903368	0.519435	0.915125	0.377901	0.814585	0.657052	0.0668231	0.832701	0.00620285	0.0405385	0.0929485	95.7043	0.0993605	0.0297085	0.000485986
