distance	weight	r0	r1	r2	r3	r4	r5	r6	r7	r8	r9	r10	r11	r12	r13	r14	r15	tp	dr1	dr2	dr3
2124.72	0.00833333	0.942827	0.633743	0.390476	0.627031	0.0574355	0.128421	0.263133	0.318525	0.120546	0.0582764	0.181541	0.284275	0.292873	0.00994802	0.0212772	0.0579225	99.3363	0.0999887	0.0299347	0.00713949
2124.74	0.00833333	0.949564	0.57977	0.293862	0.328068	0.634171	0.0894735	0.338102	0.730476	0.272392	0.0802795	0.849842	0.572332	0.114785	0.20995	0.00377637	0.0111779	97.9668	0.0999707	0.0298941	0.00572211
2124.74	0.00833333	0.95109	0.242384	0.373464	0.670029	0.331674	0.097174	0.280917	0.198792	0.0520707	0.0824996	0.329931	0.150169	0.0980909	0.0204313	0.0506746	0.0178022	98.343	0.0999342	0.0298542	0.0078978
2124.74	0.00833333	0.94554	0.732465	0.235927	0.718268	0.297673	0.106511	0.359724	0.454484	0.201724	0.118374	0.969946	0.645886	0.356179	0.133391	0.0460607	0.0021477	99.1347	0.0998866	0.0298057	0.00636457
2124.75	0.00833333	0.940708	0.724669	0.305118	0.268519	0.309045	0.0993393	0.488366	0.415162	0.207461	0.0577468	0.956692	0.624215	0.0280151	0.690617	0.0284155	0.0392793	98.5068	0.0999008	0.0299265	0.000703487
2124.76	0.00833333	0.94868	0.398698	0.0947125	0.74225	0.315571	0.0988653	0.409491	0.275011	0.136754	0.108018	0.17541	0.149418	0.168234	0.0594938	0.0769131	0.0547329	98.4589	0.0999512	0.0299084	0.0050377
2124.79	0.00833333	0.943388	0.621507	0.0748842	0.678791	0.571942	0.131392	0.133166	0.47361	0.167109	0.0407822	0.471159	0.135463	0.218267	0.31091	0.056057	0.0451266	98.8172	0.09996	0.0298689	0.003864
2124.79	0.00833333	0.943264	0.232333	0.191161	0.834216	0.155404	0.0995009	0.738197	0.209053	0.156376	0.041854	0.985719	0.617457	0.385171	0.119725	0.0421824	0.0716494	99.0058	0.0999421	0.0299001	0.00468889
2124.8	0.00833333	0.947658	0.134655	0.0735558	0.239178	0.716896	0.0026416	0.8279	0.718436	0.0113554	0.0209568	0.895251	0.700178	0.102604	0.239834	0.00175182	0.0322448	98.799	0.099869	0.029712	0.0107829
2124.81	0.00833333	0.947885	0.500237	0.263116	0.231441	0.419505	0.149241	0.344914	0.345822	0.38037	0.0316645	0.441847	0.435942	0.101632	0.401158	0.00407221	0.00781915	99.2944	0.0999462	0.0296095	0.0151614
2124.81	0.00833333	0.94656	0.463379	0.372321	0.376739	0.427162	0.0689958	0.465659	0.532641	0.255542	0.00148091	0.377723	0.115319	0.924331	0.044825	0.0309107	0.0188979	98.8251	0.0998367	0.0298061	0.00727664
2124.81	0.00833333	0.947414	0.661987	0.207606	0.90783	0.679692	0.0829118	0.0357441	0.777836	0.0515245	0.0571916	0.253981	0.186204	0.218948	0.127153	0.0254985	0.00579905	99.413	0.0999918	0.0296903	0.012793
2124.81	0.00833333	0.945938	0.698018	0.227032	0.560344	0.315423	0.0987427	0.815915	0.976594	0.474573	0.0133842	0.852284	0.192906	0.332132	0.0371438	0.0455574	0.0557662	99	0.0999362	0.0297996	0.00846902
2124.82	0.00833333	0.94634	0.0710051	0.933851	0.579593	0.0403302	0.0396104	0.62266	0.356128	0.368227	0.0195401	0.452606	0.0822106	0.249386	0.131688	0.0415148	0.0212397	99.4897	0.0999051	0.0298344	0.00762685
2124.83	0.00833333	0.944544	0.752291	0.301884	0.512666	0.166496	0.0979333	0.607032	0.398582	0.236356	0.0852052	0.04377	0.714851	0.0202002	0.283074	0.0606791	0.0234054	99.2337	0.0999765	0.029872	0.0061729
2124.83	0.00833333	0.952131	0.351394	0.146812	0.861802	0.557092	0.115623	0.859577	0.501898	0.103407	0.0785844	0.656224	0.652084	0.438693	0.301697	0.0345998	0.0126836	98.438	0.0999828	0.0297016	0.0130866
2124.83	0.00833333	0.943549	0.598053	0.388064	0.384183	0.126631	0.214699	0.637228	0.924885	0.029341	0.120961	0.695886	0.155274	0.0465278	0.508516	0.0672375	0.0343132	98.6866	0.0999969	0.0299325	0.00477721
2124.83	0.00833333	0.94485	0.269837	0.431213	0.840903	0.31771	0.0286527	0.576074	0.221903	0.0488611	0.0629068	0.442405	0.880578	0.627908	0.271386	0.0314454	0.00277786	98.8489	0.0999177	0.02989	0.00526108
2124.84	0.00833333	0.943896	0.454016	0.272512	0.722808	0.446691	0.0847131	0.631106	0.610486	0.0764311	0.019694	0.325365	0.751184	0.385908	0.116435	0.0256896	0.021023	98.8908	0.0999177	0.0299243	0.00794222
2124.85	0.00833333	0.95139	0.507109	0.0533065	0.0418225	0.262632	0.13221	0.267867	0.878879	0.209765	0.0652561	0.0728542	0.581803	0.00675589	0.0672444	0.0411611	0.0112386	98.2549	0.0999814	0.0297633	0.00807527
2124.86	0.00833333	0.946904	0.154474	0.585275	0.68874	0.371335	0.000852078	0.475771	0.173018	0.119798	0.0860665	0.266134	0.653438	0.023261	0.0295183	0.0376639	0.0021589	97.6136	0.0999236	0.0299336	0.00249492
2124.86	0.00833333	0.945387	0.860126	0.66639	0.804939	0.125254	0.0456998	0.182719	0.11377	0.536924	0.0786062	0.0462182	0.821234	0.0292868	0.18538	0.0185017	0.0125917	98.5755	0.0999795	0.0298105	0.00986489
2124.86	0.00833333	0.949351	0.157659	0.233631	0.656155	0.308439	0.0635784	0.367459	0.501482	0.0600457	0.0614061	0.614876	0.481353	0.226695	0.0938607	0.0194853	0.0161853	97.6218	0.0999508	0.0298861	0.00870354
2124.86	0.00833333	0.946835	0.202093	0.196955	0.316344	0.352034	0.232817	0.249	0.607943	0.158972	0.0464152	0.450706	0.0702654	0.74281	0.226083	0.0524865	0.00531941	99.0489	0.0998662	0.0298337	0.00842971
2124.87	0.00833333	0.945844	0.110335	0.117016	0.331067	0.14505	0.217401	0.633668	0.388762	0.264082	0.0517826	0.903158	0.52398	0.143799	0.778683	0.0261299	0.0541617	98.8025	0.0999801	0.0298477	0.00587877
2124.87	0.00833333	0.950528	0.508574	0.440374	0.95484	0.142545	0.0416607	0.392581	0.664378	0.0496693	0.0517994	0.271758	0.529915	0.535012	0.188151	0.0113101	0.0126369	97.84	0.0998613	0.0298433	0.00660224
2124.87	0.00833333	0.945143	0.127991	0.961567	0.563974	0.224533	0.0617421	0.615739	0.871437	0.276665	0.0176034	0.310192	0.446974	0.317509	0.0358501	0.0161624	0.0196621	99.2774	0.0999456	0.0298612	0.00627828
2124.88	0.00833333	0.947319	0.417423	0.345245	0.824906	0.591751	0.0340917	0.384991	0.442996	0.334183	0.0568903	0.962557	0.587108	0.0522475	0.284823	0.0160695	0.0353333	98.3073	0.099965	0.0298949	0.00283662
2124.88	0.00833333	0.94712	0.234726	0.242044	0.728698	0.531429	0.140853	0.0128846	0.00349949	0.247424	0.0783892	0.419865	0.0419855	0.294995	0.276847	0.0432995	0.0372965	98.4997	0.0999885	0.02994	0.00430954
2124.88	0.00833333	0.949465	0.844461	0.0905943	0.112543	0.0988915	0.00520411	0.848579	0.437119	0.0877515	0.13534	0.430463	0.357561	0.310012	0.318187	0.00535607	0.037719	97.9778	0.099993	0.0298704	0.00739858
2124.88	0.00833333	0.946271	0.46255	0.925405	0.230753	0.504047	0.140811	0.876557	0.992065	0.160958	0.0486244	0.706506	0.0205437	0.395716	0.0513972	0.00255046	0.0305646	98.2982	0.0999993	0.0299187	0.00172392
2124.88	0.00833333	0.945076	0.844552	0.254407	0.190261	0.141363	0.0271911	0.50325	0.815724	0.025335	0.0931458	0.684002	0.716622	0.607194	0.557693	0.0262899	0.0295319	98.7286	0.0999004	0.0298143	0.00537764
2124.88	0.00833333	0.947834	0.321373	0.497401	0.0620332	0.445289	0.0551924	0.335873	0.00870412	0.124885	0.176871	0.722943	0.379529	0.241086	0.390389	0.0327476	0.0248923	97.6895	0.0999852	0.0299332	0.00655495
2124.88	0.00833333	0.947844	0.231522	0.240982	0.453856	0.251348	0.0318918	0.359044	0.384808	0.186052	0.0424756	0.138459	0.236513	0.193813	0.154927	0.0422608	0.047766	98.4815	0.0999666	0.02988	0.00467446
2124.89	0.00833333	0.946503	0.374952	0.14972	0.971651	0.307734	0.158977	0.685012	0.278238	0.184561	0.229001	0.249553	0.147123	0.377098	0.0943635	0.0187834	0.0627823	99.0681	0.0999168	0.0297925	0.00842239
2124.89	0.00833333	0.945872	0.46537	0.230132	0.588975	0.623019	0.113867	0.698977	0.084736	0.19743	0.0545879	0.00677267	0.500539	0.334483	0.0251826	0.0335101	0.0172032	99.178	0.0999065	0.0298045	0.00752131
2124.89	0.00833333	0.947922	0.493741	0.154684	0.0525714	0.484398	0.149165	0.300665	0.380854	0.107857	0.0418555	0.602902	0.78564	0.429886	0.18515	0.0547964	0.00630908	98.2037	0.0999826	0.0299319	0.00571773
2124.9	0.00833333	0.949005	0.721779	0.061431	0.168718	0.306412	0.0577457	0.137625	0.949591	0.0151762	0.0520488	0.678795	0.23684	0.0202284	0.2395	0.0857405	0.000816016	97.5965	0.0999938	0.0298967	0.00818785
2124.9	0.00833333	0.945797	0.912993	0.390747	0.587019	0.210034	0.103778	0.0371464	0.723284	0.276249	0.129764	0.159468	0.567647	0.20989	0.161829	0.0286172	0.00444116	98.8191	0.0999139	0.0297826	0.00961537
2124.9	0.00833333	0.944942	0.357979	0.352763	0.585846	0.56918	0.0342811	0.365309	0.360386	0.499611	0.139951	0.0641217	0.221292	0.297256	0.216834	0.00252414	0.0261363	98.5303	0.0999194	0.0298338	0.0033003
2124.92	0.00833333	0.947711	0.557561	0.256529	0.332266	0.147476	0.00607259	0.98506	0.573269	0.353528	0.0322523	0.742458	0.167059	0.0437336	0.0433569	0.0469449	0.00307078	98.9912	0.0998928	0.0298222	0.00791074
2124.92	0.00833333	0.951032	0.353638	0.338093	0.0786825	0.244769	0.0306411	0.29094	0.669044	0.305749	0.0323246	0.98333	0.301228	0.00954018	0.584817	0.0569641	0.0207739	98.1788	0.0999964	0.0297884	0.0118512
2124.92	0.00833333	0.941509	0.996639	0.130923	0.622541	0.222741	0.159922	0.616063	0.147981	0.0680687	0.0142789	0.458228	0.638168	0.781323	0.0251465	0.00536044	0.0201661	99.3534	0.0999991	0.029923	0.000198346
2124.93	0.00833333	0.945139	0.235285	0.53692	0.502155	0.616498	0.236132	0.902894	0.167773	0.254319	0.0217146	0.0270506	0.142233	0.366627	0.17387	0.00118447	0.022093	98.5276	0.0999064	0.0298646	0.00524744
2124.93	0.00833333	0.950179	0.792772	0.399315	0.560517	0.626149	0.0585674	0.732718	0.709255	0.0477687	0.00364613	0.65834	0.141489	0.310498	0.260732	0.0578444	0.031741	98.3171	0.0999853	0.0298688	0.00863908
2124.94	0.00833333	0.943287	0.815868	0.194882	0.549086	0.390511	0.0483689	0.490404	0.492149	0.00286511	0.0663198	0.632555	0.664631	0.432066	0.471864	0.0991243	0.00639004	98.8231	0.0998812	0.0298277	0.000957068
2124.94	0.00833333	0.94554	0.842849	0.119038	0.724106	0.251452	0.0388542	0.0601873	0.788992	0.0980728	0.13565	0.175025	0.408142	0.0383402	0.0981028	0.05347	0.00912434	98.9777	0.0999327	0.029821	0.00982241
2124.94	0.00833333	0.951288	0.398914	0.27968	0.624714	0.216595	0.0860888	0.507925	0.2566	0.163678	0.038928	0.466278	0.366285	0.191097	0.213408	0.0192656	0.0218792	98.4245	0.0999595	0.0298005	0.00859888
2124.94	0.00833333	0.946929	0.0656921	0.290543	0.128673	0.142271	0.0294721	0.719198	0.592265	0.570022	0.00450745	0.29595	0.427062	0.375834	0.0317051	0.0698099	0.0239754	98.8745	0.099925	0.0298185	0.00763596
2124.95	0.00833333	0.949277	0.169629	0.781743	0.53885	0.366573	0.0186294	0.248487	0.0161245	0.110567	0.0573895	0.148452	0.0585144	0.488006	0.316085	0.0302882	0.0335646	98.2984	0.0999908	0.0298586	0.00427994
2124.95	0.00833333	0.947322	0.31263	0.721996	0.44703	0.308781	0.0104084	0.321493	0.597097	0.182696	0.0407805	0.448281	0.293514	0.110245	0.409461	0.0432753	0.00556224	98.7585	0.0998642	0.0297782	0.00871934
2124.96	0.00833333	0.952594	0.902651	0.0164449	0.804441	0.74116	0.00387029	0.65615	0.086889	0.00925694	0.108522	0.339635	0.22391	0.0824476	0.0411361	0.00501833	0.000753632	97.5941	0.0999473	0.0297069	0.0115251
2124.96	0.00833333	0.944794	0.371882	0.193462	0.522969	0.559569	0.160162	0.55152	0.0781136	0.128172	0.0766956	0.505868	0.451612	0.148857	0.0779928	0.0194522	0.02601	99.2896	0.0999813	0.0298543	0.0100901
2124.96	0.00833333	0.946903	0.888292	0.219556	0.520903	0.150823	0.0638623	0.465293	0.712916	0.181562	0.0668047	0.780155	0.466364	0.437651	0.356086	0.042457	0.0198803	98.7804	0.0999703	0.0297109	0.0110345
2124.96	0.00833333	0.947113	0.550427	0.131865	0.734814	0.574739	0.00980043	0.249051	0.694951	0.458908	0.0644127	0.945468	0.365534	0.360195	0.17114	0.0855938	0.0651638	99.3051	0.0999285	0.0298092	0.00769018
2124.97	0.00833333	0.944446	0.861901	0.618398	0.648984	0.143395	0.128379	0.131316	0.810092	0.0586541	0.029751	0.58958	0.53975	0.255051	0.0097771	0.0231671	0.00421556	98.9876	0.0999511	0.0297996	0.00278494
2124.97	0.00833333	0.945063	0.626877	0.439243	0.193725	0.240996	0.148456	0.268205	0.517594	0.0136695	0.143078	0.593998	0.215522	0.511143	0.00120177	0.0133813	0.0495103	98.6873	0.0998769	0.029881	0.00507829
2124.97	0.00833333	0.947179	0.100116	0.111109	0.0365356	0.376736	0.0681012	0.300601	0.371391	0.104447	0.0881814	0.921013	0.420965	0.582469	0.308777	0.0366189	0.0160847	99.0503	0.0999588	0.0297586	0.0115411
2124.98	0.00833333	0.946878	0.246168	0.0434212	0.552142	0.0836396	0.139558	0.508697	0.889717	0.250144	0.115505	0.739512	0.571008	0.172822	0.232765	0.0164074	0.00258442	99.3938	0.0999658	0.0298013	0.0111244
2124.98	0.00833333	0.944849	0.557853	0.143586	0.976724	0.523687	0.0524331	0.643759	0.590282	0.203724	0.0183762	0.0131239	0.632225	0.300162	0.17364	0.0346211	0.0461317	99.0146	0.0999127	0.0298128	0.0043291
2124.98	0.00833333	0.9487	0.45386	0.00669432	0.913985	0.495721	0.0233204	0.7191	0.291974	0.161554	0.115859	0.304457	0.0148372	0.422286	0.046987	0.00569776	0.0194038	97.7823	0.0999488	0.0298976	0.0060513
2124.99	0.00833333	0.951983	0.428571	0.331762	0.0718597	0.39303	0.0149146	0.376429	0.947341	0.150786	0.0524794	0.729626	0.452287	0.0950698	0.432651	0.0495361	0.0460717	97.5421	0.0999676	0.0297478	0.0110602
2124.99	0.00833333	0.94934	0.464033	0.0370083	0.816507	0.197266	0.0660866	0.318475	0.134016	0.190014	0.0629518	0.295263	0.303261	0.412642	0.36452	0.0189716	0.0301481	98.1582	0.0999831	0.0298568	0.00232787
2124.99	0.00833333	0.946563	0.893871	0.00881808	0.893781	0.285168	0.0128153	0.267609	0.411748	0.0890225	0.122933	0.153699	0.185092	0.261426	0.153581	0.0674113	0.0204796	99.2065	0.0998399	0.0297919	0.00466789
2124.99	0.00833333	0.948813	0.446536	0.0398961	0.129806	0.0933189	0.126472	0.682557	0.835432	0.0836644	0.129094	0.778647	0.648339	0.540942	0.182094	0.0277984	0.0255404	98.1813	0.0999346	0.0298602	0.00668762
2125	0.00833333	0.948044	0.733741	0.430268	0.90506	0.25665	0.15821	0.408184	0.186604	0.280895	0.145781	0.437832	0.707105	0.082136	0.238451	0.0283394	0.0118419	98.741	0.0998513	0.0297033	0.0114603
2125	0.00833333	0.943205	0.138583	0.222323	0.133025	0.324426	0.177975	0.757169	0.109244	0.192462	0.120408	0.850821	0.54704	0.542726	0.380314	0.0890693	0.0253022	99.4874	0.0999299	0.029901	0.00202177
2125	0.00833333	0.948317	0.105154	0.633375	0.186973	0.0633577	0.00616794	0.685392	0.621371	0.210537	0.0292207	0.64447	0.100144	0.0112464	0.160491	0.0291756	0.0467741	98.4088	0.0999472	0.02983	0.0024685
2125	0.00833333	0.946758	0.67218	0.68912	0.160537	0.131184	0.0468788	0.311269	0.686389	0.485587	0.0114107	0.950381	0.296619	0.381769	0.053991	0.0565427	0.0576545	98.8499	0.0998902	0.0298002	0.00940794
2125	0.00833333	0.947721	0.653142	0.0141122	0.714302	0.125216	0.176992	0.831876	0.945181	0.270459	0.0164669	0.188078	0.00919995	0.40594	0.14553	0.0169348	0.0523648	98.7859	0.0998801	0.0297237	0.00696591
2125	0.00833333	0.949801	0.335144	0.0730745	0.269695	0.105893	0.124992	0.466687	0.842413	0.17121	0.0437721	0.506521	0.110124	0.287499	0.116822	0.0493009	0.00128583	99.3927	0.0998824	0.0295908	0.0125685
2125	0.00833333	0.95107	0.462552	0.18568	0.327051	0.207438	0.0156468	0.23649	0.289088	0.089347	0.0923852	0.504786	0.78619	0.0721052	0.150249	0.0220377	0.0620977	97.7888	0.0999891	0.0298438	0.00802933
2125.01	0.00833333	0.948135	0.665649	0.217338	0.049609	0.157064	0.120245	0.204788	0.588241	0.0124709	0.0645246	0.456956	0.521662	0.197122	0.0201399	0.0185911	0.0515266	98.1394	0.0999759	0.029948	0.0072718
2125.01	0.00833333	0.946614	0.523073	0.0838018	0.00666483	0.415675	0.053772	0.0165429	0.848499	0.197844	0.0121687	0.470958	0.38574	0.141445	0.0485778	0.0281542	0.0132873	98.0398	0.0999766	0.0299244	0.00165135
2125.01	0.00833333	0.954718	0.358305	0.142736	0.554515	0.131146	0.0395163	0.225392	0.158994	0.111062	0.170181	0.45891	0.331004	0.310634	0.270265	0.0199487	0.0187833	97.9599	0.0997473	0.0296465	0.010969
2125.01	0.00833333	0.950659	0.685005	0.306836	0.246338	0.600666	0.160113	0.17458	0.61732	0.0813614	0.0208422	0.971965	0.267569	0.395181	0.270577	0.0673021	0.0314696	98.4557	0.0999583	0.0298093	0.00645023
2125.02	0.00833333	0.946353	0.238296	0.380079	0.16426	0.218048	0.30842	0.198584	0.218021	0.0853608	0.105288	0.782174	0.84561	0.0962804	0.202977	0.0540932	0.0223066	99.3081	0.0999912	0.029775	0.00763668
2125.02	0.00833333	0.948313	0.30996	0.0323391	0.832162	0.2036	0.0806137	0.0537313	0.179316	0.000757858	0.0461554	0.738748	0.390861	0.793068	0.105678	0.04598	0.0648102	97.5594	0.0999458	0.0298727	0.00419044
2125.02	0.00833333	0.94883	0.14189	0.285959	0.514638	0.24847	0.0606893	0.734766	0.475978	0.302414	0.0893177	0.674995	0.722709	0.556691	0.297344	0.00444341	0.00304707	98.2948	0.0999409	0.0299288	0.00665339
2125.03	0.00833333	0.949472	0.0267165	0.1865	0.337076	0.273624	0.127662	0.0192821	0.831807	0.0462462	0.118159	0.505246	0.0500791	0.323702	0.181155	0.0138374	0.00281066	98.1226	0.0999597	0.0298358	0.00943961
2125.03	0.00833333	0.94598	0.856802	0.5118	0.280756	0.308504	0.00162533	0.591615	0.824537	0.0507453	0.0796755	0.867267	0.54645	0.259033	0.288192	0.00550678	0.0524226	99.0051	0.0999487	0.0299032	0.00804149
2125.03	0.00833333	0.945718	0.504066	0.925959	0.497095	0.544796	0.0371782	0.433952	0.766893	0.19556	0.0809762	0.486665	0.318252	0.19918	0.30306	0.0610695	0.00831581	98.9655	0.0999968	0.0298777	0.0075493
2125.03	0.00833333	0.947643	0.028155	0.16649	0.0304968	0.543497	0.0747076	0.167346	0.397163	0.216718	0.118954	0.908283	0.44835	0.339126	0.177278	0.000737514	0.0143209	97.5916	0.0999627	0.0299216	0.00277494
2125.03	0.00833333	0.948954	0.379228	0.752337	0.148395	0.185635	0.0505195	0.623695	0.339798	0.270688	0.0866713	0.597132	0.30689	0.557094	0.320997	0.0381994	0.00666628	99.3677	0.0998946	0.0296716	0.0131869
2125.03	0.00833333	0.950219	0.9761	0.530401	0.361049	0.372292	0.173505	0.263468	0.457848	0.0250266	0.0709939	0.913102	0.476049	0.0383705	0.861615	0.0547651	0.01226	98.6084	0.099992	0.0294948	0.0160604
2125.03	0.00833333	0.945682	0.257786	0.155795	0.688983	0.618821	0.154872	0.923434	0.728606	0.110469	0.0793376	0.506911	0.602974	0.192292	0.162389	0.0184582	0.0426158	98.6584	0.099991	0.029788	0.00869519
2125.04	0.00833333	0.945457	0.901074	0.236836	0.841427	0.204494	0.226815	0.970156	0.93685	0.0237357	0.083763	0.349401	0.185749	0.102454	0.130184	0.011239	0.0170116	98.9483	0.0998802	0.029816	0.00590884
2125.04	0.00833333	0.948267	0.417379	0.357557	0.429163	0.256468	0.148372	0.439356	0.983927	0.0223532	0.124761	0.0924237	0.162283	0.0135735	0.0210714	0.00238203	0.0285269	98.3632	0.0999893	0.0299154	0.0054123
2125.04	0.00833333	0.943942	0.35668	0.0859103	0.81195	0.140982	0.0806354	0.60084	0.242043	0.166015	0.0425772	0.528212	0.200744	0.327573	0.258744	0.073168	0.0810291	98.7576	0.0999843	0.0298339	0.00578631
2125.04	0.00833333	0.947205	0.745341	0.079977	0.112735	0.160527	0.115907	0.400559	0.442703	0.27389	0.0219258	0.512488	0.403164	0.320191	0.0168089	0.0908985	0.00651397	97.756	0.0999737	0.0299477	0.00561497
2125.04	0.00833333	0.951348	0.16521	0.106623	0.506101	0.235712	0.0734605	0.998657	0.547718	0.0711996	0.0105687	0.917967	0.997453	0.439797	0.0642177	0.00891656	0.0288179	98.1882	0.0999781	0.0296532	0.0138036
2125.04	0.00833333	0.949529	0.576244	0.473207	0.758066	0.329117	0.0122862	0.85497	0.336898	0.547491	0.0293673	0.48704	0.392654	0.580871	0.407693	0.0572026	0.000884545	99.0612	0.0998233	0.0296445	0.0124538
2125.04	0.00833333	0.949183	0.755619	0.0800545	0.546338	0.101744	0.047677	0.217222	0.484772	0.239823	0.049921	0.546273	0.133743	0.418917	0.234523	0.097421	0.0243827	99.3474	0.0999837	0.0297314	0.00933646
2125.04	0.00833333	0.946042	0.197566	0.276725	0.545298	0.10174	0.0523252	0.0005081	0.32676	0.0669474	0.124443	0.335276	0.389402	0.642947	0.258908	0.0346479	0.00539352	99.305	0.0998449	0.029834	0.00687547
2125.05	0.00833333	0.950843	0.649029	0.0408704	0.411987	0.429244	0.156473	0.552527	0.32227	0.0740551	0.144969	0.0543173	0.56998	0.097948	0.179777	0.110049	0.0188711	97.8357	0.0999581	0.0298277	0.00661212
2125.05	0.00833333	0.944229	0.199484	0.081096	0.078113	0.110978	0.0246344	0.17514	0.0752028	0.402313	0.0589053	0.973338	0.964407	0.352636	0.250877	0.0593042	0.00196293	99.4146	0.0998634	0.0297826	0.000397594
2125.05	0.00833333	0.945454	0.486781	0.0635814	0.998223	0.727032	0.0498882	0.613139	0.294177	0.145415	0.0676611	0.969073	0.08249	0.307473	0.0661826	0.0217084	0.0169456	98.6087	0.0998754	0.0298009	0.00906748
2125.05	0.00833333	0.944384	0.89709	0.26079	0.0416164	0.352657	0.0562207	0.172781	0.130177	0.351849	0.0597193	0.423268	0.58031	0.549122	0.089735	0.00010908	0.0236327	99.3006	0.099987	0.0298685	0.0100202
2125.05	0.00833333	0.947777	0.412681	0.244147	0.396949	0.4783	0.0345889	0.123222	0.513991	0.0183976	0.0660838	0.303421	0.102197	0.0208484	0.0476492	0.0893617	0.0136986	98.5109	0.0998062	0.0297235	0.00966591
2125.05	0.00833333	0.947327	0.53412	0.0859584	0.226147	0.0656199	0.0164352	0.184261	0.726256	0.10714	0.0060688	0.0491332	0.228155	0.302603	0.106658	0.0501211	0.0306977	99.3704	0.0999522	0.0296736	0.014456
2125.05	0.00833333	0.951087	0.148388	0.0733023	0.63136	0.188889	0.094933	0.603048	0.240029	0.0387057	0.0431088	0.197245	0.44154	0.129119	0.33053	0.115983	0.00158911	98.4995	0.099933	0.0298214	0.00694771
2125.05	0.00833333	0.953476	0.472579	0.247835	0.625788	0.0111756	0.113318	0.471503	0.369678	0.31223	0.0491548	0.856509	0.168085	0.171022	0.22586	0.0212665	0.0146153	97.7465	0.0998902	0.0297081	0.0114065
2125.06	0.00833333	0.946976	0.746007	0.134348	0.969126	0.27573	0.133	0.127409	0.835631	0.345084	0.0849879	0.541541	0.203785	0.0708047	0.0206624	0.0174287	0.0276155	98.3097	0.0999582	0.0299449	0.00331388
2125.06	0.00833333	0.948867	0.20642	0.254397	0.178911	0.338417	0.0486766	0.327433	0.294547	0.353718	0.0811259	0.205618	0.558584	0.191999	0.0803772	0.00886748	0.0391407	98.9005	0.099996	0.0295471	0.0153884
2125.06	0.00833333	0.945024	0.182716	0.477184	0.951505	0.163901	0.0202935	0.101776	0.382581	0.0112528	0.115234	0.199375	0.237874	0.186126	0.0433259	0.0767122	0.027659	98.6909	0.0999061	0.0298659	0.00629515
2125.06	0.00833333	0.953253	0.600427	0.125625	0.996195	0.406537	0.0984723	0.0323741	0.231478	0.239493	0.00188433	0.21999	0.904843	0.406167	0.028109	0.189153	0.032864	98.1657	0.0999021	0.0296225	0.0137708
2125.06	0.00833333	0.944777	0.4279	0.672447	0.172584	0.276829	0.0157099	0.73292	0.718751	0.258212	0.0947876	0.701033	0.0926988	0.427406	0.554633	0.0312166	0.00898218	98.8714	0.0999565	0.0298717	0.00606302
2125.06	0.00833333	0.945941	0.739654	0.172229	0.520029	0.585504	0.152155	0.121846	0.290588	0.347968	0.0703665	0.266695	0.277705	0.204993	0.125026	0.0883954	0.0137276	98.9265	0.0999718	0.0298007	0.00879859
2125.06	0.00833333	0.945975	0.584524	0.0893535	0.0870327	0.205638	0.0643122	0.215065	0.44032	0.110275	0.0243353	0.660997	0.744534	0.156172	0.26564	0.0492692	0.0377803	99.0548	0.0998527	0.0298441	0.00837407
2125.06	0.00833333	0.943531	0.140538	0.530132	0.247995	0.422277	0.0221018	0.687317	0.790266	0.0348998	0.144636	0.417784	0.376567	0.17784	0.201336	0.0218829	0.0340778	98.7598	0.0998944	0.0299063	0.00304794
2125.07	0.00833333	0.950221	0.545045	0.0786954	0.608057	0.0336429	0.0882578	0.86639	0.14597	0.0951208	0.0315346	0.591251	0.943165	0.405972	0.195359	0.016633	0.0588776	97.6858	0.0999827	0.0298863	0.00710001
2125.07	0.00833333	0.950224	0.74314	0.428283	0.968835	0.526328	0.111792	0.460906	0.609683	0.00450427	0.0866006	0.69495	0.127436	0.547011	0.0908708	0.0762391	0.0162961	97.5539	0.0999721	0.0298792	0.00961936
2125.07	0.00833333	0.941513	0.910215	0.339393	0.275161	0.500575	0.0851475	0.465373	0.249265	0.278422	0.152914	0.825644	0.659717	0.273822	0.0699331	0.0353633	0.0101459	99.2235	0.0999776	0.0299776	0.003755
2125.07	0.00833333	0.944656	0.691627	0.0689184	0.438516	0.179095	0.165008	0.257749	0.729655	0.218609	0.0401882	0.541752	0.917572	0.343356	0.266171	0.00753273	0.0367585	98.6888	0.0998897	0.0298169	0.00444229
2125.07	0.00833333	0.952387	0.103263	0.486771	0.330297	0.0359587	0.00849012	0.0805517	0.202446	0.22364	0.0403892	0.648504	0.617157	0.139276	0.136069	0.0104272	0.0288822	98.4609	0.0999377	0.0298214	0.00982469
2125.07	0.00833333	0.948878	0.835696	0.197178	0.49468	0.2445	0.114715	0.837761	0.623981	0.126204	0.0293643	0.670969	0.816329	0.191462	0.29544	0.0801959	0.0154464	98.3112	0.0999876	0.0298587	0.00614009
2125.07	0.00833333	0.949143	0.304026	0.085461	0.208576	0.0123011	0.0818871	0.705056	0.5564	0.233417	0.132516	0.500542	0.519008	0.00864604	0.195758	0.0443537	0.0638655	98.4775	0.0999372	0.0298521	0.00410572
2125.07	0.00833333	0.946485	0.895023	0.056221	0.194292	0.135465	0.12478	0.956044	0.24926	0.220876	0.0998931	0.930054	0.245801	0.18985	0.0513024	0.00598034	0.00798467	98.9746	0.0998812	0.0297729	0.00521148
2125.08	0.00833333	0.94606	0.0808024	0.397762	0.0554925	0.118807	0.017153	0.110242	0.737595	0.226899	0.0272784	0.740581	0.649593	0.0921848	0.598078	0.0235182	0.0683198	98.9162	0.099907	0.0298409	0.00742131
2125.08	0.00833333	0.953069	0.728257	0.366826	0.289561	0.582083	0.12895	0.700534	0.341736	0.38813	0.0815319	0.117738	0.457595	0.185908	0.0200241	0.0309018	0.0230444	97.8302	0.0999723	0.0297008	0.0130024
