distance	weight	r0	r1	r2	r3	r4	r5	r6	r7	r8	r9	r10	r11	r12	r13	r14	r15	tp	dr1	dr2	dr3
2125.41	0.00833333	0.946404	0.137769	0.0189785	0.693204	0.781647	0.0280945	0.159805	0.664209	0.426456	0.0531968	0.778047	0.769956	0.461792	0.227713	0.141107	0.0388897	98.9753	0.0998453	0.0298338	0.00903299
2125.76	0.00833333	0.945154	0.0575388	0.439494	0.483552	0.74072	0.0654707	0.772595	0.58091	0.422799	0.0183181	0.410941	0.933267	0.229186	0.369675	0.0658606	0.0086059	98.9287	0.0998976	0.0298369	0.00963875
2125.88	0.00833333	0.954656	0.663702	0.16764	0.731277	0.471855	0.0122066	0.457426	0.590086	0.410975	0.090644	0.839384	0.786779	0.244155	0.424815	0.0634686	0.0138875	97.5419	0.099931	0.0290762	0.01991
2126.06	0.00833333	0.947532	0.319	0.72008	0.115319	0.161226	0.00725862	0.906543	0.218416	0.369119	0.0841312	0.411195	0.20742	0.0808118	0.180928	0.0595512	0.156071	99.4669	0.0998328	0.0296504	0.0110148
2126.17	0.00833333	0.94707	0.887009	0.590756	0.715827	0.880348	0.130492	0.308454	0.0509324	0.687206	0.0108541	0.378573	0.477924	0.156862	0.304237	0.126825	0.0233775	98.7703	0.0998807	0.0297725	0.00540804
2126.19	0.00833333	0.949537	0.766317	0.369946	0.53558	0.437492	0.221721	0.225081	0.344254	0.542317	0.131417	0.437366	0.536435	0.476687	0.00206691	0.19534	0.0636838	98.5156	0.0997633	0.0295317	0.0145262
2126.21	0.00833333	0.951336	0.81339	0.742733	0.414045	0.0771899	0.0412788	0.880942	0.390098	0.456465	0.209627	0.520289	0.0662505	0.838986	0.506314	0.000684272	0.100791	99.1023	0.0997129	0.0294972	0.0146141
2126.21	0.00833333	0.95131	0.551597	0.379656	0.994146	0.12579	0.355495	0.332118	0.473787	0.437308	0.125561	0.585567	0.370273	0.324467	0.0753774	0.0124494	0.18156	98.8516	0.0997865	0.0291346	0.0189022
2126.22	0.00833333	0.950153	0.935747	0.589057	0.169811	0.539852	0.20078	0.460747	0.427579	0.522899	0.102149	0.101619	0.928428	0.0488028	0.11555	0.144444	0.172509	98.909	0.0998693	0.0293067	0.0180147
2126.28	0.00833333	0.945378	0.483463	0.349164	0.466111	0.62173	0.118666	0.566405	0.744165	0.181182	0.196803	0.171132	0.641296	0.370865	0.474644	0.0186237	0.0796774	98.9009	0.0997354	0.0297832	0.000777252
2126.29	0.00833333	0.947459	0.0952706	0.160604	0.710916	0.848163	0.144411	0.188167	0.37948	0.401169	0.077896	0.996266	0.737495	0.126709	0.221302	0.0549808	0.0378777	99.382	0.0998141	0.0296238	0.0144452
2126.31	0.00833333	0.945428	0.926208	0.392187	0.308948	0.58149	0.137747	0.135634	0.0750658	0.419451	0.24091	0.783455	0.384938	0.613128	0.0900093	0.0421453	0.0991245	99.0776	0.0996488	0.0298016	0.00392346
2126.31	0.00833333	0.951282	0.878003	0.756315	0.652966	0.0151725	0.125409	0.131102	0.503563	0.232944	0.0577861	0.221181	0.858114	0.0424551	0.116385	0.0284069	0.0534597	98.8529	0.0998721	0.029559	0.0153504
2126.32	0.00833333	0.952394	0.607815	0.158439	0.708448	0.143691	0.220101	0.355031	0.521257	0.583681	0.181702	0.464125	0.429956	0.0348938	0.390484	0.0265441	0.179431	98.1851	0.0999942	0.0295224	0.0165097
2126.34	0.00833333	0.944526	0.543797	0.392577	0.397098	0.527225	0.087616	0.522825	0.858302	0.269566	0.000254072	0.667535	0.76019	0.318817	0.289425	0.187972	0.127949	98.7313	0.0997308	0.0298054	0.00197515
2126.37	0.00833333	0.950148	0.456567	0.614534	0.838799	0.352844	0.134108	0.430936	0.444181	0.484679	0.334963	0.114055	0.948921	0.36739	0.163928	0.106286	0.00204789	97.8826	0.0999427	0.0298299	0.00849186
2126.39	0.00833333	0.943864	0.566927	0.861368	0.985371	0.422466	0.587248	0.0171572	0.979756	0.397533	0.0930586	0.42037	0.649733	0.608862	0.182178	0.12369	0.0225494	98.8398	0.0998573	0.0298558	0.00779154
2126.41	0.00833333	0.944491	0.65038	0.383535	0.154716	0.0555148	0.059191	0.177282	0.611774	0.735972	0.137125	0.45707	0.77407	0.33548	0.799762	0.108235	0.0813551	99.1964	0.0999403	0.0299262	0.00591894
2126.44	0.00833333	0.949406	0.233036	0.225957	0.929506	0.377141	0.0779824	0.0383168	0.218302	0.222741	0.120949	0.907129	0.486473	0.313374	0.421496	0.128332	0.113289	98.8877	0.0996975	0.0296608	0.0130133
2126.44	0.00833333	0.947043	0.552013	0.926606	0.583194	0.126062	0.343498	0.948034	0.942366	0.04311	0.182787	0.664357	0.274183	0.422744	0.291934	0.190968	0.0974792	98.648	0.0999454	0.0296518	0.0136153
2126.44	0.00833333	0.949476	0.518486	0.498451	0.752768	0.400396	0.256704	0.698949	0.648749	0.364832	0.224024	0.236936	0.570962	0.55433	0.00121087	0.0822077	0.0698921	99.1932	0.0999964	0.0294027	0.0166546
2126.45	0.00833333	0.952721	0.451344	0.367545	0.112967	0.588259	0.308343	0.795159	0.912953	0.189887	0.00871833	0.672002	0.753975	0.209019	0.517734	0.194809	0.0476562	97.8249	0.0999433	0.0298151	0.0111008
2126.45	0.00833333	0.947382	0.303041	0.185429	0.47219	0.220926	0.307874	0.692681	0.669942	0.444982	0.192599	0.31987	0.88953	0.381025	0.669212	0.162883	0.0339915	98.9767	0.099918	0.0296631	0.0124447
2126.45	0.00833333	0.950353	0.331681	0.531737	0.481467	0.0825044	0.587655	0.358378	0.739023	0.899978	0.093643	0.847649	0.559454	0.325209	0.283319	0.0822366	0.0068634	98.6946	0.0998099	0.0296426	0.0112105
2126.48	0.00833333	0.945479	0.334043	0.524999	0.682369	0.00193381	0.376793	0.492438	0.022203	0.740761	0.0903037	0.191775	0.959302	0.436837	0.982797	0.00704702	0.214222	98.8055	0.0999903	0.0297596	0.0129955
2126.53	0.00833333	0.94872	0.724829	0.859989	0.821152	0.0946075	0.221342	0.347083	0.391335	0.35092	0.10389	0.705913	0.483387	0.159967	0.238819	0.171674	0.180423	98.9543	0.0999439	0.0294342	0.0164056
2126.53	0.00833333	0.949525	0.552989	0.290833	0.491196	0.539355	0.0827051	0.54158	0.52581	0.776047	0.2183	0.35805	0.137679	0.593711	0.693485	0.161283	0.106977	98.3441	0.0998605	0.029847	0.00504516
2126.54	0.00833333	0.95112	0.478772	0.00984144	0.203794	0.46908	0.104397	0.841634	0.26012	0.111424	0.030519	0.42244	0.973051	0.432391	0.443686	0.0267423	0.0843126	98.2803	0.0997307	0.0297723	0.00884527
2126.58	0.00833333	0.946729	0.526976	0.423644	0.269361	0.86467	0.385777	0.406193	0.125026	0.102165	0.403565	0.790592	0.229836	0.350397	0.247937	0.219949	0.0426373	99.4992	0.0998916	0.029786	0.00907333
2126.58	0.00833333	0.949066	0.981807	0.087657	0.958616	0.412962	0.17753	0.276591	0.231439	0.632964	0.0839298	0.518272	0.48621	0.808	0.670419	0.0645783	0.0872878	99.345	0.0998963	0.0295256	0.0152028
2126.59	0.00833333	0.948758	0.825592	0.363873	0.627673	0.326492	0.523157	0.568639	0.413129	0.295975	0.16996	0.575722	0.56561	0.176317	0.629558	0.0452112	0.121567	98.2108	0.0997767	0.0298286	0.00329251
2126.6	0.00833333	0.945776	0.261552	0.438236	0.309505	0.179333	0.643253	0.199552	0.86135	0.4684	0.154956	0.635859	0.434921	0.657271	0.179908	0.050543	0.0968687	99.1198	0.0998703	0.0296843	0.0149314
2126.62	0.00833333	0.953648	0.00940817	0.168682	0.696415	0.293409	0.0635714	0.0190113	0.118437	0.380221	0.0144426	0.478729	0.618611	0.366675	0.578892	0.074867	0.000614211	98.3993	0.0997462	0.0296988	0.00395012
2126.62	0.00833333	0.953657	0.266753	0.42123	0.914318	0.392217	0.82245	0.564244	0.458747	0.260707	0.107688	0.472053	0.888098	0.595853	0.573216	0.0991876	0.00299206	98.068	0.09999	0.0288875	0.0220118
2126.62	0.00833333	0.947389	0.354409	0.4124	0.593221	0.087933	0.0473519	0.0843876	0.658077	0.566388	0.174854	0.107572	0.813239	0.253234	0.313946	0.0487028	0.168143	98.5873	0.099972	0.0298365	0.00632042
2126.65	0.00833333	0.952235	0.781236	0.161306	0.0143353	0.41923	0.38651	0.778699	0.386315	0.237768	0.10353	0.744426	0.315699	0.511344	0.835151	0.0546969	0.103507	98.8523	0.0996003	0.0294263	0.0156554
2126.65	0.00833333	0.956045	0.600377	0.384471	0.384472	0.524475	0.403911	0.113832	0.626264	0.375965	0.00948931	0.753293	0.876652	0.30842	0.0347946	0.00643004	0.0797623	99.239	0.0998514	0.0282791	0.0246116
2126.65	0.00833333	0.943922	0.674658	0.270285	0.505985	0.587801	0.412537	0.647502	0.614013	0.424728	0.251597	0.102538	0.252311	0.485535	0.503779	0.00519476	0.0565622	98.6782	0.0999073	0.0299001	0.00633001
2126.66	0.00833333	0.950706	0.828046	0.687076	0.3649	0.214095	0.338492	0.476914	0.11996	0.949813	0.0999099	0.229124	0.461158	0.424809	0.0700345	0.0539723	0.045196	99.3283	0.0999337	0.0289107	0.022314
2126.68	0.00833333	0.946563	0.516498	0.398815	0.129942	0.849108	0.419582	0.672868	0.550901	0.964651	0.0941394	0.362763	0.531209	0.451896	0.511282	0.203547	0.0723449	98.786	0.0998069	0.029811	0.00936665
2126.68	0.00833333	0.942795	0.25414	0.456769	0.2562	0.152542	0.118678	0.553271	0.311673	0.00130668	0.16285	0.69027	0.211314	0.324187	0.711051	0.0748529	0.370672	98.5774	0.0999997	0.0299014	0.00755227
2126.68	0.00833333	0.958402	0.630713	0.868049	0.200341	0.259607	0.148121	0.868222	0.379842	0.201201	0.0686941	0.769078	0.318791	0.335681	0.761428	0.0175715	0.0137417	98.3201	0.0997461	0.0292548	0.0182651
2126.69	0.00833333	0.943262	0.926756	0.200936	0.233729	0.310223	0.145197	0.7742	0.529195	0.42204	0.26543	0.161716	0.744257	0.491405	0.511105	0.180971	0.165819	98.5447	0.0999204	0.0299346	0.0041714
2126.69	0.00833333	0.953695	0.449434	0.530831	0.713396	0.261442	0.20326	0.93704	0.725009	0.586422	0.126501	0.554549	0.0674235	0.608067	0.110817	0.104408	0.115479	99.4133	0.099528	0.0290481	0.020129
2126.7	0.00833333	0.948959	0.215164	0.600348	0.0881011	0.426819	0.0195544	0.710721	0.394556	0.353552	0.0472408	0.0477008	0.70262	0.0292591	0.47633	0.0985937	0.17843	98.3638	0.0997376	0.0298448	0.0074309
2126.7	0.00833333	0.947838	0.0622533	0.349083	0.471422	0.104758	0.330855	0.326257	0.0457829	0.396048	0.11938	0.663612	0.783873	0.252752	0.654404	0.208328	0.2415	99.0515	0.0999726	0.029617	0.0135579
2126.71	0.00833333	0.949786	0.432153	0.183171	0.740032	0.456716	0.517915	0.533502	0.89413	0.168239	0.140998	0.0701415	0.460787	0.632975	0.181514	0.139294	0.0660261	98.0407	0.0997967	0.0298987	0.00381149
2126.72	0.00833333	0.946327	0.414934	0.544897	0.575279	0.902251	0.549191	0.352927	0.0631119	0.831851	0.110924	0.580893	0.219792	0.0856778	0.322845	0.00296074	0.0212614	99.2287	0.0997519	0.0298732	0.0060091
2126.72	0.00833333	0.946504	0.544716	0.164907	0.87368	0.0226765	0.303566	0.989832	0.559616	0.417741	0.346227	0.949129	0.523605	0.658602	0.674701	0.0152803	0.107531	98.3432	0.0999617	0.0299598	0.00512226
2126.74	0.00833333	0.945966	0.422176	0.989138	0.279523	0.404447	0.103825	0.132686	0.58246	0.920224	0.0500377	0.329169	0.181164	0.213741	0.341355	0.264579	0.0666533	99.221	0.099949	0.029805	0.0115251
2126.74	0.00833333	0.953862	0.492441	0.431409	0.877545	0.0996939	0.17606	0.855978	0.721194	0.348012	0.000873327	0.496824	0.654129	0.102166	0.182167	0.0628061	0.137929	98.8245	0.0998292	0.029193	0.0175337
2126.74	0.00833333	0.948689	0.628066	0.880292	0.689693	0.344249	0.546647	0.431185	0.623574	0.0046024	0.186743	0.116725	0.460379	0.26348	0.357253	0.328283	0.0149772	99.2558	0.0997689	0.029747	0.0102061
2126.77	0.00833333	0.94892	0.400727	0.519184	0.463699	0.0664545	0.798853	0.375362	0.794849	0.0440752	0.157571	0.871168	0.653791	0.492687	0.773586	0.1416	0.111696	99.4822	0.0999396	0.0290908	0.020686
2126.78	0.00833333	0.954275	0.632535	0.622495	0.0528914	0.33968	0.528357	0.442087	0.597107	0.173045	0.123883	0.116226	0.501889	0.406674	0.38478	0.093562	0.123648	98.2154	0.099867	0.0296878	0.0130197
2126.78	0.00833333	0.950326	0.738279	0.42806	0.323877	0.897989	0.107362	0.370104	0.512371	0.65117	0.228643	0.0780565	0.785008	0.220582	0.690763	0.0866421	0.101409	99.4759	0.0997562	0.0295791	0.0140757
2126.78	0.00833333	0.953264	0.46007	0.35827	0.475886	0.270026	0.568907	0.24848	0.680134	0.720782	0.17593	0.350242	0.553775	0.62951	0.141171	0.0477455	0.0840262	99.3418	0.0998616	0.0291961	0.018441
2126.78	0.00833333	0.95051	0.715338	0.828655	0.672593	0.544191	0.0128543	0.0304478	0.119014	0.399373	0.0438461	0.703724	0.217008	0.23954	0.112481	0.230986	0.112264	99.0383	0.0999928	0.0292157	0.0179861
2126.79	0.00833333	0.949357	0.30023	0.10554	0.530678	0.766339	0.541128	0.267976	0.553361	0.132558	0.0879586	0.880851	0.952255	0.11058	0.0441485	0.235871	0.0296286	99.0828	0.0994697	0.0296958	0.0105934
2126.79	0.00833333	0.94133	0.185834	0.382368	0.469579	0.54648	0.0613783	0.0369198	0.424909	0.638549	0.0942772	0.552959	0.178705	0.0696017	0.292378	0.119561	0.114131	99.933	0.0999481	0.0297883	0.00427568
2126.8	0.00833333	0.946636	0.641637	0.182772	0.130905	0.551752	0.00696039	0.595244	0.360459	0.379347	0.347121	0.131892	0.559422	0.621197	0.471447	0.0744085	0.120975	99.1922	0.0997135	0.0298219	0.00729521
2126.87	0.00833333	0.955605	0.0793135	0.368574	0.870696	0.211952	0.19284	0.44354	0.159563	0.07207	0.168535	0.73834	0.613042	0.309785	0.0146468	0.0449389	0.195891	98.1938	0.0999684	0.0285743	0.0243886
2126.87	0.00833333	0.942148	0.112974	0.102652	0.397853	0.943813	0.388485	0.461374	0.619999	0.866358	0.155347	0.750577	0.456918	0.266874	0.319342	0.305766	0.0567722	98.6315	0.0999694	0.0299111	0.00268274
2126.87	0.00833333	0.951089	0.308957	0.444104	0.985333	0.157752	0.378202	0.233111	0.690086	0.207146	0.104513	0.426156	0.308197	0.200371	0.519284	0.168986	0.179512	99.3589	0.0999381	0.0284502	0.0244713
2126.87	0.00833333	0.948694	0.114357	0.112494	0.913087	0.581715	0.202213	0.176067	0.627744	0.754694	0.428215	0.947232	0.402917	0.294314	0.539805	0.126785	0.138931	98.7681	0.0998705	0.0294287	0.017234
2126.88	0.00833333	0.945586	0.389578	0.874736	0.0481615	0.489851	0.236392	0.593664	0.442578	0.0827462	0.174867	0.527998	0.500617	0.0817713	0.366303	0.00517715	0.188335	99.3965	0.099821	0.0297357	0.00207086
2126.88	0.00833333	0.945245	0.697263	0.883761	0.18577	0.469097	0.0876116	0.353905	0.282456	0.514533	0.361155	0.494553	0.64355	0.240534	0.314023	0.136544	0.136461	98.6596	0.0999773	0.0298733	0.00520378
2126.88	0.00833333	0.952201	0.470072	0.530578	0.917428	0.719732	0.0677768	0.566566	0.66054	0.687998	0.150237	0.796634	0.218809	0.963759	0.582313	0.105236	0.131505	97.5439	0.0998771	0.0298341	0.00734194
2126.88	0.00833333	0.944395	0.070504	0.342474	0.232126	0.682652	0.253384	0.507077	0.859144	0.367261	0.15293	0.912884	0.793628	0.33742	0.60942	0.364501	0.0157012	98.8234	0.099976	0.0298491	0.0106813
2126.89	0.00833333	0.956333	0.629904	0.176416	0.840949	0.259542	0.218179	0.369384	0.713496	0.22891	0.0164579	0.533705	0.165927	0.694682	0.00710839	0.0856493	0.150824	99.2115	0.0997395	0.0289135	0.0200101
2126.89	0.00833333	0.943748	0.34655	0.124671	0.162149	0.925448	0.480454	0.247312	0.410675	0.343982	0.293971	0.386245	0.527145	0.49321	0.391653	0.273812	0.00238281	99.4155	0.0999248	0.0299419	0.00494724
2126.89	0.00833333	0.951174	0.406176	0.109439	0.348739	0.398374	0.343211	0.88043	0.788933	0.74316	0.230382	0.906439	0.263835	0.590401	0.0707342	0.31265	0.0557248	99.0981	0.0998518	0.0292739	0.0177454
2126.9	0.00833333	0.952383	0.146508	0.103124	0.633157	0.983798	0.11092	0.889629	0.94233	0.406028	0.326973	0.1794	0.917034	0.663917	0.862814	0.185213	0.00117553	99.0304	0.0996709	0.0292957	0.0176109
2126.9	0.00833333	0.949602	0.797523	0.65891	0.757289	0.758241	0.66653	0.208619	0.659193	0.308245	0.166987	0.0595724	0.113168	0.427413	0.118438	0.261944	0.0636584	98.7142	0.0998401	0.029427	0.0160162
2126.91	0.00833333	0.952478	0.947976	0.414026	0.371882	0.229775	0.00639495	0.403727	0.395028	0.274673	0.152349	0.590315	0.182194	0.848522	0.655106	0.0457837	0.0918745	99.2661	0.0993157	0.0295775	0.00744326
2126.91	0.00833333	0.945646	0.226956	0.0887709	0.0297985	0.471617	0.706256	0.226116	0.926206	0.0240866	0.139978	0.270998	0.247924	0.472054	0.658163	0.0804955	0.0179047	99.2528	0.0997509	0.0297314	0.00409794
2126.91	0.00833333	0.951086	0.672881	0.473448	0.293903	0.116993	0.357049	0.252444	0.681502	0.613538	0.260617	0.354079	0.45666	0.428142	0.0906097	0.0774813	0.0587802	98.198	0.099721	0.0298849	0.0042504
2126.92	0.00833333	0.938555	0.635478	0.172046	0.25515	0.833788	0.183282	0.0344452	0.483441	0.955344	0.265799	0.0600155	0.426347	0.647528	0.230299	0.0825789	0.0332925	99.184	0.0999893	0.0300131	0.000392997
2126.93	0.00833333	0.946072	0.253196	0.6609	0.315493	0.539848	0.479989	0.0709271	0.518732	0.698987	0.155174	0.449949	0.663103	0.387579	0.130546	0.0855376	0.0787407	99.113	0.0999503	0.0297413	0.00993565
2126.94	0.00833333	0.945392	0.167889	0.207617	0.118666	0.914994	0.496551	0.545723	0.951574	0.224211	0.00896304	0.255765	0.52864	0.483145	0.492303	0.35679	0.122066	98.51	0.0999991	0.0297625	0.0102214
2126.94	0.00833333	0.943792	0.315447	0.0694478	0.172216	0.547829	0.129437	0.601132	0.481535	0.304796	0.0145589	0.644446	0.21917	0.305672	0.395103	0.0786937	0.190674	100.031	0.0999558	0.0295435	0.0152034
2126.95	0.00833333	0.95418	0.722341	0.153706	0.542015	0.337007	0.210697	0.400323	0.219232	0.904715	0.264303	0.273444	0.0665698	0.0963774	0.473687	0.041489	0.0716065	98.3446	0.0997929	0.0297369	0.0124361
2126.95	0.00833333	0.950374	0.292517	0.542962	0.945167	0.185831	0.105406	0.0267743	0.69094	0.283195	0.191472	0.271603	0.370155	0.619423	0.0153098	0.379666	0.00904576	98.3951	0.0999707	0.0298703	0.0120313
2126.95	0.00833333	0.948913	0.257746	0.410113	0.144023	0.19193	0.925477	0.6514	0.393155	0.332712	0.0518889	0.16219	0.484882	0.698918	0.377018	0.0611239	0.119628	98.9914	0.0999251	0.0294936	0.0149936
2126.96	0.00833333	0.953023	0.177318	0.981862	0.368429	0.765342	0.370174	0.800499	0.305983	0.173169	0.109641	0.0142274	0.202759	0.568729	0.254913	0.0349335	0.0177993	98.8954	0.0992878	0.0295443	0.0109868
2126.96	0.00833333	0.946627	0.63988	0.346153	0.566319	0.472919	0.388866	0.144764	0.272718	0.982351	0.167257	0.824541	0.227728	0.230705	0.209706	0.196037	0.1193	98.6544	0.0998084	0.0297738	0.00695654
2126.96	0.00833333	0.946281	0.683546	0.0113832	0.088547	0.0884486	0.182886	0.249255	0.653449	0.452164	0.222562	0.838317	0.451431	0.464738	0.941795	0.00414026	0.0605984	98.4587	0.0999646	0.030003	0.000543884
2126.96	0.00833333	0.951879	0.503219	0.085779	0.565471	0.531975	0.279514	0.974434	0.826278	0.485724	0.116447	0.442125	0.364625	0.480023	0.22871	0.0366724	0.0088701	98.4557	0.0998677	0.0298607	0.00604201
2126.96	0.00833333	0.948629	0.296282	0.269397	0.501248	0.389399	0.125381	0.0653245	0.695463	0.0363741	0.127401	0.489757	0.693277	0.71229	0.00942013	0.299514	0.153381	99.0917	0.0999685	0.029223	0.0198994
2126.97	0.00833333	0.947979	0.806432	0.513896	0.67181	0.0755635	0.0377687	0.411321	0.937048	0.0122679	0.201362	0.184101	0.363469	0.876362	0.290628	0.0594519	0.139245	99.5998	0.0992859	0.0295882	0.0089831
2126.97	0.00833333	0.947064	0.295901	0.355893	0.048359	0.387638	0.499504	0.35568	0.357297	0.398237	0.104204	0.534909	0.703493	0.00862157	0.892519	0.0685661	0.00848459	98.9066	0.0996033	0.0297106	0.00153441
2126.97	0.00833333	0.944499	0.198335	0.657064	0.44617	0.247616	0.30249	0.185836	0.0276604	0.372379	0.11031	0.512364	0.98617	0.240098	0.222763	0.134759	0.0537755	98.9172	0.0996689	0.0299115	0.00281506
2126.98	0.00833333	0.955567	0.476507	0.595939	0.0339871	0.15143	0.58652	0.674966	0.173416	0.904667	0.025252	0.55255	0.452486	0.407988	0.645993	0.220367	0.0553712	97.5812	0.0998846	0.0294176	0.0165363
2126.98	0.00833333	0.950056	0.736101	0.292412	0.258061	0.98641	0.228648	0.611566	0.648127	0.00957938	0.480652	0.534779	0.526236	0.144722	0.174102	0.0421904	0.0834671	99.1118	0.0999532	0.0294576	0.0168808
2126.98	0.00833333	0.953642	0.183	0.573106	0.150884	0.401313	0.655413	0.59911	0.196538	0.244555	0.0638767	0.347895	0.778226	0.130597	0.641935	0.175858	0.0531013	97.7824	0.0997425	0.0295812	0.0135513
2126.99	0.00833333	0.950062	0.345982	0.289854	0.0414767	0.379361	0.210174	0.608873	0.245278	0.207949	0.00888909	0.203693	0.562047	0.621342	0.488916	0.0679038	0.0745832	99.469	0.099648	0.0297357	0.00568688
2126.99	0.00833333	0.954256	0.0479986	0.00294375	0.603404	0.479159	0.0839077	0.760883	0.337654	0.193412	0.162169	0.630489	0.23577	0.839628	0.197526	0.102047	0.217655	97.7815	0.0998464	0.0295943	0.0120004
2126.99	0.00833333	0.948208	0.286658	0.35966	0.581698	0.647012	0.480944	0.176161	0.0618547	0.254513	0.301411	0.170283	0.725647	0.131387	0.444429	0.113974	0.215265	99.4354	0.0999608	0.029722	0.0103028
2127	0.00833333	0.942757	0.277622	0.531785	0.875739	0.981602	0.338705	0.560966	0.574377	0.446306	0.0784365	0.281431	0.473815	0.52581	0.329555	0.121199	0.105278	98.6214	0.0999957	0.0299296	0.00155436
2127	0.00833333	0.945172	0.800328	0.950886	0.0908597	0.118098	0.102273	0.400004	0.0157618	0.0924297	0.246399	0.518656	0.330136	0.048496	0.301933	0.110629	0.206582	99.831	0.0997968	0.0294889	0.0147018
2127.01	0.00833333	0.949217	0.210338	0.469032	0.576058	0.114453	0.273851	0.869245	0.870971	0.207643	0.0101828	0.407952	0.631445	0.234597	0.245803	0.0398154	0.102786	98.8432	0.0999129	0.0289032	0.0229173
2127.02	0.00833333	0.953377	0.176605	0.092101	0.120682	0.646674	0.351391	0.0582966	0.41415	0.509832	0.248277	0.703524	0.088768	0.27442	0.0734647	0.0351645	0.0753056	97.9672	0.0999417	0.0297038	0.00807267
2127.02	0.00833333	0.945541	0.795014	0.219496	0.783044	0.191451	0.438319	0.108193	0.152498	0.575047	0.0938361	0.5073	0.562193	0.0783813	0.13854	0.158003	0.120294	99.6278	0.0998352	0.0295284	0.01339
2127.02	0.00833333	0.942349	0.307813	0.888641	0.187857	0.253789	0.108696	0.344457	0.464376	0.332128	0.0764316	0.0870196	0.493275	0.360877	0.467156	0.0321605	0.132482	99.2695	0.0997142	0.0298511	0.00206763
2127.02	0.00833333	0.947288	0.296336	0.930905	0.554373	0.85803	0.248203	0.768702	0.740926	0.415954	0.411112	0.977782	0.232554	0.242361	0.604293	0.0696661	0.111396	99.4435	0.0997918	0.0297429	0.00639164
2127.03	0.00833333	0.955545	0.153258	0.38416	0.351507	0.476654	0.154839	0.922475	0.658473	0.00229127	0.135234	0.804604	0.855373	0.534369	0.11321	0.0922758	0.175742	97.6623	0.0996432	0.0295839	0.00989583
2127.03	0.00833333	0.950036	0.61041	0.458614	0.636701	0.189144	0.297067	0.134671	0.302952	0.438242	0.152001	0.70534	0.0295346	0.595561	0.449804	0.0962268	0.0961701	99.489	0.0996746	0.0296353	0.00926965
2127.04	0.00833333	0.953087	0.264932	0.0917769	0.819485	0.417348	0.27993	0.494783	0.270966	0.0801298	0.196839	0.966123	0.724523	0.424113	0.318706	0.0896781	0.0919783	97.5475	0.099779	0.0297179	0.0139914
2127.04	0.00833333	0.950395	0.792074	0.0330744	0.250933	0.316927	0.315114	0.72177	0.591799	0.602309	0.0195254	0.343675	0.112103	0.400538	0.987897	0.200588	0.0188548	99.4215	0.0999671	0.0295863	0.0151556
2127.05	0.00833333	0.951267	0.486665	0.181428	0.282965	0.254119	0.358427	0.228375	0.365707	0.160645	0.0649192	0.802125	0.0153107	0.541722	0.361828	0.379006	0.0390961	98.3638	0.0998233	0.0297785	0.0110514
2127.05	0.00833333	0.951652	0.327277	0.444552	0.589603	0.714533	0.142591	0.711476	0.502051	0.865777	0.0967182	0.455845	0.513535	0.0548396	0.659762	0.147194	0.108746	98.4613	0.099852	0.0298072	0.00911303
2127.05	0.00833333	0.950099	0.654244	0.693268	0.65152	0.639879	0.262047	0.635306	0.336293	0.254111	0.281718	0.739784	0.266321	0.339334	0.442014	0.282503	0.00422373	98.6177	0.099714	0.0296642	0.0135701
2127.06	0.00833333	0.952294	0.374278	0.204984	0.828758	0.167318	0.288113	0.255148	0.847093	0.238697	0.134043	0.00392368	0.60228	0.988361	0.0355698	0.274161	0.01367	98.525	0.0994958	0.0295164	0.0145141
2127.06	0.00833333	0.94756	0.183702	0.497544	0.423792	0.394702	0.454287	0.405811	0.516864	0.0053843	0.10123	0.737514	0.703837	0.862423	0.631155	0.327028	0.0210978	99.3971	0.0997606	0.0295719	0.0149208
2127.07	0.00833333	0.949134	0.665852	0.103678	0.504612	0.173111	0.0152373	0.380295	0.188306	0.588921	0.15886	0.993594	0.0791336	0.0113456	0.484069	0.0514772	0.076993	99.091	0.0996658	0.029716	0.0133136
2127.07	0.00833333	0.955971	0.735862	0.863195	0.302956	0.566089	0.207781	0.437512	0.0186407	0.203898	0.179758	0.826302	0.204461	0.704298	0.554775	0.243447	0.0260845	97.9029	0.0997805	0.0289953	0.0207373
2127.08	0.00833333	0.941896	0.70495	0.432037	0.561307	0.527707	0.355653	0.00826892	0.17821	0.579996	0.299881	0.0573723	0.352203	0.168815	0.134904	0.233619	0.122255	98.9189	0.0999742	0.0299896	0.00372164
2127.09	0.00833333	0.94524	0.516745	0.95295	0.964914	0.716128	0.519038	0.665049	0.402127	0.105588	0.301548	0.884515	0.125437	0.574702	0.121218	0.125445	0.108695	98.5706	0.0997081	0.0297713	0.00516021
2127.09	0.00833333	0.949077	0.443834	0.38118	0.920752	0.532844	0.188584	0.933465	0.180864	0.567613	0.0943874	0.57153	0.262548	0.662161	0.259618	0.182961	0.0525431	98.7487	0.0995916	0.0296168	0.0103822
2127.09	0.00833333	0.95171	0.309242	0.103107	0.725695	0.61396	0.344912	0.528948	0.322029	0.404925	0.354092	0.904294	0.826164	0.431512	0.42128	0.0787366	0.0506581	98.7102	0.0997329	0.0294794	0.0161179
2127.1	0.00833333	0.950479	0.937195	0.421738	0.700393	0.193368	0.0560309	0.284043	0.148118	0.789159	0.136665	0.0204017	0.00569701	0.33011	0.325321	0.0216792	0.123082	98.8748	0.0997199	0.0295129	0.0113646
