distance	weight	r0	r1	r2	r3	r4	r5	r6	r7	r8	r9	r10	r11	r12	r13	r14	r15	tp	dr1	dr2	dr3
2125.53	0.00833333	0.952771	0.415705	0.00401816	0.700921	0.116846	0.402256	0.516254	0.431374	0.364352	0.0526169	0.607563	0.549021	0.0601024	0.189214	0.0304783	0.0915557	99.0074	0.0999664	0.0288635	0.0220243
2125.87	0.00833333	0.952035	0.156681	0.356131	0.792041	0.358645	0.0695026	0.861195	0.595156	0.101844	0.080434	0.804609	0.789246	0.236009	0.0404963	0.0787641	0.149404	97.7489	0.0999137	0.0298553	0.00824206
2126.12	0.00833333	0.94987	0.514325	0.170286	0.59964	0.16737	0.377197	0.442123	0.264519	0.840895	0.0588329	0.344429	0.420807	0.14003	0.0170672	0.152849	0.122612	99.4478	0.09989	0.0296273	0.0114628
2126.29	0.00833333	0.943334	0.284021	0.5556	0.866685	0.988811	0.0803731	0.420038	0.487247	0.309883	0.365472	0.495328	0.628341	0.630225	0.296075	0.0401432	0.0865328	99.0233	0.099984	0.0299125	0.00818369
2126.34	0.00833333	0.950017	0.900462	0.14346	0.0822526	0.389312	0.161591	0.771896	0.429206	0.590576	0.148137	0.331427	0.435126	0.411282	0.928209	0.340852	0.0171515	98.5508	0.0999299	0.0291023	0.020183
2126.35	0.00833333	0.94164	0.132809	0.302112	0.366632	0.178105	0.360696	0.542439	0.686804	0.189121	0.0776634	0.0363833	0.562154	0.334636	0.456231	0.0842115	0.199693	98.9157	0.0999256	0.0298434	0.000142668
2126.4	0.00833333	0.949353	0.663319	0.389753	0.300976	0.180246	0.0957768	0.40283	0.727841	0.982986	0.0153167	0.102113	0.0476282	0.679835	0.0993945	0.204669	0.212051	98.1684	0.0999798	0.0298787	0.00694324
2126.43	0.00833333	0.950256	0.421046	0.182594	0.0311236	0.23563	0.299367	0.0523918	0.491604	0.885968	0.114486	0.728975	0.281076	0.425028	0.133476	0.0249237	0.0379172	98.9945	0.0995628	0.0297056	0.0101064
2126.45	0.00833333	0.944567	0.143294	0.0103084	0.203363	0.42968	0.775846	0.72665	0.620798	0.43876	0.0843561	0.134019	0.210508	0.832663	0.0237479	0.196368	0.0355457	98.6816	0.0998097	0.02988	0.00619075
2126.45	0.00833333	0.949004	0.603852	0.218833	0.477844	0.131542	0.311958	0.851988	0.343051	0.302628	0.116383	0.684013	0.200651	0.190841	0.343323	0.11849	0.283558	99.2588	0.099956	0.02931	0.0184478
2126.47	0.00833333	0.950423	0.0581189	0.378798	0.867276	0.768041	0.0644092	0.45674	0.368066	0.31406	0.133082	0.597927	0.990294	0.108035	0.560683	0.0812237	0.0522673	98.8136	0.0998148	0.0292251	0.0180351
2126.49	0.00833333	0.951079	0.570735	0.570318	0.302709	0.271847	0.171607	0.660761	0.621825	0.125887	0.0943341	0.847745	0.429006	0.122403	0.193884	0.0750812	0.0529144	97.7248	0.0999141	0.0297085	0.0130568
2126.5	0.00833333	0.942149	0.193517	0.138848	0.159399	0.472345	0.179578	0.210449	0.242889	0.762507	0.0457841	0.443512	0.16465	0.37832	0.0698766	0.133952	0.0854875	98.7582	0.0999756	0.0299562	0.00542573
2126.53	0.00833333	0.953425	0.317776	0.14969	0.275195	0.423725	0.268474	0.108707	0.125557	0.822548	0.0425292	0.293256	0.100641	0.0753632	0.409831	0.136653	0.0195378	98.0897	0.0996582	0.0297134	0.00940801
2126.55	0.00833333	0.950514	0.762718	0.251081	0.495167	0.478474	0.236486	0.132062	0.0647901	0.182773	0.433308	0.0171942	0.720407	0.133817	0.502601	0.0209969	0.0234369	98.7056	0.0998823	0.029547	0.014986
2126.6	0.00833333	0.950609	0.0529137	0.425484	0.390038	0.244475	0.0421107	0.317471	0.198149	0.235217	0.0314735	0.905842	0.954715	0.0480918	0.202485	0.230503	0.0792347	98.2059	0.099743	0.0298101	0.00492505
2126.68	0.00833333	0.952326	0.675152	0.0634521	0.501367	0.59426	0.947131	0.480966	0.29486	0.654966	0.0525033	0.335645	0.672696	0.227558	0.212329	0.121466	0.0772182	98.1596	0.0999232	0.0296754	0.0126254
2126.68	0.00833333	0.948025	0.925376	0.620482	0.983142	0.413887	0.858364	0.381445	0.642373	0.183619	0.125681	0.446057	0.376149	0.283185	0.348671	0.156915	0.100282	98.8233	0.0999958	0.0296958	0.0116919
2126.69	0.00833333	0.945805	0.42618	0.253779	0.256582	0.364404	0.0365504	0.312194	0.154579	0.744762	0.0482491	0.223002	0.72009	0.402938	0.816154	0.124709	0.225585	99.0793	0.0999734	0.029849	0.0103425
2126.7	0.00833333	0.953896	0.709988	0.285049	0.424126	0.178631	0.439725	0.239552	0.407653	0.223333	0.138201	0.0124218	0.977169	0.207859	0.164466	0.0188891	0.166265	99.1814	0.0998556	0.0289506	0.0207795
2126.72	0.00833333	0.946921	0.992106	0.0274159	0.520434	0.517242	0.0108668	0.330141	0.107884	0.349867	0.0221768	0.343121	0.578807	0.860858	0.375267	0.0134596	0.113741	99.0886	0.0998154	0.0296356	0.0120504
2126.77	0.00833333	0.951256	0.872017	0.733506	0.805902	0.158533	0.0222578	0.487793	0.595832	0.172539	0.339165	0.0601773	0.210462	0.269689	0.0917052	0.229274	0.0552741	98.0668	0.0999856	0.0298871	0.0092286
2126.78	0.00833333	0.954191	0.341597	0.281684	0.591346	0.244919	0.146217	0.545997	0.51848	0.49541	0.0166198	0.660756	0.217926	0.96109	0.386085	0.0357544	0.10223	97.8497	0.0998009	0.0296811	0.00801737
2126.81	0.00833333	0.95046	0.376335	0.230651	0.846319	0.496812	0.350356	0.753087	0.353773	0.33946	0.35088	0.53069	0.902489	0.56045	0.0541654	0.16738	0.10161	99.3805	0.0999926	0.0284833	0.0247407
2126.82	0.00833333	0.953951	0.508551	0.268251	0.100149	0.128299	0.33174	0.723569	0.572322	0.142003	0.175192	0.111297	0.877568	0.166805	0.136403	0.209905	0.0655256	99.1346	0.0999877	0.0284976	0.0234186
2126.83	0.00833333	0.950939	0.0634631	0.399953	0.950469	0.609675	0.205645	0.233988	0.488262	0.00549582	0.238442	0.958221	0.780085	0.468279	0.0939647	0.0987632	0.056325	98.8122	0.0995982	0.029417	0.0151526
2126.84	0.00833333	0.949904	0.72079	0.34513	0.146957	0.667415	0.378527	0.715497	0.984273	0.0913616	0.0421181	0.529797	0.73024	0.655488	0.225465	9.44138e-05	0.0747962	97.9259	0.0999968	0.0297547	0.00624819
2126.85	0.00833333	0.949704	0.622052	0.631498	0.504614	0.537949	0.0183042	0.652894	0.337641	0.169204	0.238711	0.485988	0.394436	0.337804	0.112203	0.279193	0.054405	98.0591	0.0996399	0.0297973	0.00521969
2126.85	0.00833333	0.948963	0.496039	0.421748	0.918689	0.0648099	0.0854303	0.577423	0.996187	0.073687	0.305366	0.33207	0.67944	0.56212	0.0898582	0.0339943	0.139417	98.6737	0.0995247	0.0296317	0.0141221
2126.88	0.00833333	0.953277	0.394127	0.0407472	0.253486	0.224933	0.701428	0.126441	0.542047	0.503734	0.0591695	0.549646	0.572589	0.291262	0.164407	0.0180324	0.199674	98.0344	0.0999957	0.0287053	0.0239575
2126.9	0.00833333	0.95357	0.620218	0.349878	0.404787	0.317096	0.617619	0.264917	0.982794	0.619548	0.171248	0.594578	0.617662	0.632179	0.590217	0.146751	0.0122358	98.9274	0.099654	0.0288659	0.0208183
2126.91	0.00833333	0.954778	0.905646	0.539592	0.091149	0.00598308	0.0438299	0.825903	0.193396	0.421695	0.0781385	0.75299	0.0276572	0.48319	0.891877	0.0234356	0.0978496	98.2731	0.0997483	0.0296101	0.0105402
2126.92	0.00833333	0.952771	0.359877	0.0563473	0.476357	0.431247	0.0877123	0.412286	0.518113	0.661233	0.265311	0.25286	0.688092	0.426948	0.253872	0.311561	0.0690245	99.1242	0.0996376	0.0293039	0.0176523
2126.93	0.00833333	0.952455	0.245322	0.469765	0.146216	0.0250269	0.0997628	0.41898	0.14382	0.311832	0.0586785	0.790324	0.24746	0.0408177	0.312548	0.246191	0.0158629	98.9207	0.099638	0.0286451	0.022545
2126.93	0.00833333	0.94848	0.385664	0.454776	0.972572	0.175495	0.145612	0.397336	0.17915	0.777369	0.322648	0.612998	0.531056	0.535712	0.315788	0.121102	0.120721	99.0107	0.0997316	0.0297953	0.00866604
2126.94	0.00833333	0.94603	0.65943	0.661678	0.613256	0.607938	0.233168	0.444665	0.362867	0.382781	0.309813	0.657585	0.742337	0.284253	0.288489	0.0254289	0.01557	100.221	0.0999718	0.0295741	0.0140101
2126.94	0.00833333	0.951908	0.409992	0.788313	0.598067	0.854873	0.443827	0.458855	0.429618	0.176637	0.096754	0.487662	0.374998	0.849848	0.343269	0.0556831	0.119483	97.8523	0.0998557	0.0298264	0.0097813
2127.01	0.00833333	0.946075	0.294486	0.320499	0.0452507	0.283197	0.764534	0.434344	0.390223	0.244726	0.287954	0.291246	0.030962	0.179261	0.245634	0.270213	0.114648	99.0363	0.0999461	0.0298037	0.0119972
2127.01	0.00833333	0.945502	0.336536	0.522556	0.943737	0.937219	0.542234	0.428302	0.293299	0.210162	0.145694	0.582105	0.130206	0.687489	0.642642	0.0862792	0.153685	98.5227	0.0999579	0.0296996	0.0121338
2127.02	0.00833333	0.95385	0.716636	0.0611355	0.930601	0.0224985	0.619622	0.306955	0.723604	0.466151	0.0150477	0.329118	0.733954	0.108202	0.539845	0.0495916	0.0993417	99.0084	0.0998202	0.0286401	0.0232071
2127.02	0.00833333	0.941986	0.168068	0.138212	0.0434177	0.626657	0.487962	0.436754	0.523003	0.0172155	0.0357277	0.0444975	0.484678	0.412717	0.42902	0.0405092	0.117139	99.0531	0.0999304	0.0300078	0.00172694
2127.03	0.00833333	0.95429	0.0197483	0.11583	0.635004	0.065976	0.622029	0.361799	0.821925	0.343074	0.0517521	0.327529	0.604619	0.090488	0.661724	0.187871	0.0869519	97.7841	0.0998371	0.0289691	0.0211691
2127.04	0.00833333	0.947335	0.222155	0.0859142	0.125836	0.790224	0.197029	0.561883	0.642421	0.629238	0.0545098	0.608137	0.0431558	0.194393	0.032789	0.36852	0.0802336	99.2407	0.0997352	0.0296788	0.0120023
2127.05	0.00833333	0.955536	0.742038	0.541004	0.49105	0.336037	0.122087	0.376905	0.461757	0.516828	0.101311	0.531083	0.37182	0.655134	0.200141	0.0252431	0.100629	97.9282	0.099754	0.0291635	0.0185479
2127.06	0.00833333	0.948033	0.583445	0.746069	0.577725	0.00632626	0.0491384	0.801772	0.387685	0.175935	0.138325	0.280133	0.421997	0.290056	0.273411	0.236213	0.0208685	99.991	0.0999383	0.0272152	0.0298751
2127.08	0.00833333	0.954971	0.485756	0.454506	0.97747	0.138354	0.219812	0.87412	0.995097	0.0248999	0.174352	0.459493	0.454973	0.466996	0.431828	0.161997	0.0112078	97.9014	0.0995136	0.0296697	0.0039614
2127.08	0.00833333	0.951718	0.706657	0.137184	0.452545	0.242625	0.309933	0.439894	0.375656	0.253007	0.178599	0.178434	0.909183	0.490288	0.759578	0.0357417	0.110141	98.3257	0.0999268	0.0297658	0.00654706
2127.08	0.00833333	0.95088	0.512339	0.600781	0.707447	0.447819	0.467885	0.874193	0.609479	0.122561	0.101356	0.100821	0.843362	0.702141	0.337238	0.130543	0.0684835	98.6586	0.0999407	0.0289921	0.0203495
2127.09	0.00833333	0.946796	0.735979	0.203385	0.180974	0.428316	0.462294	0.527415	0.572114	0.832709	0.0678832	0.602066	0.687312	0.313133	0.695157	0.0573023	0.0740825	98.1011	0.099888	0.0298503	0.00222776
2127.1	0.00833333	0.946136	0.575718	0.3802	0.61332	0.478326	0.252171	0.319088	0.235728	0.477757	0.0431936	0.516121	0.829698	0.660992	0.84665	0.0374282	0.103012	99.7891	0.0998181	0.029419	0.0165702
2127.11	0.00833333	0.940939	0.471277	0.332759	0.662707	0.746375	0.365474	0.728504	0.0327835	0.115672	0.138731	0.660116	0.273518	0.771493	0.268659	0.0745871	0.222899	100.425	0.099741	0.029828	0.00669044
2127.12	0.00833333	0.948136	0.225289	0.119389	0.373981	0.550173	0.395556	0.681393	0.789291	0.163155	0.302601	0.87398	0.27819	0.471925	0.52809	0.128172	0.0175798	98.5927	0.0994346	0.0297302	0.00898277
2127.13	0.00833333	0.949729	0.210335	0.313528	0.212204	0.525256	0.227705	0.138972	0.596448	0.216145	0.168283	0.496572	0.193842	0.879578	0.025188	0.071947	0.164971	98.5875	0.0999874	0.0294778	0.0172093
2127.14	0.00833333	0.94471	0.798678	0.405019	0.405241	0.376047	0.850092	0.221668	0.170626	0.489542	0.0242758	0.0718584	0.336203	0.872774	0.601784	0.0801886	0.138997	98.9913	0.0998532	0.0298275	0.00338949
2127.15	0.00833333	0.955579	0.635446	0.722561	0.553502	0.461915	0.79032	0.289297	0.379866	0.519185	0.30352	0.6268	0.82458	0.377711	0.262217	0.168747	0.00372624	98.4915	0.0997962	0.029279	0.017787
2127.15	0.00833333	0.944586	0.323012	0.672174	0.048577	0.148819	0.437552	0.525043	0.360563	0.584361	0.13673	0.158385	0.887338	0.125924	0.40101	0.0829727	0.19427	99.0026	0.0997685	0.0298629	0.00478032
2127.18	0.00833333	0.948932	0.658678	0.821416	0.344627	0.119389	0.106651	0.561091	0.661656	0.871095	0.528067	0.427407	0.203885	0.458913	0.621918	0.239251	0.00475445	98.7239	0.0998256	0.0296935	0.0120143
2127.18	0.00833333	0.949945	0.407415	0.600639	0.0987039	0.23644	0.130107	0.487609	0.341056	0.134178	0.00324042	0.479282	0.624441	0.372102	0.341225	0.490079	0.00493713	99.2847	0.0997849	0.029632	0.00990117
2127.2	0.00833333	0.950226	0.56602	0.49675	0.54076	0.345054	0.565354	0.303267	0.660319	0.251555	0.273582	0.890888	0.258848	0.604255	0.585073	0.00870059	0.00231143	99.4479	0.0999173	0.0295954	0.013649
2127.2	0.00833333	0.955326	0.827269	0.355727	0.466708	0.0586061	0.253613	0.772453	0.537946	0.37444	0.220709	0.917466	0.777022	0.644697	0.894028	0.27182	0.0768467	97.5289	0.0998117	0.0293179	0.0179058
2127.2	0.00833333	0.954044	0.454969	0.330916	0.566336	0.761114	0.256494	0.670464	0.869181	0.294259	0.473403	0.424579	0.974158	0.344307	0.478213	0.0604258	0.00205601	98.4865	0.0999367	0.0296021	0.0138161
2127.22	0.00833333	0.953121	0.858867	0.223756	0.3872	0.351505	0.0474111	0.613417	0.448724	0.549991	0.196053	0.747011	0.586613	0.0835751	0.845907	0.0834757	0.129967	97.7379	0.0998265	0.0295839	0.0125106
2127.22	0.00833333	0.946103	0.655382	0.201088	0.50841	0.576256	0.00248738	0.298871	0.325065	0.509377	0.327744	0.339974	0.0232243	0.228101	0.0460461	0.286545	0.0297166	98.937	0.0996925	0.0297692	0.00732203
2127.22	0.00833333	0.941144	0.622581	0.289337	0.604708	0.0325608	0.571359	0.780596	0.409634	0.20326	0.126874	0.439348	0.569508	0.635757	0.504395	0.218759	0.0707614	98.8087	0.0999081	0.0299691	0.00514358
2127.23	0.00833333	0.947664	0.382718	0.676603	0.495501	0.861217	0.140968	0.468573	0.690155	0.445908	0.0431877	0.0777052	0.543479	0.0637506	0.478652	0.027042	0.113263	99.4609	0.0998112	0.0294311	0.0166248
2127.23	0.00833333	0.951335	0.073932	0.114457	0.760119	0.284972	0.699892	0.888278	0.709835	0.484843	0.193524	0.851168	0.405929	0.693958	0.252739	0.153972	0.105266	99.0931	0.099784	0.0295232	0.0140141
2127.24	0.00833333	0.948847	0.978562	0.682166	0.916158	0.391642	0.0166648	0.745334	0.828641	0.400723	0.383753	0.888963	0.124103	0.886894	0.535109	0.171196	0.109975	97.6509	0.0999833	0.0298444	0.00352372
2127.26	0.00833333	0.952047	0.262542	0.0348169	0.604652	0.0456609	0.18691	0.724881	0.533927	0.590629	0.0402389	0.645047	0.640107	0.806502	0.163921	0.108261	0.294587	98.0373	0.099724	0.0296847	0.0113865
2127.27	0.00833333	0.943804	0.666446	0.606247	0.603956	0.896183	0.428868	0.259043	0.310692	0.0791174	0.408128	0.44924	0.364948	0.391628	0.135847	0.0405755	0.209291	99.4998	0.0999548	0.0298349	0.00235264
2127.27	0.00833333	0.949312	0.714929	0.512987	0.929228	0.208039	0.317989	0.482625	0.606955	0.155111	0.132291	0.425871	0.700219	0.424802	0.304705	0.138232	0.0705228	98.9489	0.0998745	0.0296403	0.00751377
2127.28	0.00833333	0.943013	0.479467	0.90256	0.239835	0.260704	0.0221184	0.302152	0.323068	0.0664399	0.372752	0.945625	0.220593	0.0759252	0.0616772	0.278368	0.110522	99.8874	0.0997156	0.0297561	0.0095856
2127.29	0.00833333	0.947589	0.477342	0.413842	0.00789718	0.486158	0.317079	0.34236	0.512997	0.671991	0.0959401	0.715748	0.791233	0.14118	0.602478	0.203637	0.0377438	99.428	0.0998949	0.0297183	0.00663898
2127.3	0.00833333	0.945567	0.466593	0.472376	0.0120006	0.0798782	0.188026	0.850159	0.0530642	0.201381	0.10399	0.210736	0.392508	0.427189	0.554843	0.0075202	0.228788	98.6319	0.0996793	0.0296613	0.000990548
2127.3	0.00833333	0.951119	0.637908	0.533513	0.723075	0.180135	0.422791	0.973254	0.286672	0.51685	0.270594	0.671416	0.489191	0.283051	0.478386	0.141775	0.0263265	98.7929	0.0997475	0.0296113	0.0105088
2127.3	0.00833333	0.958389	0.962194	0.299176	0.46298	0.7703	0.512836	0.29676	0.494157	0.00829303	0.158685	0.612077	0.309106	0.328725	0.1941	0.0912684	0.0146713	98.3693	0.0997125	0.0287325	0.0231772
2127.31	0.00833333	0.947953	0.657379	0.696278	0.606037	0.678092	0.27329	0.744649	0.473137	0.0844112	0.275268	0.561204	0.531519	0.0641114	0.585458	0.135874	0.0396665	98.9352	0.099996	0.0296233	0.011774
2127.31	0.00833333	0.952371	0.0286687	0.631368	0.871275	0.310095	0.0423508	0.493958	0.612654	0.45868	0.0640384	0.734553	0.276184	0.376557	0.208976	0.14181	0.120574	98.8682	0.0993797	0.0295118	0.0108307
2127.32	0.00833333	0.953787	0.136321	0.287374	0.830607	0.651303	0.446764	0.323762	0.284626	0.928637	0.255307	0.720721	0.436521	0.277027	0.159502	0.0796454	0.066959	99.3674	0.0997232	0.0287792	0.0217208
2127.33	0.00833333	0.948604	0.0336079	0.182361	0.413629	0.529549	0.133763	0.480632	0.653428	0.338153	0.358279	0.345411	0.864569	0.298668	0.652179	0.170608	0.0857565	98.2561	0.0997326	0.0298428	0.00433405
2127.33	0.00833333	0.942317	0.248417	0.131321	0.0736994	0.749194	0.123592	0.23665	0.775735	0.336986	0.0756006	0.44325	0.438049	0.717346	0.33546	0.29921	0.0803788	99.5159	0.099882	0.0298453	0.00939322
2127.33	0.00833333	0.943487	0.652626	0.600552	0.0131622	0.29497	0.324678	0.316214	0.171189	0.522141	0.118438	0.534885	0.947267	0.317222	0.0934073	0.240803	0.0282677	100.454	0.0998602	0.0296553	0.0146584
2127.34	0.00833333	0.949136	0.156514	0.430957	0.596192	0.461507	0.41018	0.622419	0.497712	0.472083	0.082978	0.243741	0.603957	0.0287812	0.79523	0.112985	0.0790256	97.8504	0.0995046	0.0298186	0.00281974
2127.34	0.00833333	0.95302	0.191387	0.136262	0.602219	0.62645	0.501797	0.42818	0.82876	0.446068	0.0771195	0.0111928	0.190629	0.137645	0.641183	0.195751	0.130668	98.2707	0.0998706	0.0296397	0.0152391
2127.35	0.00833333	0.946135	0.206907	0.619134	0.00553128	0.103129	0.49633	0.305431	0.363097	0.422043	0.0303575	0.624696	0.365623	0.99189	0.389911	0.267353	0.0458743	99.855	0.0999504	0.0287867	0.0222446
2127.36	0.00833333	0.946647	0.622016	0.100511	0.205198	0.0573263	0.11071	0.578275	0.679221	0.254382	0.62592	0.868518	0.329488	0.309571	0.1183	0.0668701	0.00859736	99.9676	0.0993912	0.0295144	0.0128744
2127.37	0.00833333	0.941457	0.0415756	0.435309	0.0857958	0.519342	0.00816123	0.345964	0.593966	0.860635	0.326431	0.553123	0.462839	0.441596	0.395306	0.00189358	0.0158201	100.362	0.0999033	0.029798	0.00385749
2127.37	0.00833333	0.948091	0.654485	0.0488599	0.396616	0.197606	0.340591	0.0817468	0.431101	0.272879	0.16768	0.163186	0.723607	0.111767	0.0855994	0.528876	0.0440307	97.7603	0.0999094	0.0298815	0.00707163
2127.37	0.00833333	0.948133	0.58841	0.770918	0.337455	0.174525	0.128194	0.812139	0.878882	0.540393	0.308757	0.68029	0.791125	0.408662	0.292682	0.322579	0.160034	97.653	0.0999743	0.0299318	0.00648413
2127.38	0.00833333	0.954503	0.692925	0.582172	0.45502	0.294561	0.476241	0.883415	0.324985	0.0692757	0.00175773	0.577625	0.355269	0.356721	0.432303	0.0716952	0.254004	97.8361	0.0998551	0.0292299	0.0188313
2127.38	0.00833333	0.949119	0.63411	0.827426	0.972776	0.00474757	0.649407	0.861192	0.551949	0.0931134	0.111912	0.76298	0.601593	0.702675	0.156056	0.0745385	0.123843	98.0298	0.0999983	0.0298097	0.00115703
2127.39	0.00833333	0.951368	0.581343	0.321673	0.190088	0.660862	0.146895	0.556588	0.0970791	0.613037	0.468893	0.271852	0.407673	0.360992	0.0103237	0.29191	0.041119	99.0015	0.0996079	0.029499	0.0153362
2127.39	0.00833333	0.956688	0.88595	0.816689	0.787096	0.0476046	0.317217	0.928218	0.129335	0.324501	0.0540762	0.0568909	0.842956	0.480358	0.356679	0.166803	0.104288	97.9719	0.099732	0.0286508	0.0227326
2127.39	0.00833333	0.942637	0.278391	0.529591	0.212338	0.153095	0.130367	0.236435	0.751417	0.393601	0.213394	0.175107	0.362986	0.548289	0.0884758	0.125247	0.234886	99.8645	0.099639	0.0297706	0.00910061
2127.39	0.00833333	0.948169	0.328495	0.775741	0.794252	0.875407	0.360695	0.944439	0.408041	0.191167	0.0160881	0.00163221	0.516817	0.774583	0.0557072	0.143694	0.0703219	98.6763	0.0992533	0.029731	0.00462147
2127.39	0.00833333	0.954846	0.0287592	0.43638	0.433247	0.390262	0.413481	0.556181	0.209987	0.569434	0.245916	0.793272	0.358165	0.384629	0.895476	0.0819035	0.0831002	97.8643	0.0998204	0.0296286	0.0138821
2127.39	0.00833333	0.956058	0.769649	0.659682	0.466087	0.0579823	0.490829	0.359873	0.790168	0.313369	0.0202254	0.169531	0.794152	0.608763	0.87021	0.0290752	0.15288	99.1648	0.0994378	0.0282502	0.0248353
2127.4	0.00833333	0.946765	0.25651	0.562988	0.323345	0.268115	0.459434	0.199861	0.797562	0.818745	0.382247	0.969953	0.358667	0.65607	0.111829	0.169903	0.102604	99.4848	0.0999269	0.0297331	0.00880952
2127.4	0.00833333	0.950561	0.0327067	0.00138751	0.460293	0.0624226	0.126489	0.715244	0.137456	0.300987	0.280776	0.853715	0.732723	0.445674	0.527304	0.22461	0.203332	97.5324	0.0998833	0.0299177	0.00719592
2127.4	0.00833333	0.956318	0.87554	0.220053	0.595857	0.452782	0.668079	0.158083	0.350217	0.520831	0.0675113	0.591261	0.332254	0.235835	0.772247	0.0986376	0.162214	99.1936	0.0996067	0.0281095	0.0255469
2127.4	0.00833333	0.954765	0.112361	0.843136	0.294616	0.91669	0.25655	0.0114759	0.697332	0.559745	0.0488884	0.87326	0.41055	0.554909	0.30004	0.0689919	0.255126	98.4335	0.099759	0.0293658	0.0172197
2127.4	0.00833333	0.9483	0.218728	0.192884	0.882396	0.242562	0.710358	0.289774	0.4121	0.222375	0.290063	0.839386	0.75021	0.170216	0.407063	0.186467	0.0692926	99.1448	0.0998527	0.0297717	0.0121653
2127.41	0.00833333	0.950456	0.852925	0.605152	0.729374	0.235472	0.120368	0.669124	0.514652	0.486222	0.281966	0.127934	0.942632	0.796173	0.488762	0.355029	0.0436364	98.923	0.0999556	0.0295614	0.0127515
2127.42	0.00833333	0.952541	0.680169	0.938811	0.426952	0.809104	0.364315	0.382969	0.180658	0.611846	0.0885441	0.427496	0.263938	0.512566	0.136217	0.153139	0.136353	98.272	0.0999688	0.0295378	0.0145078
2127.42	0.00833333	0.955306	0.397824	0.426872	0.565275	0.744279	0.446181	0.279548	0.146478	0.230926	0.30604	0.406332	0.625243	0.253204	0.0104289	0.0744602	0.0581006	98.6553	0.0997307	0.0282076	0.0250797
2127.42	0.00833333	0.953105	0.498216	0.32861	0.444987	0.329115	0.0690864	0.328166	0.775223	0.49881	0.0917767	0.353547	0.267141	0.65678	0.299614	0.192875	0.0582837	99.0148	0.0993901	0.029205	0.016607
2127.43	0.00833333	0.949156	0.717574	0.594881	0.502161	0.699512	0.139415	0.820572	0.635587	0.255609	0.215169	0.57397	0.684702	0.617926	0.603681	0.047058	0.127111	99.3839	0.0998922	0.0297466	0.00597329
2127.43	0.00833333	0.946162	0.838196	0.587833	0.972539	0.679327	0.511565	0.0651099	0.335873	0.900153	0.117684	0.177965	0.810817	0.085904	0.0321695	0.0558688	0.049992	98.4511	0.0999893	0.0298943	0.00675686
2127.44	0.00833333	0.945338	0.433587	0.166339	0.874421	0.380978	0.248175	0.972283	0.082314	0.861948	0.26467	0.284298	0.497674	0.55057	0.246382	0.164391	0.179368	99.1724	0.0999051	0.029887	0.00708069
2127.44	0.00833333	0.95333	0.8146	0.290878	0.92719	0.0116893	0.297136	0.536076	0.353645	0.226183	0.11207	0.476601	0.0830077	0.311071	0.363737	0.0934072	0.182723	98.7645	0.099587	0.0295074	0.010006
2127.45	0.00833333	0.950925	0.307507	0.404122	0.877705	0.321347	0.296857	0.613419	0.402013	0.457954	0.443858	0.67581	0.235164	0.720648	0.0211142	0.0831435	0.0599568	97.595	0.0995714	0.0297589	0.0055573
2127.46	0.00833333	0.949079	0.0868435	0.177277	0.523068	0.631043	0.779204	0.621839	0.660052	0.677141	0.320586	0.0721911	0.613362	0.373971	0.726142	0.0698849	0.0126437	97.7955	0.0997957	0.0297946	0.0041477
2127.47	0.00833333	0.957619	0.410832	0.712492	0.251096	0.313737	0.291248	0.39843	0.0100341	0.178505	0.276634	0.877481	0.442157	0.131904	0.331809	0.215482	0.121732	98.0612	0.0999492	0.0289916	0.0197949
2127.47	0.00833333	0.944262	0.154784	0.687513	0.264012	0.712845	0.0244354	0.252581	0.428605	0.132955	0.138978	0.109375	0.336977	0.332556	0.278748	0.0245532	0.230412	98.5157	0.0999914	0.0297169	0.00241606
2127.47	0.00833333	0.95075	0.360538	0.194028	0.43171	0.37771	0.357657	0.282514	0.224729	0.926013	0.223785	0.824976	0.418258	0.180462	0.900922	0.109002	0.0500179	97.7593	0.099765	0.0298848	0.00653566
2127.48	0.00833333	0.949988	0.751999	0.287837	0.114411	0.414362	0.387777	0.82483	0.0979212	0.555361	0.230656	0.560208	0.633155	0.0902474	0.190768	0.1272	0.0272225	99.8702	0.0998059	0.0284939	0.0236153
2127.48	0.00833333	0.950314	0.432746	0.84685	0.621643	0.130388	0.0896798	0.532757	0.132615	0.572815	0.0668953	0.0226245	0.823504	0.295864	0.201477	0.173328	0.0996713	99.2553	0.0999791	0.0279911	0.0277765
2127.49	0.00833333	0.957095	0.850058	0.322754	0.418362	0.540935	0.36333	0.497942	0.240114	0.437991	0.0801269	0.394743	0.369004	0.639754	0.342	0.164771	0.114077	98.066	0.0993925	0.0291708	0.0187901
2127.49	0.00833333	0.948758	0.176736	0.402001	0.486477	0.628406	0.0332077	0.33378	0.581486	0.194626	0.187468	0.79953	0.208176	0.335329	0.0113338	0.208884	0.0706585	98.2511	0.0996104	0.0298809	0.00449844
2127.5	0.00833333	0.955517	0.0327489	0.36782	0.748574	0.413398	0.544668	0.245743	0.44617	0.73784	0.193925	0.186846	0.296402	0.3138	0.35191	0.219514	0.0355967	97.8597	0.0995658	0.0294789	0.0160261
2127.5	0.00833333	0.954229	0.549601	0.333212	0.61105	0.303047	0.620666	0.100213	0.618542	0.309298	0.0693499	0.188347	0.928825	0.126153	0.232872	0.00279566	0.0219957	98.3628	0.0995061	0.0296477	0.0037727
