distance	weight	r0	r1	r2	r3	r4	r5	r6	r7	r8	r9	r10	r11	r12	r13	r14	r15	tp	dr1	dr2	dr3
2126.12	0.00833333	0.941038	0.431499	0.193705	0.54223	0.756341	0.159402	0.950746	0.693571	0.102071	0.058468	0.908036	0.185377	0.448873	0.61038	0.151693	0.0656426	99.0409	0.0999886	0.0299618	0.001306
2126.24	0.00833333	0.948942	0.891071	0.134996	0.779515	0.59201	0.699627	0.290504	0.893784	0.400207	0.0826488	0.816554	0.613347	0.239066	0.296828	0.0156838	0.0439222	99.2451	0.099829	0.0296773	0.012007
2126.38	0.00833333	0.951983	0.642062	0.558712	0.994937	0.0309187	0.316678	0.9387	0.49614	0.217692	0.118667	0.136991	0.648167	0.506128	0.306665	0.175369	0.0310693	98.1138	0.0999403	0.0296013	0.0139891
2126.54	0.00833333	0.950159	0.724578	0.441631	0.79525	0.213828	0.571866	0.324188	0.325908	0.242724	0.315075	0.0169022	0.661735	0.0296641	0.430674	0.0361171	0.0948435	98.3357	0.099904	0.0297729	0.0104145
2126.57	0.00833333	0.950318	0.288872	0.646167	0.0516923	0.678257	0.307286	0.277013	0.491069	0.460681	0.0171835	0.723655	0.0818397	0.609704	0.195627	0.0550284	0.184092	99.322	0.0998529	0.0295603	0.0142767
2126.68	0.00833333	0.953468	0.756043	0.467991	0.281463	0.239227	0.198257	0.782777	0.508525	0.0597078	0.300611	0.599923	0.87007	0.448332	0.157784	0.221967	0.1668	99.3892	0.099875	0.0283728	0.02494
2126.71	0.00833333	0.950729	0.339669	0.611632	0.275925	0.940016	0.505584	0.374074	0.475234	0.178493	0.00511408	0.501895	0.433025	0.0457267	0.197655	0.20328	0.0713467	97.8488	0.0998462	0.0298386	0.00760818
2126.81	0.00833333	0.947308	0.424323	0.297048	0.32255	0.515802	0.172422	0.677565	0.4016	0.72779	0.0831889	0.597438	0.566537	0.187207	0.734201	0.297848	0.0402121	97.7361	0.0999974	0.0298022	0.000744459
2126.82	0.00833333	0.952642	0.568604	0.489584	0.153915	0.950203	0.177517	0.0839458	0.426947	0.261359	0.208295	0.31302	0.776341	0.668467	0.388837	0.303634	0.00344311	99.3198	0.0999705	0.0290491	0.0203394
2126.83	0.00833333	0.952241	0.888553	0.450621	0.0204544	0.539931	0.351691	0.409095	0.874214	0.04815	0.34771	0.131054	0.403189	0.357804	0.117352	0.176237	0.0577764	98.4837	0.0998606	0.0295662	0.0158029
2126.87	0.00833333	0.952858	0.534903	0.750901	0.407094	0.319897	0.0260693	0.568952	0.217659	0.603619	0.156963	0.00169084	0.901991	0.0942027	0.151449	0.213689	0.0838535	99.1473	0.0996758	0.0282127	0.0258303
2126.93	0.00833333	0.956305	0.964136	0.117287	0.539517	0.665175	0.775133	0.40877	0.654722	0.964003	0.126345	0.552437	0.865902	0.0285674	0.35061	0.0509037	0.106898	97.6123	0.0999761	0.0293157	0.0171788
2127	0.00833333	0.947588	0.0982266	0.583928	0.721121	0.314556	0.0682366	0.390221	0.432258	0.947403	0.157469	0.062862	0.558923	0.213098	0.337098	0.0612553	0.113189	100.237	0.0998851	0.029133	0.0195217
2127.01	0.00833333	0.94887	0.167028	0.671967	0.914884	0.826243	0.245347	0.00440623	0.506315	0.604789	0.0331914	0.197761	0.857034	0.340881	0.218463	0.0211092	0.0277418	99.7625	0.0995325	0.029024	0.0197952
2127.01	0.00833333	0.949737	0.635969	0.188558	0.261145	0.253835	0.673775	0.379011	0.191346	0.301605	0.216068	0.301939	0.851022	0.300263	0.405779	0.155287	0.0860046	99.1097	0.0998704	0.0296337	0.013494
2127.01	0.00833333	0.946426	0.488252	0.503714	0.356383	0.246279	0.234969	0.0253977	0.428821	0.519899	0.134261	0.706615	0.0739419	0.0277227	0.0273511	0.169787	0.0374509	99.6718	0.0998679	0.0294966	0.0149176
2127.06	0.00833333	0.953436	0.408809	0.0572489	0.791916	0.506633	0.456046	0.422017	0.119514	0.230711	0.454553	0.261731	0.443321	0.312541	0.0273039	0.13716	0.0601715	98.9858	0.0999933	0.0282596	0.0251198
2127.07	0.00833333	0.955551	0.875286	0.507658	0.402032	0.590729	0.181246	0.856543	0.601039	0.321909	0.249613	0.0253336	0.544589	0.28319	0.380992	0.197786	0.0440663	97.8518	0.0999531	0.0284321	0.0247395
2127.15	0.00833333	0.949666	0.719087	0.417232	0.386716	0.040391	0.0462424	0.479856	0.397051	0.573016	0.183094	0.17958	0.412027	0.0303042	0.190817	0.340043	0.119325	98.5437	0.0997208	0.0297411	0.00909719
2127.17	0.00833333	0.942057	0.793554	0.766137	0.81233	0.646964	0.635283	0.373482	0.0563676	0.0882644	0.0775305	0.248055	0.353562	0.63204	0.286574	0.0781844	0.0472249	99.6677	0.0996486	0.0297703	0.00597506
2127.17	0.00833333	0.955546	0.63639	0.470109	0.535774	0.359608	0.38467	0.0633756	0.180219	0.325663	0.133102	0.131725	0.604695	0.681339	0.682503	0.165836	0.153228	97.966	0.0999277	0.0282685	0.0257095
2127.18	0.00833333	0.953986	0.348924	0.43294	0.471166	0.247417	0.0576776	0.77608	0.371182	0.447244	0.0482195	0.57435	0.0102732	0.405055	0.185561	0.304897	0.31222	98.936	0.099848	0.028609	0.0233873
2127.18	0.00833333	0.954262	0.439972	0.102958	0.665662	0.359835	0.994072	0.135972	0.596089	0.675163	0.0926138	0.0748433	0.760493	0.0840706	0.27979	0.187392	0.0591317	98.7734	0.0999107	0.0285008	0.0237165
2127.21	0.00833333	0.953257	0.895333	0.596335	0.58802	0.901746	0.96249	0.373741	0.211816	0.0130295	0.271009	0.640522	0.0142292	0.20736	0.716282	0.0893753	0.0479156	97.7398	0.0998241	0.0294879	0.0170739
2127.21	0.00833333	0.94491	0.276959	0.134599	0.273708	0.29294	0.776881	0.675382	0.714195	0.413975	0.0436919	0.177818	0.365108	0.43967	0.218658	0.40105	0.0142022	98.6084	0.0998897	0.029796	0.00406934
2127.21	0.00833333	0.952844	0.319646	0.302553	0.738256	0.269325	0.0149164	0.796395	0.658397	0.0451258	0.168901	0.430083	0.0591072	0.747856	0.221362	0.226707	0.0146952	97.92	0.0996111	0.0297253	0.0125866
2127.21	0.00833333	0.945072	0.646807	0.114044	0.655628	0.00586197	0.517725	0.826324	0.414233	0.096635	0.367802	0.115192	0.791765	0.744371	0.675461	0.121206	0.0537449	99.833	0.0995325	0.0296917	0.00757705
2127.22	0.00833333	0.949279	0.527905	0.920744	0.560337	0.418183	0.845429	0.304212	0.38114	0.621996	0.237461	0.401523	0.147328	0.440357	0.298764	0.25625	0.00913652	99.059	0.0995893	0.0296723	0.0108521
2127.26	0.00833333	0.948089	0.115269	0.472616	0.521353	0.134027	0.153184	0.924113	0.924341	0.337398	0.0437719	0.580129	0.735091	0.19922	0.418343	0.158315	0.112379	99.8149	0.0995324	0.028385	0.0246792
2127.3	0.00833333	0.95245	0.303226	0.871215	0.374947	0.1344	0.00692955	0.632748	0.695795	0.316983	0.0807923	0.307824	0.503121	0.368282	0.424625	0.448884	0.157126	97.7634	0.0999565	0.0295263	0.0149052
2127.3	0.00833333	0.941917	0.864512	0.0808048	0.113571	0.321449	0.2129	0.420999	0.284648	0.382335	0.282739	0.011372	0.375182	0.517998	0.427852	0.132695	0.218729	99.5215	0.0999963	0.0296931	0.01281
2127.32	0.00833333	0.947499	0.427592	0.16145	0.588286	0.561342	0.0110213	0.393667	0.572312	0.343432	0.239403	0.0923782	0.94032	0.543615	0.615759	0.236305	0.0406598	98.0538	0.0997985	0.0299586	0.00223271
2127.32	0.00833333	0.955338	0.90752	0.751673	0.304209	0.0187662	0.612991	0.464432	0.148231	0.428388	0.042558	0.846703	0.904503	0.937565	0.601806	0.119126	0.0993131	98.4139	0.0994841	0.029448	0.0154482
2127.33	0.00833333	0.951192	0.293135	0.167927	0.80586	0.513733	0.385058	0.476043	0.139524	0.458076	0.481193	0.459849	0.60365	0.676726	0.460994	0.137902	0.0724834	99.3317	0.099632	0.0294506	0.0161054
2127.35	0.00833333	0.948668	0.42996	0.344504	0.357796	0.107851	0.155338	0.820348	0.985467	0.328417	0.528996	0.407685	0.189779	0.355761	0.0516401	0.0209783	0.0392523	99.1809	0.0993073	0.0297521	0.00502265
2127.36	0.00833333	0.953398	0.261316	0.5154	0.452964	0.53658	0.185979	0.649539	0.462393	0.107934	0.45315	0.0251529	0.453751	0.0646488	0.144064	0.221546	0.0291671	98.0144	0.0996322	0.0297607	0.010853
2127.36	0.00833333	0.94582	0.248827	0.368564	0.613767	0.226823	0.422367	0.856763	0.499197	0.173677	0.0443013	0.509789	0.189193	0.471614	0.590075	0.0410938	0.0286496	99.7154	0.0997686	0.029288	0.0175714
2127.4	0.00833333	0.952058	0.296879	0.884775	0.154271	0.424651	0.0659613	0.834386	0.706731	0.963456	0.0300219	0.870082	0.637969	0.385822	0.273915	0.0013495	0.0552273	98.8676	0.0991166	0.0296015	0.00791761
2127.41	0.00833333	0.943289	0.331316	0.297608	0.419374	0.50139	0.212225	0.240117	0.646227	0.01942	0.198926	0.27598	0.157076	0.749297	0.393626	0.146348	0.269637	98.9343	0.0999277	0.0299029	0.00115145
2127.41	0.00833333	0.953515	0.442904	0.324378	0.015643	0.234249	0.615847	0.426779	0.402979	0.429601	0.0461866	0.137638	0.682528	0.2512	0.215857	0.268024	0.0736097	98.7993	0.099517	0.0294877	0.0119879
2127.42	0.00833333	0.941686	0.175791	0.860522	0.631383	0.884431	0.20032	0.416032	0.602255	0.266899	0.218469	0.159137	0.472547	0.338261	0.592335	0.0817162	0.226067	99.2487	0.0999611	0.0299552	8.07107e-06
2127.42	0.00833333	0.943882	0.795245	0.275635	0.558181	0.257824	0.047272	0.753303	0.424226	0.0365689	0.117353	0.885675	0.555285	0.679791	0.903071	0.076239	0.206223	98.8312	0.0998793	0.0297745	0.010912
2127.43	0.00833333	0.95482	0.722209	0.405469	0.416739	0.567102	0.471181	0.705018	0.897043	0.516933	0.110101	0.0799479	0.758137	0.483496	0.888932	0.167945	0.116	98.0951	0.0997013	0.029513	0.0148987
2127.44	0.00833333	0.950461	0.737221	0.15743	0.105831	0.370697	0.350006	0.885075	0.150917	0.314261	0.459597	0.512677	0.53058	0.178525	0.401212	0.315042	0.0970914	99.2209	0.099949	0.0293868	0.0157604
2127.45	0.00833333	0.956186	0.0360898	0.178635	0.69143	0.853691	0.124865	0.460149	0.186441	0.232756	0.0778603	0.944736	0.607049	0.535036	0.198765	0.0930747	0.0792339	99.2002	0.0993622	0.0293889	0.0132384
2127.48	0.00833333	0.950824	0.191698	0.456544	0.614408	0.322059	0.215611	0.712591	0.965185	0.481176	0.300718	0.414904	0.317118	0.125248	0.1927	0.399651	0.123707	99.1487	0.0996964	0.0290231	0.0211096
2127.48	0.00833333	0.954029	0.585841	0.637087	0.680954	0.1459	0.126861	0.341366	0.935712	0.00744493	0.359046	0.584842	0.208449	0.813682	0.16869	0.0413364	0.17355	98.0655	0.0997933	0.0297702	0.00785958
2127.48	0.00833333	0.948599	0.320556	0.37778	0.182458	0.65217	0.364425	0.35981	0.830932	0.24066	0.0487927	0.361695	0.855699	0.464244	0.246482	0.105249	0.0558409	98.3479	0.0997496	0.0299294	0.00772708
2127.49	0.00833333	0.943896	0.274031	0.372172	0.439977	0.783894	0.590277	0.380924	0.851486	0.287898	0.431439	0.995897	0.853419	0.204251	0.368374	0.228109	0.0962215	99.2322	0.0996453	0.0298908	0.00481093
2127.51	0.00833333	0.948855	0.0625151	0.224614	0.792177	0.125127	0.00934729	0.902588	0.798807	0.588257	0.473376	0.939195	0.111675	0.805471	0.725312	0.103605	0.136144	99.2706	0.0998733	0.0294914	0.0168446
2127.51	0.00833333	0.951444	0.445009	0.453666	0.149883	0.0375988	0.423501	0.622105	0.240535	0.437679	0.234032	0.804091	0.540679	0.262064	0.580946	0.0460478	0.127117	97.6554	0.0995409	0.0297605	0.00394475
2127.51	0.00833333	0.955385	0.473434	0.193897	0.628073	0.395483	0.102089	0.763769	0.584422	0.0160634	0.0628503	0.116027	0.0651467	0.280438	0.747261	0.127452	0.079667	97.8644	0.099696	0.0295189	0.0167278
2127.52	0.00833333	0.950694	0.474213	0.546658	0.877438	0.222365	0.400643	0.364653	0.0459158	0.612619	0.492401	0.3549	0.185286	0.288216	0.500378	0.105959	0.106552	98.2859	0.0999686	0.0296696	0.0133403
2127.52	0.00833333	0.948382	0.757014	0.245626	0.801529	0.559857	0.438826	0.370393	0.0653718	0.47417	0.0790988	0.652388	0.072656	0.398907	0.363177	0.478206	0.038717	99.3349	0.0999452	0.0295009	0.0174007
2127.52	0.00833333	0.952814	0.370682	0.332319	0.395682	0.302323	0.322804	0.645881	0.624463	0.593668	0.00894921	0.873833	0.0378511	0.690895	0.0602693	0.252965	0.071083	99.4546	0.0996523	0.0295485	0.0122614
2127.54	0.00833333	0.957102	0.339043	0.530468	0.777668	0.124271	0.421019	0.735205	0.407751	0.209597	0.0217361	0.670379	0.0448757	0.666298	0.133876	0.0239782	0.0317617	98.3993	0.0994155	0.0294643	0.0124689
2127.54	0.00833333	0.956046	0.992864	0.0792002	0.932258	0.506052	0.270849	0.748561	0.991982	0.589779	0.143489	0.164689	0.53033	0.40005	0.866714	0.223049	0.135297	97.8195	0.099796	0.0290283	0.0204901
2127.55	0.00833333	0.956219	0.242062	0.520821	0.137294	0.707593	0.410721	0.18182	0.249486	0.598119	0.264172	0.693478	0.0953499	0.546501	0.0969603	0.0933203	0.0954842	98.5403	0.0996016	0.0288302	0.0204857
2127.56	0.00833333	0.947282	0.019141	0.295561	0.928666	0.428539	0.508837	0.708144	0.274676	0.734812	0.395124	0.280449	0.879499	0.831745	0.693189	0.04941	0.137496	98.6831	0.0997337	0.0297425	0.00768446
2127.56	0.00833333	0.946958	0.128076	0.714043	0.79984	0.661547	0.829	0.864261	0.242823	0.219763	0.117226	0.124444	0.447296	0.195645	0.52617	0.198163	0.0556615	99.0632	0.0994114	0.0297393	0.00373617
2127.58	0.00833333	0.942883	0.228692	0.836238	0.709826	0.442696	0.714007	0.290749	0.368166	0.812092	0.172318	0.261202	0.580585	0.230517	0.628342	0.146846	0.106282	99.3224	0.0998248	0.0298369	0.00161131
2127.58	0.00833333	0.949417	0.0154642	0.278658	0.100332	0.204906	0.964254	0.61711	0.563518	0.308246	0.178825	0.175014	0.343402	0.732324	0.219261	0.100834	0.0694017	99.3348	0.099427	0.0295865	0.012449
2127.6	0.00833333	0.952006	0.474331	0.221796	0.79986	0.791739	0.600588	0.020115	0.0592096	0.740587	0.106229	0.215836	0.949792	0.13684	0.336252	0.0615551	0.0355265	97.3649	0.0999768	0.0299863	0.00111354
2127.6	0.00833333	0.952401	0.215532	0.566485	0.620462	0.568817	0.371929	0.822975	0.0397789	0.122993	0.272143	0.994456	0.388572	0.582633	0.175811	0.00916148	0.0426787	98.3451	0.099233	0.0296487	0.00160565
2127.61	0.00833333	0.958505	0.446588	0.274022	0.40191	0.821129	0.0446719	0.132694	0.617229	0.468028	0.0778506	0.278066	0.512282	0.585687	0.78424	0.34536	0.00515067	98.4107	0.0999343	0.027803	0.0273869
2127.61	0.00833333	0.957774	0.302941	0.950697	0.702503	0.989102	0.456786	0.398769	0.522721	0.426058	0.131462	0.284366	0.248822	0.573536	0.912776	0.0714794	0.0815414	97.5997	0.099729	0.0283213	0.025112
2127.61	0.00833333	0.948957	0.355217	0.43604	0.802326	0.362812	0.809033	0.121357	0.448816	0.0497166	0.121545	0.636733	0.366513	0.677843	0.339949	0.307531	0.128437	98.7484	0.0997038	0.0296536	0.0128457
2127.62	0.00833333	0.949812	0.428624	0.309121	0.791491	0.797294	0.452706	0.914683	0.72261	0.172795	0.312605	0.0763164	0.185095	0.748834	0.557455	0.0211285	0.153329	97.516	0.0997625	0.0298345	0.00524825
2127.63	0.00833333	0.954799	0.407077	0.568505	0.794351	0.380331	0.0947594	0.566355	0.575048	0.119529	0.203362	0.150079	0.876154	0.693576	0.642421	0.234565	0.0870046	98.866	0.0994233	0.0289549	0.019795
2127.63	0.00833333	0.950522	0.159176	0.989942	0.4459	0.630943	0.441495	0.0376449	0.0898993	0.026854	0.269647	0.663899	0.774029	0.931818	0.0920525	0.345748	0.0552822	99.4315	0.0998212	0.0290011	0.0205763
2127.63	0.00833333	0.954127	0.343851	0.202955	0.397806	0.166613	0.359019	0.6886	0.193083	0.507779	0.0855736	0.579493	0.375816	0.609493	0.621296	0.267804	0.188276	98.3032	0.0997341	0.0297329	0.0107723
2127.64	0.00833333	0.95105	0.546835	0.423837	0.0448631	0.790723	0.456592	0.573697	0.896443	0.0935067	0.306056	0.750133	0.291461	0.523046	0.673775	0.12129	0.0816717	98.8253	0.0998723	0.0292256	0.0191486
2127.66	0.00833333	0.946377	0.156417	0.0587184	0.217308	0.556788	0.950368	0.605227	0.867995	0.182835	0.0909132	0.65948	0.0669494	0.393741	0.496196	0.0348129	0.223364	99.1182	0.0997593	0.0297219	0.00879948
2127.67	0.00833333	0.949549	0.588852	0.149102	0.689962	0.440596	0.540418	0.474215	0.77837	0.111192	0.552625	0.051954	0.662159	0.793916	0.451829	0.0589616	0.0176265	99.3487	0.0997947	0.0289585	0.0214476
2127.68	0.00833333	0.952414	0.318602	0.691583	0.564871	0.0621478	0.455099	0.292172	0.306667	0.155911	0.0217698	0.219726	0.723683	0.325483	0.257714	0.368395	0.0603965	99.8421	0.0994935	0.0277489	0.0269866
2127.69	0.00833333	0.953187	0.0800363	0.560357	0.450536	0.916414	0.325761	0.222586	0.160063	0.0401486	0.354847	0.498386	0.886904	0.743545	0.263361	0.0943557	0.259804	98.6823	0.0997767	0.0283985	0.024659
2127.7	0.00833333	0.951033	0.786933	0.64845	0.532199	0.52608	0.206643	0.863295	0.69728	0.615921	0.179213	0.0700305	0.103551	0.477681	0.287038	0.173771	0.162824	98.7669	0.0996479	0.0295995	0.00953414
2127.71	0.00833333	0.952845	0.460595	0.57115	0.84229	0.308027	0.548369	0.0091103	0.376471	0.974306	0.479428	0.583817	0.164806	0.633828	0.648028	0.0360495	0.0630454	98.0083	0.0998288	0.0295875	0.0141666
2127.71	0.00833333	0.954126	0.359995	0.623589	0.948473	0.935398	0.551742	0.281309	0.706943	0.557972	0.18735	0.661532	0.831635	0.0967029	0.295871	0.15806	0.114294	98.8114	0.0998225	0.0279811	0.0269271
2127.72	0.00833333	0.951786	0.380096	0.44386	0.794244	0.66862	0.620238	0.507059	0.481299	0.621795	0.259323	0.0294451	0.676497	0.545553	0.359903	0.00564901	0.0658593	98.1014	0.0997096	0.0297175	0.0136932
2127.72	0.00833333	0.949089	0.15312	0.310848	0.426507	0.117961	0.244227	0.0826064	0.398241	0.486296	0.314613	0.436465	0.095212	0.607886	0.29285	0.383045	0.0763586	99.915	0.099851	0.0283985	0.0247599
2127.73	0.00833333	0.953931	0.623002	0.131526	0.790054	0.338072	0.583446	0.124125	0.317166	0.264747	0.403813	0.753042	0.936255	0.278397	0.446727	0.0241288	0.0694655	98.1987	0.0998322	0.0297593	0.010759
2127.74	0.00833333	0.960028	0.621213	0.36001	0.056481	0.286252	0.00310253	0.541151	0.675962	0.560153	0.182722	0.415306	0.163305	0.162784	0.0191279	0.078935	0.0106945	97.6862	0.0994734	0.0288945	0.0194705
2127.74	0.00833333	0.948495	0.115184	0.753518	0.216703	0.701745	0.0871831	0.425663	0.331534	0.148582	0.340979	0.704658	0.817016	0.409784	0.809652	0.0330287	0.109901	98.1632	0.099882	0.0298093	0.00688145
2127.74	0.00833333	0.94621	0.433271	0.291805	0.387466	0.178579	0.176317	0.0290663	0.753497	0.927386	0.351464	0.13797	0.21962	0.835034	0.253917	0.314017	0.0586296	98.772	0.0997165	0.0298687	0.00962649
2127.76	0.00833333	0.951769	0.113362	0.504685	0.436905	0.481861	0.493312	0.974337	0.105656	0.209166	0.112073	0.472162	0.249056	0.941563	0.104809	0.257417	0.0108659	97.567	0.0995878	0.0297411	0.00108382
2127.76	0.00833333	0.947899	0.445723	0.472618	0.490909	0.41296	0.121651	0.55546	0.223601	0.217898	0.3421	0.711884	0.486844	0.833499	0.26782	0.1498	0.147127	99.3549	0.0999036	0.0295373	0.0135501
2127.76	0.00833333	0.95023	0.303107	0.440254	0.21401	0.222944	0.464166	0.406831	0.392768	0.872082	0.205346	0.350954	0.574697	0.000686139	0.187458	0.207261	0.143128	98.8813	0.0999901	0.0295638	0.0133373
2127.76	0.00833333	0.951296	0.0223111	0.695809	0.592097	0.468396	0.478369	0.116201	0.789332	0.898847	0.305829	0.356605	0.610586	0.241121	0.431095	0.320497	0.0398185	98.7312	0.0997685	0.0290714	0.0195652
2127.77	0.00833333	0.943959	0.146903	0.775866	0.649415	0.342477	0.792135	0.305823	0.821571	0.909696	0.188659	0.743363	0.807448	0.689607	0.277438	0.0131411	0.129244	98.8958	0.0999778	0.0298119	0.012863
2127.78	0.00833333	0.953361	0.966945	0.202387	0.492291	0.629474	0.571424	0.120892	0.380437	0.26144	0.109284	0.15815	0.489214	0.225717	0.99611	0.0614621	0.261694	99.0267	0.0998663	0.0281015	0.0263913
2127.79	0.00833333	0.954968	0.260824	0.595016	0.950177	0.530863	0.45835	0.6815	0.465483	0.476877	0.204397	0.31159	0.887619	0.293034	0.160572	0.235996	0.0525036	98.8993	0.0999756	0.0279891	0.0260465
2127.81	0.00833333	0.951325	0.781847	0.769168	0.610122	0.297897	0.243465	0.245854	0.144159	0.17053	0.359927	0.655216	0.357677	0.238003	0.180192	0.368535	0.113264	97.7663	0.0997486	0.0297723	0.0112853
2127.81	0.00833333	0.942244	0.523288	0.0413084	0.506049	0.743366	0.104612	0.515009	0.267269	0.34018	0.308137	0.954936	0.245623	0.180225	0.306468	0.397066	0.0249794	99.2524	0.0997585	0.0298198	0.00190311
2127.82	0.00833333	0.956137	0.0253506	0.331971	0.564312	0.639691	0.442788	0.835899	0.324401	0.668901	0.127408	0.680523	0.430946	0.501818	0.32605	0.148827	0.103545	98.9391	0.0995197	0.0290883	0.0186281
2127.82	0.00833333	0.957858	0.850667	0.251738	0.617512	0.860539	0.778841	0.504966	0.501102	0.196847	0.0629098	0.149455	0.325847	0.445621	0.469063	0.0942533	0.129904	97.3786	0.0999836	0.0294905	0.0155225
2127.82	0.00833333	0.951871	0.0398579	0.402702	0.327906	0.274093	0.378001	0.498035	0.929548	0.237981	0.156914	0.933874	0.553999	0.32579	0.195764	0.280401	0.136909	98.9567	0.0998668	0.0272631	0.0295337
2127.83	0.00833333	0.955246	0.00212608	0.301705	0.557251	0.0838212	0.198903	0.705855	0.0718317	0.888889	0.00215343	0.469371	0.496665	0.408107	0.676235	0.11264	0.0831021	98.7486	0.0991928	0.0294274	0.0101193
2127.83	0.00833333	0.953677	0.0629002	0.16364	0.440613	0.52619	0.441759	0.903404	0.680835	0.564554	0.180878	0.571505	0.740722	0.021319	0.0221625	0.121761	0.136673	98.069	0.0998938	0.0294945	0.0177983
2127.84	0.00833333	0.943178	0.458232	0.546802	0.439089	0.0820354	0.179099	0.91289	0.233996	0.28611	0.319217	0.281384	0.736383	0.284111	0.0061475	0.18795	0.082996	100.013	0.09995	0.029294	0.0192709
2127.85	0.00833333	0.953614	0.543838	0.255653	0.349294	0.260382	0.188879	0.893429	0.569383	0.859272	0.112224	0.450852	0.0578521	0.067193	0.725175	0.152909	0.111636	98.3324	0.0999098	0.0297435	0.0140882
2127.85	0.00833333	0.945736	0.578381	0.539611	0.534191	0.236036	0.551886	0.681635	0.195796	0.18025	0.584543	0.161166	0.0742054	0.436633	0.517214	0.113958	0.23181	98.9555	0.0999495	0.029823	0.00957168
2127.85	0.00833333	0.951021	0.18086	0.0578772	0.458422	0.471269	0.361285	0.661138	0.335854	0.303735	0.352825	0.608618	0.212186	0.128325	0.175354	0.0388605	0.205434	98.9144	0.0994321	0.0293596	0.0163263
2127.86	0.00833333	0.950945	0.0105969	0.440304	0.675321	0.442182	0.412184	0.157039	0.804518	0.0779414	0.38643	0.640978	0.974475	0.662492	0.619326	0.120434	0.0973308	99.1266	0.0995161	0.0296849	0.0120952
2127.87	0.00833333	0.949448	0.658364	0.937534	0.260106	0.348528	0.649409	0.0790267	0.203021	0.572767	0.429564	0.3538	0.653921	0.614291	0.24282	0.107873	0.111468	99.0678	0.0998458	0.0293661	0.018497
2127.88	0.00833333	0.952172	0.339991	0.94213	0.583965	0.350973	0.078921	0.478952	0.846028	0.818961	0.338655	0.196011	0.534902	0.328565	0.483156	0.268584	0.0438125	98.5802	0.0995619	0.0295496	0.012495
2127.9	0.00833333	0.951344	0.191163	0.199287	0.410949	0.461031	0.178878	0.368989	0.498957	0.527145	0.406517	0.914912	0.817183	0.181292	0.459159	0.196297	0.138852	98.0493	0.0998823	0.0297821	0.00389396
2127.9	0.00833333	0.953538	0.278517	0.45556	0.796312	0.543134	0.375789	0.158312	0.560063	0.509838	0.0205318	0.828506	0.0269912	0.623318	0.358818	0.720982	0.024966	98.98	0.0999452	0.0279787	0.0268549
2127.91	0.00833333	0.950523	0.807211	0.264148	0.612893	0.516331	0.360269	0.70887	0.883917	0.245006	0.148597	0.850982	0.918828	0.567105	0.303802	0.176101	0.0629148	99.6962	0.0994474	0.0292912	0.0163657
2127.92	0.00833333	0.948963	0.569965	0.1454	0.588291	0.392534	0.0372844	0.532667	0.309471	0.804051	0.174518	0.247179	0.430983	0.517891	0.00871989	0.129226	0.202023	98.0854	0.0995947	0.0299301	0.00482649
2127.93	0.00833333	0.955427	0.551595	0.834645	0.514513	0.655967	0.420386	0.409258	0.220388	0.26692	0.136536	0.587171	0.52057	0.734273	0.106781	0.338621	0.281308	98.0816	0.0998678	0.0290739	0.0198899
2127.94	0.00833333	0.953169	0.804187	0.639905	0.252098	0.909831	0.00791945	0.1083	0.481513	0.467998	0.0330814	0.859364	0.165588	0.713796	0.255944	0.228122	0.16716	97.7313	0.0994955	0.0296305	0.0122417
2127.95	0.00833333	0.951781	0.369469	0.446724	0.279983	0.389509	0.219226	0.41055	0.268762	0.612439	0.704709	0.401813	0.524089	0.276541	0.251139	0.293584	0.0420536	99.3889	0.0999803	0.0287863	0.0216386
2127.96	0.00833333	0.948037	0.05409	0.26968	0.716606	0.772245	0.188388	0.392784	0.681887	0.8888	0.219082	0.459288	0.461984	0.169536	0.885734	0.097732	0.134182	100.277	0.0995411	0.0295463	0.0119117
2127.96	0.00833333	0.949658	0.829576	0.355851	0.239932	0.250515	0.387901	0.39641	0.0270355	0.37953	0.199247	0.852713	0.619359	0.581093	0.337073	0.298738	0.0712393	99.5303	0.0996747	0.0287235	0.0217454
2127.96	0.00833333	0.950791	0.0495851	0.400895	0.419719	0.298071	0.274342	0.258987	0.826499	0.651302	0.424316	0.357764	0.46217	0.691734	0.404427	0.366268	0.150929	99.4664	0.099893	0.0290937	0.019548
2127.97	0.00833333	0.945199	0.289509	0.449995	0.91526	0.365495	0.662211	0.800216	0.77582	0.249615	0.210694	0.286896	0.529579	0.858634	0.195767	0.0843495	0.00621555	98.1316	0.099839	0.0300691	0.00406008
2127.97	0.00833333	0.949512	0.536336	0.0268225	0.44265	0.797795	0.50582	0.994164	0.566058	0.399869	0.343552	0.54168	0.183838	0.0579309	0.720559	0.381793	0.151713	99.3048	0.0999103	0.0295394	0.0145879
2127.97	0.00833333	0.958569	0.340464	0.23839	0.872781	0.607982	0.397303	0.140667	0.716749	0.926623	0.194205	0.0970518	0.0573888	0.0852457	0.548597	0.401409	0.00101086	98.4803	0.0994496	0.0292621	0.0171093
2127.99	0.00833333	0.950187	0.453374	0.560122	0.154588	0.13118	0.0648779	0.515682	0.378292	0.952357	0.12917	0.911346	0.0367171	0.753852	0.584959	0.269472	0.296747	99.1653	0.0998692	0.0291547	0.0201253
