distance	weight	r0	r1	r2	r3	r4	r5	r6	r7	r8	r9	r10	r11	r12	r13	r14	r15	tp	dr1	dr2	dr3
2129.82	0.00833333	0.95253	0.191909	0.588274	0.681381	0.160108	0.0229062	0.41214	0.501504	0.892263	0.304239	0.268292	0.823113	0.604311	0.619549	0.352924	0.245806	98.9936	0.0992188	0.0292901	0.015862
2130.28	0.00833333	0.954329	0.523347	0.0900891	0.479035	0.283141	0.366818	0.865042	0.998804	0.181835	0.20504	0.253355	0.427707	0.83406	0.702247	0.0658764	0.43061	100.485	0.0995545	0.0274845	0.0280302
2130.28	0.00833333	0.949055	0.582055	0.356245	0.863405	0.787216	0.691457	0.0579427	0.589071	0.737035	0.0516453	0.0486992	0.275444	0.207532	0.932811	0.526678	0.202937	99.098	0.0997711	0.0224482	0.0405132
2130.97	0.00833333	0.962907	0.50437	0.5809	0.411457	0.401225	0.468742	0.454526	0.367029	0.654452	0.501718	0.611574	0.902893	0.164861	0.630901	0.0105527	0.194048	97.5011	0.0987438	0.0293109	0.0148846
2131.9	0.00833333	0.959994	0.630814	0.687524	0.717612	0.0406174	0.601445	0.815003	0.33198	0.175177	0.181128	0.646147	0.0447804	0.358123	0.5554	0.0576414	0.333941	99.7652	0.0982787	0.0225153	0.0388338
2131.95	0.00833333	0.96558	0.534359	0.39871	0.94813	0.719948	0.0207141	0.448319	0.227011	0.601777	0.0501625	0.738988	0.154805	0.353417	0.0059571	0.708086	0.000412181	97.1527	0.0992814	0.0272006	0.0290206
2131.99	0.00833333	0.966786	0.187747	0.358486	0.0675413	0.981671	0.376815	0.0198322	0.57135	0.259508	0.400039	0.897863	0.461208	0.537307	0.632777	0.0175948	0.0589509	97.8793	0.0981658	0.0282067	0.0233404
2132.03	0.00833333	0.948337	0.797117	0.60689	0.71982	0.0545393	0.84979	0.393905	0.303141	0.4666	0.424513	0.43638	0.518197	0.622771	0.81347	0.457907	0.00282061	99.6113	0.0992996	0.0242852	0.0373643
2132.11	0.00833333	0.943992	0.663094	0.130628	0.474363	0.501121	0.751688	0.899984	0.299297	0.0616913	0.268437	0.474357	0.845276	0.667039	0.021674	0.44193	0.0118792	98.5047	0.0997421	0.0213992	0.0420693
2132.19	0.00833333	0.96112	0.918002	0.286175	0.274882	0.04824	0.638725	0.435226	0.54253	0.998764	0.396623	0.0537248	0.680886	0.202127	0.141557	0.472267	0.282104	97.7115	0.0992848	0.0291399	0.0182434
2132.22	0.00833333	0.942984	0.809777	0.584308	0.588456	0.135095	0.743368	0.0611149	0.927775	0.581667	0.316396	0.692113	0.693923	0.114886	0.518116	0.114072	0.0506831	100.538	0.0984364	0.0147824	0.046049
2132.52	0.00833333	0.94105	0.403446	0.520175	0.0254975	0.0936918	0.968567	0.375414	0.459479	0.555013	0.0206502	0.47555	0.52116	0.773001	0.711224	0.93179	0.284882	101.107	0.0995794	0.0294481	0.0147085
2132.6	0.00833333	0.954237	0.364748	0.0893185	0.378126	0.865584	0.306747	0.76284	0.175376	0.486654	0.1036	0.39206	0.541794	0.231113	0.825708	0.280456	0.391431	100.292	0.0982027	0.0174462	0.0441694
2132.66	0.00833333	0.934846	0.890551	0.940166	0.010224	0.355704	0.326909	0.704185	0.118203	0.287284	0.104517	0.353524	0.286656	0.301809	0.756301	0.823639	0.35056	101.213	0.0994777	0.0134998	0.0471002
2132.66	0.00833333	0.957994	0.498362	0.81585	0.230288	0.200897	0.514504	0.970456	0.745199	0.851783	0.091569	0.718641	0.321227	0.975989	0.291892	0.645984	0.0169719	99.2347	0.099945	0.0284092	0.0229076
2132.7	0.00833333	0.945498	0.709576	0.839812	0.100938	0.212012	0.216061	0.369049	0.54115	0.512108	0.658968	0.604272	0.766566	0.737515	0.720983	0.60519	0.134402	100.42	0.0999976	0.02039	0.0424036
2132.82	0.00833333	0.941029	0.578104	0.200241	0.41469	0.332712	0.88205	0.540862	0.649551	0.0170809	0.285809	0.634244	0.456408	0.584012	0.348541	0.971912	0.375384	100.776	0.099948	0.025598	0.0349587
2132.84	0.00833333	0.956398	0.496178	0.19679	0.202103	0.687748	0.176492	0.439114	0.255494	0.300139	0.168235	0.245504	0.792848	0.330924	0.854107	0.571206	0.231606	97.0662	0.0998567	0.0284315	0.0262151
2132.91	0.00833333	0.946485	0.921495	0.761249	0.533583	0.462251	0.514689	0.193568	0.740156	0.211116	0.303266	0.0763513	0.159219	0.0753885	0.422123	0.590821	0.175456	100.473	0.0985673	0.0133525	0.0467019
2133.01	0.00833333	0.951781	0.217857	0.790279	0.529529	0.304472	0.524262	0.777292	0.629784	0.0256726	0.248067	0.644249	0.214565	0.254032	0.544428	0.37505	0.0652476	97.5568	0.0990356	0.0298641	0.0111584
2133.02	0.00833333	0.948452	0.547395	0.621736	0.58538	0.564351	0.527462	0.423283	0.413324	0.734604	0.082799	0.574592	0.709461	0.541079	0.198618	0.72693	0.379856	100.574	0.0991069	0.0259926	0.0328881
2133.03	0.00833333	0.962054	0.536498	0.376094	0.601871	0.746274	0.679326	0.11576	0.769914	0.000712961	0.410911	0.215343	0.530011	0.126994	0.983952	0.338955	0.237424	99.8659	0.0983692	0.0264033	0.0311502
2133.1	0.00833333	0.939612	0.709189	0.538937	0.60392	0.563375	0.705028	0.583714	0.657323	0.740541	0.136324	0.372595	0.562563	0.421418	0.94829	0.535348	0.0697554	100.078	0.0995095	0.016748	0.0459023
2133.12	0.00833333	0.964894	0.125862	0.0536968	0.516604	0.699364	0.433852	0.680995	0.13271	0.840676	0.374059	0.719618	0.262699	0.529956	0.280741	0.188965	0.361338	99.3586	0.098048	0.0275819	0.0262615
2133.25	0.00833333	0.953982	0.393301	0.256577	0.597837	0.836118	0.191606	0.802481	0.268763	0.854099	0.351201	0.298634	0.54424	0.446677	0.684143	0.369562	0.484989	98.9959	0.0994533	0.0192807	0.0433394
2133.35	0.00833333	0.941475	0.88554	0.423767	0.266765	0.593211	0.447024	0.801927	0.441207	0.515376	0.812646	0.967993	0.975803	0.164734	0.770525	0.157761	0.315105	100.79	0.0998097	0.0262959	0.0331755
2133.37	0.00833333	0.964814	0.310094	0.460302	0.462442	0.535598	0.360681	0.518268	0.551579	0.0232878	0.143204	0.591668	0.350421	0.539221	0.869021	0.64901	0.389933	96.8822	0.0994622	0.0231118	0.0388961
2133.51	0.00833333	0.952089	0.24684	0.778758	0.746221	0.512504	0.250251	0.0229312	0.66315	0.70058	0.348987	0.910341	0.791068	0.851373	0.446863	0.533845	0.546641	98.7926	0.0993178	0.0296901	0.00813725
2133.56	0.00833333	0.966001	0.689247	0.25467	0.987321	0.576912	0.544186	0.755287	0.204256	0.949679	0.224707	0.376322	0.140955	0.439602	0.168613	0.270714	0.278527	97.6431	0.0992156	0.0258947	0.0324806
2133.65	0.00833333	0.935502	0.437776	0.212855	0.864236	0.367799	0.454833	0.483944	0.5852	0.191532	0.569765	0.782809	0.284376	0.856018	0.55331	0.245911	0.363343	100.637	0.0997489	0.0150518	0.0463284
2133.86	0.00833333	0.954953	0.449091	0.180292	0.523976	0.118215	0.476625	0.743127	0.849481	0.1114	0.189984	0.580567	0.469031	0.757143	0.929407	0.0308642	0.103661	98.1567	0.0993677	0.0290991	0.0175206
2133.89	0.00833333	0.958796	0.646143	0.114299	0.67079	0.315893	0.699794	0.609479	0.724101	0.0399404	0.196689	0.386107	0.0794424	0.188139	0.0229634	0.246148	0.868143	97.9336	0.0996061	0.0278932	0.02617
2133.89	0.00833333	0.950414	0.511417	0.466978	0.90339	0.626398	0.673181	0.195667	0.294389	0.891059	0.313203	0.389064	0.832715	0.631374	0.886573	0.898057	0.142778	100.091	0.0996545	0.0212434	0.0413647
2134.17	0.00833333	0.966621	0.813192	0.310333	0.760623	0.651155	0.333553	0.318283	0.368363	0.351886	0.542845	0.048718	0.702945	0.330173	0.901136	0.44449	0.350367	100.001	0.0976022	0.0283482	0.0194625
2134.18	0.00833333	0.958172	0.545752	0.834339	0.450271	0.527468	0.653259	0.571162	0.785918	0.792495	0.0611022	0.659521	0.436458	0.829769	0.417399	0.373591	0.464939	100.658	0.0972902	0.029011	0.00945357
2134.21	0.00833333	0.940955	0.89925	0.53001	0.50364	0.841225	0.0889293	0.69487	0.330421	0.472873	0.198781	0.189857	0.697938	0.899875	0.37541	0.700484	0.642133	101.1	0.0992512	0.0295425	0.0119301
2134.23	0.00833333	0.946488	0.902088	0.291783	0.979722	0.400634	0.441382	0.743366	0.888055	0.398374	0.124922	0.366304	0.261421	0.51627	0.457211	0.0656286	0.211118	100.794	0.0991229	0.0222724	0.0405493
2134.35	0.00833333	0.952493	0.76236	0.000913292	0.391522	0.756559	0.26016	0.640114	0.668893	0.201421	0.296847	0.275534	0.657379	0.587322	0.994266	0.624918	0.357122	99.4586	0.0987039	0.0296319	0.000661027
2134.4	0.00833333	0.96695	0.110969	0.75488	0.152729	0.168606	0.207577	0.156622	0.649055	0.0648231	0.48941	0.361667	0.898976	0.779889	0.205688	0.665864	0.0520232	97.3855	0.0984578	0.0290993	0.0181351
2134.41	0.00833333	0.946572	0.0289277	0.154241	0.174787	0.270233	0.38662	0.170854	0.41045	0.843326	0.163028	0.90046	0.559461	0.787908	0.357479	0.988283	0.246354	99.6992	0.0996443	0.0279887	0.0259314
2134.41	0.00833333	0.951072	0.630784	0.490562	0.551148	0.278198	0.54208	0.643364	0.407843	0.0638569	0.218493	0.761458	0.63242	0.778636	0.528119	0.489746	0.418234	99.9972	0.0988096	0.028676	0.0204949
2134.43	0.00833333	0.962522	0.259151	0.000422403	0.821835	0.0303639	0.333853	0.309399	0.809993	0.942845	0.396903	0.186052	0.614877	0.128823	0.44272	0.694369	0.200926	100.063	0.0989038	0.0277315	0.0247774
2134.48	0.00833333	0.939966	0.996867	0.506757	0.635605	0.697189	0.256458	0.692548	0.780193	0.0864307	0.450865	0.844145	0.613346	0.488198	0.888571	0.225584	0.817913	98.7275	0.0998578	0.0297503	0.0018818
2134.52	0.00833333	0.963825	0.60914	0.0644123	0.43723	0.477984	0.320192	0.28789	0.837761	0.617797	0.688162	0.423875	0.482935	0.635511	0.772583	0.11031	0.632789	97.4005	0.0996903	0.0291794	0.0179228
2134.59	0.00833333	0.96574	0.310104	0.61144	0.890079	0.253426	0.0482956	0.399854	0.344937	0.769092	0.128257	0.168142	0.32956	0.881935	0.162499	0.235247	0.00902362	97.6257	0.0983689	0.0290753	0.00919703
2134.6	0.00833333	0.945171	0.492492	0.968111	0.729635	0.501015	0.912373	0.514542	0.834721	0.801165	0.558501	0.854416	0.427994	0.54005	0.209421	0.457993	0.204607	97.9293	0.0995938	0.0300582	0.00851513
2134.64	0.00833333	0.95226	0.256533	0.239264	0.133888	0.895515	0.835377	0.327574	0.924751	0.723314	0.297781	0.779019	0.524186	0.653864	0.795761	0.091814	0.56664	98.6371	0.0985722	0.0296351	0.000468517
2134.68	0.00833333	0.96677	0.820371	0.215509	0.325242	0.0702553	0.055161	0.319344	0.184632	0.123573	0.635821	0.176629	0.239627	0.740873	0.580307	0.414245	0.577118	99.0535	0.0986733	0.0281742	0.022999
2134.73	0.00833333	0.948791	0.00871354	0.142441	0.0970888	0.666863	0.399764	0.519256	0.551039	0.583732	0.724998	0.888667	0.346349	0.978368	0.628352	0.152622	0.275684	101.331	0.0995158	0.0270797	0.030312
2134.74	0.00833333	0.931747	0.936703	0.350976	0.458479	0.449517	0.316905	0.405303	0.356244	0.863541	0.0165485	0.552677	0.392693	0.818301	0.254527	0.38708	0.67035	101.771	0.0991079	0.0160796	0.0459876
2134.75	0.00833333	0.957497	0.457014	0.447451	0.341907	0.176899	0.318817	0.232491	0.741128	0.641	0.727881	0.0683212	0.569358	0.433336	0.695635	0.680737	0.101034	100.295	0.0992458	0.0261486	0.0315007
2134.77	0.00833333	0.934107	0.275763	0.26833	0.00922877	0.57897	0.597476	0.164345	0.692019	0.672275	0.226031	0.00367692	0.0748067	0.354919	0.969601	0.899845	0.347536	101.354	0.0999453	0.015493	0.0460074
2134.77	0.00833333	0.951807	0.81647	0.741977	0.845156	0.563173	0.815072	0.209035	0.811278	0.487302	0.455748	0.39546	0.0573327	0.180469	0.435971	0.94937	0.0886752	100.683	0.0983431	0.0203021	0.0417716
2134.82	0.00833333	0.92732	0.327022	0.0508481	0.673513	0.0743418	0.316797	0.1957	0.728749	0.669761	0.324459	0.909586	0.740884	0.805496	0.733199	0.191258	0.0232972	97.3845	0.0999055	0.00426699	0.0491944
2134.84	0.00833333	0.93149	0.964571	0.0330121	0.398749	0.892607	0.530066	0.658564	0.56741	0.759635	0.196798	0.840324	0.0621	0.673847	0.664328	0.109342	0.600687	101.842	0.0996457	0.0299229	0.00635944
2134.86	0.00833333	0.961564	0.329431	0.307011	0.491148	0.508168	0.704586	0.48167	0.306441	0.932515	0.389334	0.234374	0.581673	0.697061	0.537833	0.397421	0.336202	97.6554	0.0988582	0.0280652	0.0248028
2134.98	0.00833333	0.949317	0.736918	0.000373915	0.201236	0.833853	0.35879	0.375069	0.920071	0.591254	0.14911	0.408261	0.546783	0.42461	0.769445	0.356007	0.87744	101.379	0.0990297	0.0282091	0.0238235
2135.04	0.00833333	0.957945	0.104353	0.179272	0.995876	0.71111	0.44329	0.666797	0.180564	0.527384	0.785817	0.541349	0.283859	0.524986	0.866912	0.377931	0.0203665	100.611	0.0985472	0.0286926	0.0176267
2135.06	0.00833333	0.947862	0.4421	0.354429	0.659042	0.342912	0.523813	0.320451	0.84985	0.400906	0.0137689	0.489982	0.422373	0.547466	0.94043	0.311944	0.275861	101.368	0.0988979	0.0242507	0.0363598
2135.07	0.00833333	0.960052	0.931427	0.314766	0.289628	0.737455	0.270837	0.623566	0.626388	0.175099	0.0876443	0.371937	0.458326	0.451537	0.544332	0.9121	0.0386571	98.8693	0.098853	0.0294945	0.00844313
2135.08	0.00833333	0.940533	0.531881	0.182103	0.517438	0.612095	0.629896	0.00924274	0.656947	0.673034	0.854831	0.876299	0.424115	0.831128	0.959582	0.366863	0.133019	98.4507	0.0999814	0.0298642	0.00121651
2135.1	0.00833333	0.951712	0.357255	0.131477	0.0501512	0.368473	0.361729	0.379906	0.628229	0.446293	0.187795	0.192309	0.500198	0.634361	0.489919	0.768247	0.420322	99.6262	0.0980684	0.0293346	0.00665159
2135.21	0.00833333	0.95033	0.77531	0.61798	0.349428	0.776411	0.879383	0.132498	0.829335	0.742602	0.302512	0.307467	0.432372	0.878008	0.636767	0.254851	0.367264	100.954	0.0982799	0.0293592	0.00218177
2135.3	0.00833333	0.942222	0.695453	0.35068	0.324914	0.794236	0.772221	0.946957	0.692332	0.740136	0.149533	0.756083	0.574463	0.896885	0.810305	0.187134	0.410046	102.403	0.098661	0.0285395	0.0226472
2135.36	0.00833333	0.950747	0.688545	0.235414	0.187547	0.786896	0.456381	0.576249	0.47609	0.333941	0.146259	0.576011	0.721096	0.231576	0.09751	0.459819	0.821052	101.588	0.098776	0.0251291	0.0343444
2135.41	0.00833333	0.971778	0.998495	0.869634	0.876665	0.358845	0.446048	0.369512	0.512408	0.421301	0.209927	0.156531	0.954687	0.900131	0.449882	0.298278	0.13949	100.717	0.096551	0.0282845	0.0162019
2135.45	0.00833333	0.97208	0.205743	0.420474	0.360726	0.422406	0.833142	0.840707	0.443795	0.296702	0.190871	0.669901	0.589982	0.468429	0.725649	0.382886	0.181621	98.3872	0.0988601	0.0257575	0.0325045
2135.56	0.00833333	0.937356	0.85035	0.764212	0.275401	0.340494	0.650999	0.633097	0.440509	0.441118	0.392429	0.912392	0.112149	0.436401	0.33386	0.159498	0.0457235	102.251	0.0991212	0.0292114	0.0156314
2135.58	0.00833333	0.940305	0.195911	0.216126	0.669361	0.600496	0.448057	0.578489	0.405319	0.698153	0.141026	0.793187	0.14176	0.748391	0.818478	0.264379	0.0724685	97.6562	0.0997651	0.0302952	0.00577068
2135.67	0.00833333	0.949108	0.15392	0.782078	0.32599	0.572064	0.193405	0.925699	0.969131	0.724325	0.378106	0.903043	0.656892	0.750761	0.675281	0.276119	0.104966	100.041	0.0990028	0.0274732	0.027926
2135.69	0.00833333	0.947069	0.484652	0.18369	0.589793	0.87296	0.948631	0.61388	0.826267	0.0427288	0.104945	0.42722	0.404403	0.77372	0.364713	0.779524	0.513661	101.766	0.0979341	0.0183819	0.0436598
2135.75	0.00833333	0.956916	0.324748	0.349816	0.0793599	0.435844	0.737917	0.496096	0.631024	0.126611	0.328123	0.616755	0.932827	0.341657	0.183702	0.00660324	0.582035	99.3661	0.0980787	0.0150464	0.0455603
2135.8	0.00833333	0.970846	0.682832	0.809678	0.995846	0.400336	0.524109	0.319374	0.0628461	0.645728	0.0442544	0.613962	0.171117	0.367198	0.108709	0.740759	0.390047	100.026	0.0969837	0.0233651	0.0366327
2135.81	0.00833333	0.963743	0.796427	0.308297	0.807042	0.155393	0.0260336	0.386637	0.837731	0.765438	0.393861	0.796673	0.630633	0.994839	0.337222	0.0598391	0.676725	99.9305	0.0980482	0.0288757	0.0118553
2135.83	0.00833333	0.954556	0.585907	0.353092	0.269059	0.479211	0.252473	0.757125	0.126855	0.230691	0.526136	0.916543	0.920806	0.605223	0.528472	0.298411	0.12482	97.4311	0.0998099	0.0286683	0.0257097
2136.04	0.00833333	0.953461	0.677149	0.128327	0.430079	0.728731	0.492438	0.687787	0.662321	0.567511	0.478091	0.419565	0.86639	0.439633	0.860857	0.476277	0.42317	99.4761	0.0990196	0.0281502	0.0248449
2136.04	0.00833333	0.966446	0.74642	0.556008	0.722326	0.0126456	0.163082	0.210252	0.933865	0.914295	0.181267	0.467814	0.630287	0.748143	0.277107	0.590157	0.413755	98.6996	0.0982787	0.0198967	0.0420365
2136.11	0.00833333	0.969889	0.547708	0.399947	0.881126	0.235919	0.593035	0.481519	0.760619	0.0914024	0.0975129	0.341351	0.353189	0.593403	0.459893	0.356933	0.27634	100.097	0.0964069	0.0285718	0.0178573
2136.14	0.00833333	0.950518	0.616653	0.140579	0.344659	0.294482	0.460073	0.422971	0.524689	0.753255	0.399041	0.407845	0.775531	0.446652	0.33804	0.379847	0.421296	98.3525	0.0995742	0.028431	0.0261753
2136.15	0.00833333	0.972783	0.831314	0.53019	0.666983	0.356074	0.517632	0.0778748	0.741312	0.515435	0.0434367	0.508387	0.355697	0.667057	0.989828	0.472498	0.0497453	98.1933	0.0976554	0.0284801	0.0181207
2136.17	0.00833333	0.917462	0.366267	0.648837	0.757405	0.260747	0.198315	0.545201	0.22988	0.653163	0.0265836	0.452862	0.00987109	0.8235	0.123645	0.903054	0.640774	100.598	0.0992097	0.00558681	0.048971
2136.28	0.00833333	0.969995	0.439718	0.224083	0.692134	0.771399	0.595627	0.267899	0.179963	0.0993895	0.583142	0.619247	0.016932	0.358416	0.322569	0.0444771	0.0127249	98.5256	0.0974665	0.0189495	0.0423767
2136.31	0.00833333	0.940538	0.440763	0.336116	0.457629	0.57152	0.784527	0.337107	0.584213	0.668112	0.375395	0.271636	0.257164	0.989742	0.70657	0.518313	0.645569	100.62	0.0988949	0.0296589	0.0104303
2136.34	0.00833333	0.972921	0.565491	0.47285	0.956761	0.559722	0.663264	0.409992	0.410333	0.325902	0.00891244	0.849533	0.352417	0.628797	0.574251	0.320383	0.655282	99.9754	0.0966051	0.0232615	0.0366953
2136.43	0.00833333	0.952754	0.621331	0.748153	0.891407	0.398635	0.266162	0.189143	0.263449	0.506342	0.322229	0.485803	0.23506	0.285559	0.6116	0.679654	0.108219	101.306	0.0972405	0.0291553	0.00950068
2136.44	0.00833333	0.958124	0.185931	0.818104	0.412059	0.288498	0.78009	0.590581	0.129574	0.369117	0.36672	0.996401	0.250178	0.733934	0.0107935	0.639231	0.367746	100.572	0.09744	0.0277636	0.0251962
2136.57	0.00833333	0.955765	0.171959	0.0468395	0.196379	0.446213	0.347278	0.263723	0.265043	0.348406	0.261641	0.95248	0.534852	0.46452	0.664215	0.697164	0.930265	100.41	0.0988709	0.0281027	0.024296
2136.59	0.00833333	0.944098	0.40807	0.193918	0.893603	0.0288485	0.0587829	0.137364	0.718074	0.606642	0.321902	0.908475	0.508927	0.440375	0.387655	0.193657	0.0501661	102.83	0.0987232	0.0243929	0.0365285
2136.6	0.00833333	0.945639	0.418544	0.250289	0.681322	0.668204	0.612036	0.619699	0.714547	0.118724	0.288091	0.485304	0.23479	0.483146	0.251364	0.0512462	0.371926	100.408	0.0996079	0.0269886	0.0299529
2136.62	0.00833333	0.950447	0.664149	0.703734	0.173985	0.0361911	0.724736	0.762198	0.710432	0.333233	0.469997	0.744294	0.727363	0.894116	0.173391	0.018752	0.561629	99.3792	0.0990481	0.0297915	0.000815777
2136.72	0.00833333	0.960366	0.474357	0.579704	0.949152	0.897436	0.961619	0.723555	0.496612	0.267166	0.187251	0.362696	0.546397	0.237062	0.401143	0.40838	0.538056	101.487	0.0973647	0.0288854	0.0154585
2136.75	0.00833333	0.951392	0.475421	0.357823	0.43535	0.394969	0.459397	0.100103	0.265314	0.688268	0.445203	0.655916	0.47858	0.242615	0.582253	0.827306	0.420975	99.384	0.0991774	0.0293532	0.0113306
2136.82	0.00833333	0.945017	0.546682	0.794266	0.143683	0.751748	0.91444	0.603336	0.168799	0.271194	0.708738	0.708932	0.158278	0.908421	0.250333	0.480729	0.578065	102.384	0.0990167	0.0286652	0.0211486
2136.86	0.00833333	0.931144	0.376049	0.579469	0.331878	0.416046	0.20851	0.411516	0.884126	0.23664	0.445824	0.0157363	0.0995899	0.364801	0.68448	0.00617823	0.417976	102.364	0.0989138	0.0091237	0.0476338
2136.86	0.00833333	0.932035	0.544302	0.698021	0.408065	0.800766	0.520801	0.726563	0.599674	0.593078	0.549695	0.517738	0.529349	0.830639	0.904332	0.736999	0.418167	101.677	0.0994712	0.0297806	0.010531
2136.89	0.00833333	0.959805	0.240425	0.933933	0.282587	0.416147	0.483405	0.579593	0.375895	0.919427	0.277112	0.764106	0.978393	0.902085	0.631148	0.321352	0.0668834	95.4135	0.0998003	0.030074	0.00312111
2136.94	0.00833333	0.946834	0.598097	0.0785441	0.90862	0.233758	0.587498	0.264875	0.414231	0.710168	0.262601	0.602453	0.543931	0.847538	0.215672	0.434181	0.106406	99.9889	0.0982264	0.016471	0.0450417
2137.06	0.00833333	0.940134	0.894873	0.914015	0.682734	0.833873	0.0486206	0.589277	0.774257	0.0426079	0.225023	0.00470467	0.0230179	0.768184	0.29157	0.424896	0.139591	100.886	0.099217	0.0253275	0.0356518
2137.11	0.00833333	0.950272	0.609222	0.129175	0.890404	0.55765	0.401801	0.555766	0.42073	0.882541	0.918792	0.41982	0.101353	0.589877	0.176998	0.833068	0.224403	100.348	0.0996607	0.0289281	0.0177788
2137.12	0.00833333	0.95626	0.773121	0.292329	0.236865	0.0084345	0.714276	0.201046	0.796123	0.0776845	0.163023	0.916904	0.041248	0.226069	0.0512315	0.65955	0.520269	100.778	0.0982391	0.0285677	0.0174043
2137.13	0.00833333	0.946025	0.964431	0.929652	0.532407	0.312374	0.0351499	0.39367	0.251016	0.136886	0.182901	0.515029	0.113086	0.522047	0.83042	0.628787	0.52396	101.9	0.098417	0.0263714	0.0317354
2137.13	0.00833333	0.971817	0.546573	0.346258	0.106939	0.375532	0.505192	0.801722	0.89949	0.56038	0.0525612	0.629464	0.0510224	0.611461	0.723701	0.182644	0.41689	101.277	0.09655	0.0241421	0.034266
2137.16	0.00833333	0.927435	0.230316	0.0590339	0.167153	0.373741	0.451049	0.25739	0.700103	0.222036	0.0285798	0.511801	0.0693796	0.560814	0.721536	0.992544	0.241522	97.807	0.099895	0.0055564	0.0484821
2137.17	0.00833333	0.973202	0.110036	0.377704	0.467219	0.120889	0.536575	0.372028	0.478665	0.867237	0.0698534	0.346833	0.760795	0.29355	0.499437	0.204269	0.489848	95.4858	0.0996176	0.0267923	0.0310493
2137.2	0.00833333	0.964176	0.765249	0.314605	0.850371	0.487932	0.176665	0.161195	0.80193	0.769925	0.746138	0.559532	0.0647079	0.521273	0.193412	0.193807	0.0151929	98.5192	0.0985747	0.0192489	0.0428117
2137.24	0.00833333	0.952572	0.427732	0.331398	0.936116	0.251371	0.670676	0.579733	0.22186	0.867681	0.604362	0.746703	0.265901	0.549383	0.338632	0.104958	0.61389	102.29	0.0972252	0.0289807	0.012976
2137.28	0.00833333	0.956966	0.699517	0.346932	0.54756	0.738384	0.82264	0.884988	0.406272	0.214454	0.206545	0.619445	0.81468	0.442064	0.450351	0.395915	0.367187	103.445	0.0969891	0.0223515	0.0382619
2137.29	0.00833333	0.960785	0.255148	0.391183	0.0791917	0.862781	0.331582	0.516312	0.951732	0.890556	0.436025	0.506822	0.680084	0.36406	0.319164	0.102583	0.381969	102.108	0.0968368	0.027235	0.0268001
2137.3	0.00833333	0.97539	0.295367	0.639464	0.533218	0.205437	0.0516485	0.53725	0.863604	0.572644	0.633046	0.940801	0.32456	0.781127	0.842546	0.64442	0.142898	97.6658	0.0975652	0.0263505	0.0300312
2137.46	0.00833333	0.976581	0.536534	0.23224	0.0514129	0.125692	0.456881	0.835717	0.588273	0.286547	0.36713	0.174831	0.783776	0.414218	0.606127	0.458741	0.0483265	96.2222	0.0984635	0.0286807	0.018778
2137.48	0.00833333	0.942625	0.408874	0.67912	0.379787	0.471367	0.247866	0.28923	0.662623	0.202226	0.138738	0.289446	0.647123	0.94542	0.685449	0.876547	0.292288	101.108	0.0988566	0.0237125	0.0382912
2137.49	0.00833333	0.946411	0.0765734	0.729383	0.117944	0.264782	0.052404	0.243737	0.811279	0.247415	0.982637	0.599261	0.427507	0.251035	0.614307	0.461938	0.3697	101.116	0.098537	0.0174416	0.0447193
2137.55	0.00833333	0.961219	0.294067	0.771627	0.819343	0.967776	0.211711	0.892424	0.480677	0.668254	0.803314	0.685554	0.372229	0.514296	0.155712	0.366892	0.544432	98.7501	0.0983778	0.0260959	0.032026
2137.58	0.00833333	0.968065	0.706639	0.554978	0.56928	0.46261	0.675412	0.618498	0.673426	0.0505983	0.803586	0.559528	0.859765	0.183906	0.461928	0.201475	0.185484	99.8437	0.0983761	0.0272698	0.0265353
2137.61	0.00833333	0.983598	0.1929	0.709714	0.656279	0.483415	0.140577	0.598145	0.427773	0.767958	0.296241	0.304374	0.0500484	0.173323	0.54668	0.0522991	0.0183593	97.2921	0.0978487	0.0283585	0.0187641
2137.64	0.00833333	0.978974	0.177734	0.305499	0.726239	0.0257437	0.453153	0.340263	0.307738	0.128904	0.16853	0.737149	0.530995	0.809412	0.659138	0.296327	0.178578	96.1662	0.09903	0.0266117	0.0309632
2137.68	0.00833333	0.968108	0.788699	0.354471	0.0341366	0.39551	0.591238	0.334594	0.818574	0.0462594	0.0789475	0.755365	0.94797	0.141307	0.380621	0.159728	0.0783018	98.4787	0.0986633	0.0186972	0.0428374
2137.69	0.00833333	0.972601	0.0543658	0.404308	0.648908	0.166675	0.31788	0.114422	0.335372	0.636257	0.700857	0.537496	0.882192	0.621696	0.818227	0.208361	0.0136617	96.7938	0.0987597	0.0256003	0.0340684
2137.73	0.00833333	0.932129	0.35805	0.321853	0.81487	0.30892	0.201009	0.945773	0.699467	0.219914	0.411595	0.747912	0.125255	0.428795	0.598764	0.384789	0.2362	103.119	0.0985689	0.029391	0.00051751
2137.8	0.00833333	0.950125	0.227907	0.453255	0.220559	0.754448	0.0835859	0.538871	0.677783	0.10082	0.352383	0.899081	0.908502	0.499668	0.175094	0.982349	0.751556	99.9269	0.0988088	0.0287801	0.020245
