distance	weight	r0	r1	r2	r3	r4	r5	r6	r7	r8	r9	r10	r11	r12	r13	r14	r15	tp	dr1	dr2	dr3
2153.16	0.00833333	0.995236	0.658762	0.837343	0.109907	0.349136	0.185382	0.405815	0.561582	0.422133	0.486106	0.626597	0.567321	0.157243	0.261164	0.251361	0.996459	103.034	0.0922552	0.0176914	0.0401899
2154.15	0.00833333	0.980408	0.427432	0.284779	0.443781	0.454554	0.167911	0.831949	0.60841	0.211057	0.477722	0.612461	0.526783	0.471038	0.981796	0.160552	0.490956	106.192	0.0898153	0.0111809	0.0432671
2157.56	0.00833333	0.997362	0.619642	0.395895	0.306345	0.676825	0.277303	0.247119	0.227647	0.328423	0.59439	0.0861802	0.926225	0.564524	0.962875	0.630577	0.720364	105.146	0.0895354	0.0132889	0.0419744
2158.85	0.00833333	0.961271	0.822534	0.553971	0.585491	0.0200494	0.114159	0.109733	0.480835	0.826191	0.214968	0.535059	0.44843	0.856418	0.156901	0.207115	0.600672	110.624	0.0897685	0.00894306	0.0435974
2170.46	0.00833333	1.02773	0.314822	0.279158	0.192588	0.38282	0.376448	0.491377	0.122662	0.510427	0.431044	0.158064	0.878978	0.409257	0.161295	0.05803	0.541555	106.095	0.0863872	0.0184159	0.0368723
2171.19	0.00833333	1.00982	0.59942	0.491294	0.901718	0.264432	0.862851	0.804422	0.00103435	0.787205	0.342413	0.450945	0.383446	0.655823	0.428466	0.891591	0.802544	107.612	0.0869986	0.0155779	0.0388508
2174.21	0.00833333	1.02627	0.474779	0.198807	0.438473	0.631512	0.947182	0.208948	0.646838	0.366032	0.59334	0.677826	0.507649	0.255866	0.801374	0.242131	0.477837	112.165	0.0831684	0.014483	0.0377423
2177.74	0.00833333	1.01748	0.962811	0.276512	0.719308	0.230799	0.0406113	0.244974	0.965834	0.773327	0.943097	0.522818	0.42745	0.970823	0.0393619	0.351728	0.540001	102.353	0.0906335	0.0269182	0.00474803
2184.16	0.00833333	0.945738	0.139187	0.879384	0.176779	0.558768	0.15326	0.161358	0.637401	0.529334	0.547354	0.973271	0.0304571	0.541013	0.45826	0.826811	0.550402	104.657	0.0980385	0.0118794	0.0454862
2184.84	0.00833333	0.944411	0.559846	0.335587	0.633007	0.930725	0.68223	0.388963	0.27354	0.81862	0.208229	0.462433	0.231505	0.15179	0.512531	0.238191	0.280885	98.0613	0.0943323	0.00126517	0.0469494
2185.97	0.00833333	0.96425	0.732835	0.534454	0.587126	0.039075	0.517795	0.376853	0.651129	0.914359	0.103671	0.770097	0.358347	0.584008	0.914839	0.759553	0.383539	103.225	0.0988962	0.0227116	0.0377828
2195.86	0.00833333	0.999727	0.980959	0.0681219	0.177509	0.262645	0.621111	0.186594	0.906222	0.782875	0.484849	0.812636	0.684004	0.762014	0.428344	0.509877	0.309712	106.623	0.0901864	0.020014	0.0377474
2197.36	0.00833333	1.00194	0.0782722	0.288942	0.532349	0.209419	0.599805	0.0342086	0.582738	0.808313	0.153233	0.248751	0.174565	0.043651	0.667672	0.476787	0.680722	105.277	0.0913632	0.0180128	0.0378158
2202.66	0.00833333	0.991403	0.315505	0.671603	0.220209	0.731431	0.828946	0.678946	0.708352	0.296245	0.934412	0.426165	0.344006	0.636271	0.0674564	0.459055	0.677727	102.927	0.0936531	0.0262319	0.0276034
2203.25	0.00833333	0.955605	0.847806	0.885441	0.470954	0.0387929	0.517012	0.923788	0.459683	0.894981	0.822311	0.541357	0.895742	0.521952	0.595066	0.528515	0.29589	110.227	0.0888937	0.00704917	0.0433192
2205.43	0.00833333	0.9451	0.093048	0.683118	0.931967	0.217377	0.520387	0.309417	0.693777	0.60883	0.38717	0.0976611	0.235379	0.152849	0.732093	0.811486	0.301502	116.67	0.0901307	0.018203	0.0390018
2210.47	0.00833333	1.03863	0.484	0.885791	0.681901	0.766711	0.503348	0.359791	0.297276	0.637172	0.598726	0.131789	0.530271	0.456244	0.735634	0.365911	0.565778	99.3733	0.0877708	0.0112072	0.0414144
2210.79	0.00833333	0.913144	0.405001	0.826949	0.0242015	0.492264	0.782454	0.00192863	0.581693	0.889091	0.50806	0.73061	0.828092	0.743882	0.510089	0.694003	0.0670543	114.248	0.0967503	0.0277153	0.0194865
2211.38	0.00833333	0.999909	0.572681	0.354728	0.542404	0.918859	0.995225	0.430196	0.241418	0.890442	0.397265	0.734429	0.205086	0.323816	0.814468	0.34918	0.676663	97.3969	0.0975188	0.0278164	0.022347
2215.44	0.00833333	0.957586	0.60535	0.121317	0.243597	0.430455	0.804245	0.577152	0.682129	0.670141	0.368695	0.562874	0.308836	0.797333	0.790811	0.298066	0.986775	99.7633	0.0977584	0.00961766	0.0477631
2215.96	0.00833333	1.01256	0.49046	0.502045	0.819224	0.831072	0.263504	0.428522	0.755945	0.135723	0.58784	0.00825998	0.754363	0.618025	0.56963	0.796949	0.434939	105.91	0.0848702	0.017204	0.0382258
2218.69	0.00833333	1.00822	0.45206	0.925265	0.298485	0.872754	0.178853	0.934862	0.599387	0.445819	0.0501558	0.155935	0.510949	0.448526	0.428289	0.558329	0.210203	120.683	0.0818879	0.0235676	0.0218667
2219.43	0.00833333	1.05495	0.59671	0.68085	0.646746	0.00220476	0.881796	0.549302	0.621168	0.352214	0.118154	0.764868	0.389287	0.349549	0.264269	0.593113	0.416947	106.068	0.0824387	0.020882	0.0317607
2224.31	0.00833333	1.03468	0.727778	0.259233	0.53084	0.164044	0.437327	0.307201	0.129936	0.390542	0.57328	0.560154	0.193731	0.0366332	0.807345	0.217134	0.302277	93.6157	0.0946679	0.0247753	0.0277409
2224.38	0.00833333	1.08169	0.691134	0.640974	0.540914	0.751394	0.45932	0.857593	0.336054	0.838939	0.609209	0.57504	0.186067	0.614598	0.176858	0.616748	0.245626	109.59	0.0759137	0.0226047	0.0189458
2227.53	0.00833333	0.926721	0.978386	0.254541	0.132609	0.383852	0.137884	0.513426	0.000512332	0.415966	0.47443	0.351588	0.473844	0.573029	0.145772	0.0309345	0.144032	100.42	0.0979357	0.0219494	0.0413312
2230.22	0.00833333	0.984539	0.354135	0.510073	0.293124	0.670637	0.197669	0.423218	0.663601	0.562153	0.0122691	0.109041	0.382651	0.138595	0.734461	0.222248	0.719705	101.719	0.0981323	0.0223142	0.0364618
2230.8	0.00833333	1.03676	0.487742	0.233067	0.847954	0.381711	0.157316	0.623846	0.254709	0.148061	0.524138	0.857858	0.661655	0.836048	0.450741	0.360256	0.26831	114.075	0.077489	0.0136293	0.0363229
2231.15	0.00833333	0.912877	0.341675	0.741521	0.130613	0.565209	0.666086	0.483255	0.433809	0.522722	0.463488	0.84658	0.307729	0.376011	0.317993	0.271195	0.0218614	114.739	0.0940699	0.0137769	0.0454343
2231.31	0.00833333	0.967719	0.0459416	0.31627	0.874607	0.671737	0.942179	0.87635	0.838727	0.361352	0.337389	0.434049	0.998958	0.0498784	0.867897	0.587832	0.366053	116.456	0.0847101	0.0122991	0.0409593
2233.03	0.00833333	0.902441	0.204559	0.775297	0.0354554	0.666665	0.0505751	0.174517	0.409785	0.559599	0.163553	0.0725368	0.270567	0.634238	0.276039	0.0320728	0.964194	100.69	0.0978208	0.00747035	0.0504657
2235.77	0.00833333	1.07458	0.662249	0.0610612	0.903883	0.960999	0.900646	0.924001	0.932583	0.738492	0.899412	0.0239949	0.242471	0.898349	0.493219	0.157959	0.719479	117.001	0.0752178	0.0219754	0.0179366
2240.09	0.00833333	0.980336	0.27564	0.250535	0.402796	0.104356	0.431817	0.210578	0.89148	0.696181	0.624616	0.587402	0.298483	0.332574	0.98846	0.321146	0.250097	122.53	0.0844337	0.0241398	0.0226408
2240.39	0.00833333	0.994921	0.0637301	0.405168	0.567514	0.567647	0.189023	0.475423	0.526657	0.844407	0.779901	0.824581	0.386674	0.270267	0.687552	0.710664	0.303159	110.76	0.0846441	0.015078	0.040698
2240.4	0.00833333	1.05454	0.791527	0.0991395	0.651796	0.24112	0.448134	0.861609	0.810051	0.0670598	0.247811	0.595466	0.47981	0.37662	0.855167	0.0735972	0.949975	106.435	0.0822171	0.0074995	0.0393824
2244.01	0.00833333	0.977071	0.132422	0.362437	0.67373	0.871619	0.786947	0.822099	0.541754	0.693266	0.61886	0.0519229	0.151725	0.532215	0.856604	0.4674	0.882043	111.259	0.0879102	0.025089	0.0213857
2247.11	0.00833333	0.97635	0.355949	0.985353	0.929247	0.176639	0.353334	0.463274	0.240803	0.479033	0.969242	0.673922	0.197815	0.292726	0.66914	0.72686	0.826142	116.935	0.0900233	0.0248228	0.0220401
2248.26	0.00833333	1.08402	0.364975	0.280866	0.26232	0.381911	0.338315	0.296853	0.949384	0.494001	0.744615	0.872746	0.853699	0.567348	0.268285	0.943165	0.245906	131.427	0.0680317	0.0148022	0.0272934
2250.3	0.00833333	1.00028	0.408214	0.667936	0.11791	0.435172	0.840076	0.623412	0.584481	0.366379	0.736116	0.892182	0.43505	0.125379	0.633894	0.677288	0.61577	112.324	0.0856187	0.0233632	0.0303995
2251.31	0.00833333	0.968158	0.255367	0.867417	0.370159	0.763418	0.644178	0.913972	0.453744	0.217082	0.87707	0.381708	0.578708	0.424177	0.117885	0.341565	0.23032	111.773	0.092815	0.0184249	0.0374853
2256.91	0.00833333	1.00187	0.0772582	0.611786	0.618966	0.853809	0.626531	0.755525	0.814069	0.810059	0.641562	0.621046	0.892055	0.355378	0.973842	0.343399	0.172056	124.794	0.0819134	0.0225332	0.0245659
2258.12	0.00833333	1.03538	0.426751	0.633909	0.493192	0.424923	0.893846	0.495997	0.236449	0.000248112	0.739789	0.781487	0.768111	0.297254	0.180129	0.286046	0.841604	92.7522	0.0922446	0.0118103	0.0436805
2260.24	0.00833333	0.898015	0.957906	0.427037	0.395346	0.0597701	0.202165	0.952203	0.172806	0.300295	0.376425	0.201198	0.347893	0.749796	0.370973	0.363661	0.144137	107.554	0.0966937	0.0123137	0.0459806
2263.81	0.00833333	1.05467	0.625523	0.963873	0.23437	0.521759	0.512001	0.359416	0.05963	0.731752	0.712257	0.900773	0.240116	0.88599	0.605675	0.683614	0.261714	90.4221	0.0929789	0.0267968	0.0142479
2264.78	0.00833333	0.973648	0.433388	0.946393	0.643424	0.506801	0.560083	0.791882	0.941484	0.55101	0.208604	0.00552973	0.776326	0.259616	0.430822	0.540956	0.62738	114.021	0.090529	0.0186381	0.0358735
2265.22	0.00833333	1.02053	0.359055	0.712828	0.891094	0.522391	0.363281	0.644457	0.094675	0.331541	0.312705	0.153485	0.0147033	0.055906	0.360999	0.299429	0.249594	127.191	0.0777973	0.0234997	0.0122605
2266.29	0.00833333	0.981303	0.549224	0.516725	0.659009	0.394522	0.25628	0.297637	0.924065	0.689134	0.776353	0.276097	0.0796091	0.0460101	0.145009	0.613279	0.815319	99.783	0.0931102	0.00580493	0.0466206
2267.47	0.00833333	1.01164	0.808798	0.0422842	0.751921	0.376252	0.0583916	0.299379	0.468131	0.179133	0.267466	0.408985	0.339256	0.560118	0.337528	0.0464617	0.453531	102.825	0.0907917	0.0062649	0.0429231
2268.14	0.00833333	0.948866	0.742008	0.432119	0.172812	0.658231	0.830546	0.945748	0.129379	0.408763	0.813748	0.208332	0.526281	0.678277	0.29264	0.238991	0.506009	95.7044	0.0940966	0.00675708	0.0475598
2272.23	0.00833333	0.951113	0.720885	0.803489	0.592667	0.805105	0.566886	0.745956	0.617376	0.754072	0.401076	0.58731	0.54053	0.580074	0.0898369	0.0123167	0.615005	99.562	0.0975479	0.0201616	0.0448227
2276.37	0.00833333	0.947355	0.78874	0.455033	0.553254	0.0718797	0.4302	0.628403	0.374737	0.682067	0.667459	0.75496	0.675548	0.488787	0.310865	0.457996	0.651011	99.6364	0.0914939	0.00128702	0.0477778
2278.66	0.00833333	0.952941	0.986057	0.337545	0.594013	0.695812	0.491513	0.25174	0.29058	0.641777	0.164643	0.363665	0.728038	0.73925	0.428183	0.702579	0.231502	124.511	0.0852407	0.0251122	0.0210458
2279.66	0.00833333	1.06238	0.539865	0.500366	0.326135	0.258618	0.904939	0.92562	0.498725	0.282383	0.495559	0.675998	0.30384	0.668835	0.0462178	0.59096	0.0405141	98.438	0.0841691	0.0143627	0.0403629
2280.8	0.00833333	0.889596	0.30304	0.274348	0.526393	0.134371	0.583805	0.802248	0.767943	0.508499	0.345931	0.965224	0.424423	0.932702	0.650527	0.366226	0.150836	98.2125	0.0999158	0.0111436	0.0514866
2280.89	0.00833333	0.929462	0.671077	0.518716	0.577421	0.435425	0.162785	0.94639	0.439292	0.215415	0.477546	0.290865	0.98443	0.49776	0.709283	0.664752	0.822873	120.361	0.0925235	0.0269515	0.0211849
2281.11	0.00833333	0.868453	0.549415	0.405345	0.411853	0.707769	0.661653	0.148667	0.752256	0.92301	0.204363	0.275882	0.611426	0.679974	0.31065	0.595418	0.737002	110.245	0.0978486	0.00694556	0.0505045
2281.39	0.00833333	1.01139	0.612903	0.172486	0.69792	0.00603592	0.845199	0.813819	0.403143	0.219732	0.492938	0.342752	0.531228	0.434857	0.331406	0.57836	0.74643	108.335	0.0840324	0.0162093	0.0401978
2281.97	0.00833333	0.957985	0.0561683	0.222311	0.338501	0.418606	0.193531	0.524344	0.834616	0.558995	0.0135593	0.859248	0.0627242	0.348101	0.580427	0.360829	0.22041	107.581	0.0890058	0.0274745	0.0194088
2285.81	0.00833333	0.938655	0.639496	0.779569	0.823379	0.304261	0.316459	0.788493	0.149281	0.835746	0.957152	0.551323	0.303434	0.305187	0.104203	0.0588307	0.804624	108.038	0.0999313	0.0270692	0.0206978
2286.04	0.00833333	1.08321	0.809903	0.26209	0.936888	0.224254	0.488603	0.343928	0.649393	0.101732	0.367624	0.0892922	0.237545	0.742768	0.821191	0.694456	0.750054	105.088	0.0824028	0.0193224	0.0300173
2288.36	0.00833333	1.07268	0.440112	0.875251	0.304985	0.724311	0.629952	0.718804	0.747291	0.937734	0.209336	0.431592	0.559463	0.704399	0.847281	0.441002	0.0823424	85.514	0.0926164	0.0249291	0.0281071
2288.6	0.00833333	0.971666	0.607592	0.955646	0.707049	0.118078	0.109	0.827306	0.971481	0.530439	0.16785	0.379769	0.0796763	0.757771	0.364937	0.742561	0.788917	109.053	0.0853336	0.0109436	0.0429026
2288.87	0.00833333	0.988494	0.317808	0.55357	0.307487	0.395609	0.544446	0.66573	0.302533	0.40715	0.0422568	0.830039	0.496845	0.00850853	0.872228	0.570961	0.680985	118.582	0.0838192	0.0261467	0.00996225
2291.06	0.00833333	0.993348	0.439198	0.606784	0.236526	0.793172	0.590077	0.735788	0.862809	0.42787	0.471487	0.945387	0.255132	0.347398	0.674276	0.486437	0.888507	92.0068	0.0976917	0.0298738	0.0204525
2291.36	0.00833333	0.955548	0.301238	0.770562	0.410779	0.382399	0.779404	0.613969	0.140735	0.328826	0.635306	0.679231	0.888256	0.548054	0.741068	0.202489	0.558011	110.312	0.0926172	0.0242113	0.0274923
2293.76	0.00833333	0.970669	0.229204	0.547091	0.715757	0.886276	0.487244	0.0783214	0.770166	0.864771	0.633911	0.0695325	0.897678	0.501018	0.293678	0.170225	0.143381	130.632	0.0800358	0.0243321	0.00437962
2297.27	0.00833333	0.952626	0.434683	0.347999	0.119256	0.879349	0.436622	0.514158	0.84842	0.177619	0.964719	0.894551	0.14923	0.419648	0.984431	0.0657517	0.537449	101.601	0.0932348	0.0040737	0.0440836
2298.07	0.00833333	1.02419	0.435907	0.171334	0.780949	0.558192	0.291321	0.759364	0.185754	0.614654	0.677577	0.29472	0.942655	0.555677	0.666447	0.199378	0.13711	108.151	0.0812012	0.0199019	0.0344342
2299.29	0.00833333	0.918193	0.330847	0.291639	0.519805	0.591918	0.564805	0.614533	0.0348461	0.955161	0.33382	0.39128	0.432227	0.808488	0.794661	0.94014	0.404149	113.604	0.0994694	0.028352	0.0165949
2299.56	0.00833333	0.92787	0.723247	0.700411	0.52529	0.438852	0.0675938	0.805725	0.736684	0.933329	0.825013	0.398114	0.302467	0.462501	0.910665	0.979901	0.326706	124.56	0.0904294	0.0167777	0.0398544
2300.56	0.00833333	1.0231	0.612052	0.684279	0.532876	0.330828	0.46416	0.446594	0.182656	0.292094	0.733102	0.154666	0.0763719	0.628663	0.654359	0.546922	0.889087	96.6789	0.0897398	0.0249164	0.0317271
2302.88	0.00833333	0.854633	0.887806	0.185453	0.67492	0.0866937	0.618248	0.145487	0.496751	0.0123177	0.647255	0.605213	0.583832	0.406626	0.490563	0.379426	0.942796	120.06	0.0997674	0.0093533	0.0476635
2304.83	0.00833333	0.921977	0.553696	0.449781	0.912409	0.0758724	0.42492	0.827654	0.0589031	0.88995	0.172578	0.146736	0.642504	0.0965741	0.814047	0.615797	0.199453	107.717	0.0975618	0.018495	0.0457125
2306.19	0.00833333	0.900923	0.868082	0.790153	0.317493	0.293943	0.619331	0.530784	0.428802	0.293819	0.525253	0.628539	0.544489	0.617691	0.472954	0.404309	0.576702	108.751	0.0987045	0.0230817	0.0361711
2308.7	0.00833333	0.961007	0.486455	0.435273	0.184388	0.540236	0.556534	0.0935233	0.229065	0.525248	0.494064	0.52198	0.785668	0.450819	0.600049	0.260431	0.570953	131.41	0.0808488	0.0153196	0.03703
2309	0.00833333	0.928584	0.5983	0.753969	0.25558	0.86275	0.519764	0.558167	0.404608	0.13697	0.572121	0.192752	0.527079	0.328262	0.446247	0.586961	0.4181	105.49	0.0954972	0.0304729	0.0121215
2309.96	0.00833333	0.892126	0.329853	0.760658	0.707243	0.941794	0.203189	0.587938	0.594106	0.0319527	0.63194	0.312753	0.621059	0.349444	0.506941	0.088634	0.478152	113.925	0.0956785	0.0251431	0.031543
2309.98	0.00833333	0.986614	0.594813	0.0503359	0.30777	0.813236	0.768854	0.792666	0.776313	0.207456	0.579674	0.521953	0.617982	0.761451	0.82178	0.504362	0.594974	124.189	0.0808285	0.00915603	0.0404733
2310.89	0.00833333	0.968409	0.180541	0.0690424	0.416874	0.909719	0.497275	0.185087	0.840616	0.626249	0.561062	0.682925	0.987196	0.557805	0.406581	0.508678	0.534242	99.3257	0.0991302	0.0131823	0.0474737
2315.29	0.00833333	0.873403	0.343001	0.382497	0.744536	0.448101	0.642552	0.546611	0.993679	0.2344	0.875541	0.213194	0.722479	0.355942	0.348408	0.0397028	0.916308	119.809	0.0994783	0.0289498	0.0173012
2315.47	0.00833333	0.978817	0.542077	0.472588	0.436822	0.866818	0.736606	0.811817	0.167478	0.439443	0.642822	0.853756	0.283877	0.940595	0.221717	0.158907	0.369481	127.705	0.0825151	0.0176005	0.0357725
2315.99	0.00833333	0.87738	0.137976	0.525668	0.616715	0.743479	0.607694	0.502039	0.637863	0.0439309	0.0900056	0.74516	0.759283	0.377977	0.513016	0.957752	0.815977	111.535	0.0944567	0.00698681	0.0468935
2316.02	0.00833333	0.840982	0.627868	0.977281	0.669028	0.409963	0.191687	0.878604	0.450105	0.816158	0.991009	0.426725	0.49609	0.56887	0.408033	0.471219	0.424904	116.509	0.0985101	0.0150669	0.046552
2316.37	0.00833333	0.962896	0.320148	0.931568	0.167993	0.563564	0.92241	0.424676	0.396306	0.521963	0.918599	0.164839	0.934361	0.142145	0.736031	0.0767476	0.0924733	108.273	0.0905622	0.0225102	0.0382768
2316.99	0.00833333	0.904295	0.215606	0.28916	0.924848	0.192816	0.00110784	0.339922	0.72166	0.0593286	0.803872	0.491226	0.0799214	0.0726679	0.456897	0.425688	0.267509	109.137	0.0942246	0.00760175	0.0491224
2321.2	0.00833333	0.986279	0.381205	0.13597	0.590359	0.0760159	0.616708	0.69348	0.441925	0.285405	0.707848	0.593421	0.427694	0.170205	0.272038	0.397153	0.669199	84.3181	0.0998781	0.022185	0.0438753
2321.38	0.00833333	0.982962	0.558691	0.712155	0.746105	0.603685	0.545414	0.801897	0.0312168	0.854346	0.203389	0.294491	0.689793	0.140951	0.238322	0.732673	0.0518873	117.953	0.0881468	0.0101353	0.0401577
2321.5	0.00833333	0.965234	0.579881	0.562856	0.50287	0.384979	0.760496	0.307951	0.558009	0.751524	0.437029	0.730224	0.826379	0.847274	0.0532369	0.396605	0.315377	126.798	0.0817495	0.0171	0.0348527
2323.96	0.00833333	0.907534	0.0659682	0.102783	0.88572	0.395311	0.440741	0.351136	0.932155	0.345428	0.78126	0.27644	0.91903	0.167541	0.53565	0.0785809	0.789156	101.518	0.0981291	0.0135127	0.0459638
2325.63	0.00833333	1.00242	0.49152	0.428002	0.947674	0.465796	0.400573	0.290157	0.484365	0.686687	0.962708	0.554625	0.324994	0.612109	0.620587	0.607245	0.0151016	128.74	0.0789997	0.0151521	0.0329677
2331.86	0.00833333	0.907034	0.739925	0.854584	0.534469	0.395948	0.110153	0.496851	0.839555	0.192701	0.454978	0.168693	0.87695	0.585262	0.599871	0.933082	0.267653	113.338	0.0960016	0.0201933	0.0437211
2332.22	0.00833333	1.05079	0.839499	0.318205	0.315343	0.0308356	0.342537	0.119136	0.973694	0.564887	0.841695	0.84292	0.639759	0.39596	0.470488	0.763404	0.651634	101.432	0.0867976	0.00874693	0.0412448
2334.33	0.00833333	0.926149	0.675548	0.733663	0.233465	0.886509	0.566162	0.497165	0.931069	0.311406	0.343733	0.419253	0.715172	0.682962	0.0145458	0.483474	0.970492	99.2482	0.0957491	0.0201899	0.0437316
2336.38	0.00833333	1.0068	0.335303	0.708025	0.435629	0.74762	0.38426	0.545731	0.903989	0.711823	0.805275	0.0461036	0.3605	0.171949	0.197115	0.53938	0.30446	122.421	0.0765237	0.0176098	0.0340992
2337.62	0.00833333	0.956887	0.870906	0.671807	0.328791	0.315337	0.153065	0.338004	0.551576	0.144314	0.830791	0.790365	0.400181	0.903101	0.720996	0.283744	0.414264	115.43	0.0904954	0.0256474	0.00255357
2339.25	0.00833333	1.08279	0.681305	0.467771	0.913484	0.903801	0.313205	0.153511	0.379388	0.127279	0.0582252	0.535366	0.527227	0.908754	0.822328	0.911554	0.546214	101.019	0.0813575	0.0143713	0.0385487
2342.87	0.00833333	0.901819	0.583199	0.363389	0.446534	0.757221	0.995021	0.00349328	0.474949	0.0345718	0.0738858	0.149751	0.901383	0.39896	0.261612	0.752238	0.199902	113.676	0.0909948	0.0128646	0.0463814
2343.4	0.00833333	1.07661	0.290525	0.85247	0.685133	0.70146	0.441822	0.0633605	0.212478	0.439492	0.842335	0.929685	0.260351	0.85352	0.574716	0.471423	0.579955	161.256	0.0538579	0.000929757	0.0269313
2343.5	0.00833333	0.919769	0.717164	0.373685	0.715677	0.139528	0.330276	0.399005	0.300956	0.391105	0.697742	0.655622	0.391417	0.60646	0.199291	0.285194	0.859104	130.045	0.0880868	0.0236254	0.0285034
2346.69	0.00833333	0.97499	0.222891	0.536529	0.279081	0.878111	0.668154	0.211567	0.696464	0.221269	0.792479	0.471259	0.747756	0.212206	0.0820756	0.312366	0.759191	117.958	0.0814674	0.014607	0.0384707
2349.68	0.00833333	0.977149	0.936403	0.444328	0.492665	0.732205	0.325157	0.90773	0.162766	0.948346	0.830933	0.289733	0.579844	0.518047	0.305689	0.729174	0.43513	78.0072	0.0995064	0.00239625	0.0509897
2351.6	0.00833333	0.950443	0.459339	0.601539	0.555626	0.370319	0.916891	0.0105908	0.0574776	0.716272	0.704658	0.119766	0.574319	0.844118	0.185778	0.548927	0.466734	127.161	0.0863258	0.00612667	0.0412964
2352.63	0.00833333	1.01369	0.413779	0.934981	0.461382	0.597455	0.456876	0.0700015	0.358976	0.425494	0.482632	0.215388	0.678299	0.631343	0.352257	0.628237	0.793812	112.276	0.0873097	0.0191532	0.0370061
2354.97	0.00833333	0.946083	0.413377	0.132991	0.292005	0.648952	0.58064	0.399	0.978952	0.81359	0.882441	0.24904	0.305278	0.553543	0.189529	0.497383	0.0725513	114.979	0.0858106	0.0131645	0.0437087
2355.02	0.00833333	0.867749	0.586861	0.836464	0.684022	0.478232	0.0965788	0.172812	0.435775	0.612771	0.850526	0.631536	0.258348	0.0369813	0.956475	0.360447	0.213343	111.751	0.099413	0.0294276	0.0294709
2355.43	0.00833333	0.961934	0.0899199	0.457458	0.283951	0.944542	0.741196	0.0742956	0.832873	0.135664	0.597574	0.485884	0.328307	0.455511	0.367499	0.859378	0.0814871	99.2218	0.0911336	0.0166654	0.045149
2358.61	0.00833333	1.01089	0.0287876	0.793388	0.289739	0.55362	0.92742	0.440189	0.56545	0.877785	0.234307	0.902235	0.236952	0.425248	0.689949	0.334596	0.797122	95.2414	0.0918582	0.0291058	0.0168685
2361.77	0.00833333	0.916903	0.492553	0.820519	0.481594	0.497911	0.521091	0.116385	0.64804	0.687525	0.334158	0.348288	0.0619771	0.134959	0.470693	0.18678	0.450719	98.7558	0.0968602	0.028974	0.0307722
2364.63	0.00833333	0.9054	0.913782	0.860661	0.453475	0.932667	0.635969	0.237733	0.74879	0.591752	0.395727	0.476824	0.70316	0.143437	0.397685	0.594948	0.33218	103.186	0.0947114	0.0125939	0.0471689
2365.86	0.00833333	1.01821	0.542345	0.15805	0.820976	0.968614	0.7139	0.994204	0.692481	0.502267	0.713405	0.138818	0.281086	0.530632	0.73749	0.072518	0.976279	100.834	0.0947701	0.0255546	0.0282992
2368.83	0.00833333	0.888313	0.951272	0.822096	0.353099	0.291495	0.703242	0.13269	0.75171	0.761179	0.660934	0.882239	0.0754949	0.458478	0.79929	0.967904	0.551563	103.16	0.0989964	0.0304358	0.0280545
2370.54	0.00833333	0.923581	0.515626	0.824489	0.377876	0.400312	0.371357	0.326149	0.20433	0.675908	0.656108	0.424728	0.497774	0.0285031	0.691757	0.936103	0.731775	104.734	0.0918064	0.0146849	0.046638
2372.11	0.00833333	0.969084	0.00229837	0.749924	0.83178	0.760691	0.43607	0.642976	0.849661	0.953228	0.572073	0.559399	0.467839	0.286942	0.43277	0.556254	0.442382	102.672	0.0961116	0.000451808	0.0445995
2375.84	0.00833333	0.958317	0.353985	0.796746	0.71181	0.171128	0.00955585	0.746205	0.444901	0.576396	0.926669	0.565406	0.432736	0.689502	0.493872	0.210981	0.100893	128.068	0.0810342	0.0242127	0.0232541
2375.92	0.00833333	0.962924	0.841591	0.61303	0.903406	0.443643	0.648271	0.935317	0.286149	0.157523	0.0855266	0.894893	0.539813	0.190477	0.475697	0.222363	0.992994	127.584	0.0833472	0.0254628	0.0175547
2376.36	0.00833333	1.07528	0.345481	0.56539	0.998989	0.23917	0.8824	0.474386	0.702564	0.135788	0.382369	0.215339	0.352608	0.72078	0.37122	0.10265	0.890841	75.5705	0.0914356	0.0280144	0.00805238
2377.25	0.00833333	1.07721	0.101261	0.312349	0.434634	0.248106	0.41909	0.702563	0.78932	0.789516	0.132276	0.861329	0.187855	0.924925	0.666818	0.324966	0.266033	88.734	0.0861376	0.00618419	0.0410227
2377.27	0.00833333	1.06916	0.588248	0.377995	0.916268	0.423214	0.178928	0.422363	0.323942	0.630115	0.221675	0.467666	0.710243	0.413674	0.618539	0.704116	0.877553	99.2409	0.0895109	0.0246241	0.021831
2377.55	0.00833333	0.949161	0.253281	0.888325	0.958154	0.189254	0.890778	0.0248595	0.576183	0.573548	0.463991	0.465479	0.584522	0.330307	0.335073	0.435551	0.660938	109.886	0.0925432	0.00320555	0.0464981
2377.7	0.00833333	1.04694	0.210401	0.476204	0.810051	0.766413	0.816189	0.829015	0.396858	0.816629	0.40371	0.43385	0.250049	0.876061	0.678011	0.451323	0.321265	95.9162	0.0828035	0.00918089	0.0408659
