distance	weight	r0	r1	r2	r3	r4	r5	r6	r7	r8	r9	r10	r11	r12	r13	r14	r15	tp	dr1	dr2	dr3
2125.18	0.00833333	0.947552	0.830157	0.305485	0.694514	0.00791463	0.0937081	0.350393	0.113169	0.00737166	0.134315	0.483959	0.416774	0.932861	0.540746	0.0802002	0.0159214	98.0896	0.0999843	0.0299519	0.00437907
2125.28	0.00833333	0.949371	0.0356008	0.434337	0.869395	0.428725	0.246735	0.457517	0.497061	0.0662265	0.0972818	0.992709	0.854303	0.549086	0.00610338	0.094019	0.0232531	97.6505	0.0999915	0.0299144	0.00751114
2125.4	0.00833333	0.944934	0.249833	0.825217	0.76645	0.00899187	0.055292	0.246327	0.423022	0.0348056	0.123507	0.946431	0.761039	0.263557	0.282229	0.123507	0.00240439	99.3183	0.0997824	0.0298075	0.00197849
2125.48	0.00833333	0.945266	0.141105	0.51355	0.101457	0.590303	0.262338	0.487336	0.0673204	0.493914	0.15397	0.567468	0.190535	0.455377	0.237732	0.0729484	0.054414	99.4916	0.0999474	0.0298399	0.00941419
2125.49	0.00833333	0.948916	0.313948	0.0326676	0.54897	0.844532	0.0347053	0.569901	0.816067	0.0244563	0.101298	0.0304274	0.37191	0.561618	0.657185	0.04013	0.0576399	98.6707	0.0997704	0.0296942	0.00946294
2125.53	0.00833333	0.950941	0.510579	0.120597	0.230865	0.625575	0.0689209	0.00622758	0.727911	0.0784346	0.0119959	0.441269	0.369248	0.479097	0.660297	0.11198	0.0372462	98.0577	0.0999436	0.029779	0.0106444
2125.55	0.00833333	0.949875	0.833312	0.713964	0.842633	0.678227	0.0282502	0.353877	0.626865	0.0127135	0.237633	0.584211	0.245728	0.641693	0.245696	0.0387463	0.0223262	98.963	0.0999128	0.0294916	0.0162866
2125.55	0.00833333	0.951087	0.372923	0.429505	0.558241	0.0576233	0.310203	0.459812	0.299659	0.190038	0.0453932	0.777944	0.947713	0.980076	0.107669	0.0810707	0.0847101	97.7952	0.0999697	0.0298432	0.00880208
2125.56	0.00833333	0.945996	0.47874	0.770647	0.806381	0.375296	0.0197102	0.497344	0.338995	0.0128235	0.0560718	0.164281	0.105831	0.445073	0.0715952	0.058656	0.0763153	99.1738	0.0998937	0.0298049	0.00860778
2125.63	0.00833333	0.947588	0.615845	0.107198	0.463458	0.428687	0.118637	0.76901	0.454859	0.404356	0.0889305	0.221778	0.00291336	0.370258	0.248287	0.121953	0.0259587	99.1396	0.0998969	0.0298216	0.0103707
2125.63	0.00833333	0.946948	0.793238	0.781367	0.504312	0.152575	0.312103	0.434458	0.6316	0.155982	0.105288	0.112543	0.253844	0.134678	0.0527344	0.00830495	0.0570768	98.6247	0.0998889	0.02972	0.0117825
2125.64	0.00833333	0.946764	0.385245	0.739087	0.644124	0.273405	0.0172013	0.413154	0.334515	0.176304	0.0781345	0.662747	0.364203	0.278257	0.129427	0.159535	0.0455981	99.494	0.0999829	0.0295709	0.0157414
2125.66	0.00833333	0.946537	0.191792	0.647035	0.662777	0.814068	0.255258	0.417879	0.298385	0.207982	0.0275966	0.601748	0.217116	0.365626	0.160133	0.0665005	0.0363682	97.645	0.0998571	0.0298903	0.00238655
2125.67	0.00833333	0.941912	0.582819	0.416164	0.884912	0.536806	0.00752936	0.263511	0.72428	0.293901	0.028121	0.703329	0.610249	0.474116	0.543732	0.0363676	0.198852	98.5102	0.0999824	0.029868	0.000524323
2125.67	0.00833333	0.949544	0.497612	0.932365	0.527144	0.845899	0.361839	0.585277	0.521185	0.242469	0.0571736	0.364023	0.0861048	0.367622	0.135678	0.00592776	0.0738394	98.994	0.0999719	0.0295229	0.0155086
2125.69	0.00833333	0.944789	0.0225899	0.936315	0.683121	0.518708	0.0418659	0.623812	0.497868	0.358361	0.0296593	0.133774	0.0721504	0.554603	0.0393838	0.0813722	0.0129249	98.7879	0.0998328	0.0298216	0.00306653
2125.7	0.00833333	0.944918	0.329149	0.656848	0.497746	0.281586	0.0499514	0.142066	0.972333	0.227633	0.206243	0.149132	0.946376	0.0789365	0.102055	0.0305675	0.0537874	98.806	0.0997698	0.0298096	0.006208
2125.71	0.00833333	0.947273	0.261429	0.10927	0.621677	0.386511	0.140147	0.974324	0.747013	0.0190004	0.18046	0.776617	0.782798	0.0810405	0.236339	0.167465	0.0484091	98.0999	0.0999548	0.0299172	0.00396093
2125.72	0.00833333	0.95419	0.966379	0.18737	0.0417757	0.619471	0.0648485	0.75986	0.247181	0.763431	0.00197612	0.811673	0.464026	0.882887	0.295709	0.00393865	0.0967054	98.4392	0.0999177	0.0296325	0.0140278
2125.72	0.00833333	0.941969	0.501865	0.904451	0.68366	0.11415	0.200009	0.31901	0.226277	0.31012	0.145678	0.584899	0.281492	0.271215	0.0188775	0.102543	0.0820894	99.086	0.0999576	0.0298945	0.00469806
2125.72	0.00833333	0.948824	0.243427	0.426277	0.0838286	0.169264	0.375498	0.0485163	0.298891	0.327535	0.159103	0.526005	0.52115	0.264958	0.0249771	0.0241605	0.141834	99.1668	0.0999938	0.0293915	0.0177015
2125.73	0.00833333	0.948655	0.574542	0.509054	0.349533	0.272204	0.0825605	0.856401	0.16023	0.336488	0.186821	0.809745	0.259369	0.434302	0.0673896	0.017139	0.0153831	99.4353	0.0999778	0.0297423	0.0104006
2125.74	0.00833333	0.95009	0.0461543	0.401556	0.101074	0.494168	0.273723	0.603429	0.549529	0.371166	0.189038	0.886402	0.757961	0.614903	0.23532	0.109003	0.0503887	97.5714	0.0999924	0.0298304	0.00912804
2125.74	0.00833333	0.947053	0.77707	0.296612	0.263082	0.542178	0.118802	0.321853	0.580773	0.422901	0.0335126	0.274088	0.249427	0.574653	0.410464	0.0651702	0.0861792	98.9705	0.0999537	0.0297153	0.0116988
2125.75	0.00833333	0.947657	0.659534	0.491649	0.28039	0.0511126	0.25066	0.710907	0.105652	0.554389	0.10541	0.845208	0.508385	0.0780877	0.0990391	0.00332707	0.00820186	97.8421	0.0999577	0.0299755	0.00426591
2125.75	0.00833333	0.955567	0.483645	0.0710756	0.773386	0.652844	0.0156825	0.197465	0.126159	0.647828	0.144837	0.630376	0.632973	0.0860606	0.398669	0.0682359	0.0323924	97.9881	0.0998841	0.0292452	0.0186019
2125.76	0.00833333	0.946006	0.174455	0.0272671	0.222068	0.194748	0.19804	0.0764278	0.36325	0.249898	0.148537	0.715988	0.485293	0.776455	0.0673232	0.110556	0.000381514	98.7808	0.0999851	0.0297804	0.00502331
2125.77	0.00833333	0.945025	0.103082	0.707538	0.798823	0.865851	0.423885	0.664825	0.487663	0.285625	0.199397	0.305848	0.657779	0.852541	0.418601	0.0623337	0.0325153	98.7641	0.0998382	0.02984	0.00437982
2125.77	0.00833333	0.94817	0.776228	0.415841	0.442306	0.475514	0.0919138	0.261693	0.0722655	0.435622	0.0963595	0.769065	0.484296	0.199734	0.255644	0.0286363	0.00638306	97.8881	0.0998133	0.0298878	0.000508395
2125.78	0.00833333	0.94886	0.20808	0.0317323	0.852095	0.160054	0.16953	0.466852	0.502511	0.130103	0.0958903	0.552912	0.997471	0.217577	0.270519	0.0918648	0.138932	98.0775	0.0997379	0.0299049	0.00586493
2125.78	0.00833333	0.949925	0.717976	0.0776487	0.580406	0.295938	0.0692993	0.936434	0.345059	0.257176	0.0596055	0.283938	0.647283	0.572739	0.546011	0.00969451	0.0103305	98.403	0.0999198	0.0298298	0.00969817
2125.78	0.00833333	0.950426	0.243975	0.232995	0.655992	0.132753	0.0926645	0.00193977	0.323132	0.16482	0.132121	0.30349	0.623684	0.464209	0.313171	0.0967123	0.00475281	98.8055	0.0997251	0.0295916	0.0114312
2125.79	0.00833333	0.952659	0.222659	0.0306506	0.115571	0.700168	0.0291084	0.233224	0.659474	0.250041	0.0190458	0.0261814	0.719126	0.130726	0.310204	0.137347	0.0775333	97.8393	0.0999865	0.0297498	0.0090392
2125.79	0.00833333	0.942713	0.50139	0.990691	0.98391	0.359641	0.131026	0.478595	0.492962	0.0556875	0.0931387	0.22223	0.654212	0.930686	0.131382	0.0210289	0.198307	98.5936	0.0998943	0.0298841	0.000868547
2125.8	0.00833333	0.948026	0.420076	0.41049	0.461101	0.100194	0.255896	0.325811	0.190945	0.499111	0.132131	0.351234	0.184864	0.534077	0.46575	0.0272278	0.104465	99.4676	0.0998314	0.0297776	0.00661432
2125.8	0.00833333	0.945094	0.921701	0.38778	0.737618	0.797451	0.263068	0.280121	0.492977	0.145348	0.00216516	0.389551	0.664275	0.400474	0.0418966	0.0896753	0.0954411	98.574	0.0999111	0.0298393	0.00862844
2125.8	0.00833333	0.940855	0.34371	0.622984	0.177139	0.732509	0.270856	0.618088	0.314855	0.192399	0.0061342	0.945518	0.0788707	0.841389	0.164134	0.170136	0.0149138	98.7726	0.0999863	0.0299756	0.00460426
2125.81	0.00833333	0.949365	0.282593	0.257044	0.65422	0.14675	0.16697	0.12441	0.190855	0.0428193	0.141356	0.508124	0.761007	0.541862	0.420557	0.0281219	0.0528527	97.7627	0.0999337	0.0298861	0.0097917
2125.82	0.00833333	0.950981	0.824897	0.300503	0.071153	0.540483	0.396474	0.827842	0.0558307	0.311128	0.0824253	0.467363	0.603539	0.299012	0.122365	0.0678875	0.0633519	97.9831	0.0999392	0.0297733	0.0118906
2125.83	0.00833333	0.950336	0.17695	0.4151	0.714111	0.797734	0.0012006	0.576519	0.172043	0.437234	0.188689	0.551899	0.0133449	0.785852	0.41182	0.0477533	0.0900073	99.3382	0.0998481	0.0295018	0.0155656
2125.83	0.00833333	0.948544	0.325524	0.104951	0.366498	0.0207451	0.169973	0.774681	0.59789	0.29819	0.175703	0.950995	0.714445	0.951357	0.0577447	0.175957	0.0833757	99.2283	0.0999373	0.0295106	0.0142933
2125.83	0.00833333	0.951634	0.487411	0.193373	0.733571	0.527786	0.0656323	0.124536	0.688487	0.494834	0.0616549	0.100676	0.840099	0.591821	0.395263	0.0232082	0.139722	98.4204	0.0999957	0.0297332	0.0102154
2125.84	0.00833333	0.948974	0.847586	0.712199	0.363099	0.191679	0.387579	0.853128	0.111019	0.251924	0.0523524	0.776439	0.651785	0.627261	0.17742	0.211522	0.0436711	99.1315	0.0998648	0.029617	0.0132721
2125.84	0.00833333	0.950355	0.772445	0.440667	0.282957	0.0249581	0.0982412	0.856346	0.200228	0.0405322	0.133776	0.573076	0.00793537	0.918608	0.691093	0.0991632	0.00485559	98.8078	0.0998432	0.0295445	0.0140868
2125.85	0.00833333	0.948658	0.376635	0.282554	0.579793	0.76727	0.417489	0.201168	0.886539	0.37907	0.156858	0.157555	0.951325	0.257193	0.612956	0.0594425	0.0167191	98.9757	0.0998698	0.0294494	0.0168609
2125.85	0.00833333	0.950117	0.229324	0.629396	0.20969	0.713498	0.100419	0.478179	0.320251	0.0231201	0.00480425	0.604872	0.756146	0.512684	0.576683	0.0557361	0.00320007	99.0329	0.099878	0.029637	0.0134128
2125.86	0.00833333	0.949189	0.821742	0.912852	0.628634	0.400116	0.181713	0.095228	0.877676	0.0574602	0.150365	0.0360605	0.551417	0.219365	0.490211	0.0733844	0.0510365	98.8964	0.0998688	0.0296061	0.012632
2125.9	0.00833333	0.949719	0.284466	0.36597	0.529952	0.790185	0.529396	0.154935	0.392287	0.247013	0.199934	0.337773	0.162467	0.196214	0.00759527	0.171571	0.0105421	98.0734	0.0999999	0.0298653	0.00847735
2125.9	0.00833333	0.946291	0.49775	0.714723	0.900189	0.576014	0.138955	0.755554	0.12905	0.0637653	0.0969303	0.411659	0.28241	0.419294	0.440513	0.081769	0.0651487	99.0182	0.0997574	0.0298366	0.00724063
2125.9	0.00833333	0.94494	0.60988	0.784868	0.784131	0.350659	0.306716	0.0685521	0.548571	0.652048	0.148424	0.0525295	0.96083	0.0293835	0.163193	0.0518147	0.00250829	98.9401	0.0999797	0.0298039	0.00705127
2125.91	0.00833333	0.94891	0.820734	0.544161	0.13523	0.383004	0.0726507	0.478955	0.380256	0.109146	0.126644	0.491249	0.935085	0.125921	0.272892	0.0582082	0.0357147	99.4814	0.0999129	0.0296218	0.0118149
2125.92	0.00833333	0.943506	0.26045	0.98122	0.331404	0.576786	0.276611	0.720213	0.40175	0.100603	0.000190768	0.29741	0.296788	0.458429	0.500439	0.0827114	0.0680597	98.9882	0.0999808	0.0298487	0.00673211
2125.92	0.00833333	0.945579	0.0429315	0.553358	0.753025	0.632306	0.101168	0.0179389	0.0898623	0.754324	0.220949	0.781733	0.753594	0.328782	0.203624	0.0820725	0.0793066	99.1186	0.0999609	0.0298462	0.00847089
2125.92	0.00833333	0.946427	0.418109	0.462268	0.205307	0.190455	0.119692	0.517867	0.717555	0.778158	0.0512209	0.916965	0.972638	0.308432	0.890935	0.0397675	0.191119	98.9767	0.0999497	0.0298124	0.00661215
2125.94	0.00833333	0.947842	0.12493	0.553548	0.748096	0.594707	0.361429	0.429815	0.135802	0.0928741	0.150052	0.793576	0.137621	0.629835	0.00833726	0.0354242	0.00561312	98.5673	0.0999267	0.029566	0.0151485
2125.94	0.00833333	0.947168	0.526659	0.87209	0.757032	0.496997	0.0704094	0.440084	0.613493	0.301464	0.163687	0.893271	0.984871	0.180936	0.339535	0.0145595	0.13255	99.179	0.099998	0.0297635	0.00852645
2125.94	0.00833333	0.949558	0.79884	0.653601	0.366641	0.948983	0.153735	0.124239	0.689211	0.129667	0.0698059	0.913199	0.465537	0.725222	0.202753	0.135403	0.0371708	98.9259	0.0996533	0.0295987	0.013686
2125.95	0.00833333	0.945979	0.956324	0.456554	0.712117	0.889189	0.00950311	0.154869	0.774736	0.431745	0.104778	0.147543	0.640088	0.254288	0.352756	0.0917599	0.0298377	99.2429	0.0998307	0.0298322	0.00939114
2125.97	0.00833333	0.942021	0.105723	0.0533842	0.793335	0.61755	0.271889	0.62675	0.314973	0.109504	0.234005	0.213825	0.866658	0.141268	0.172916	0.0104772	0.0300442	99.9533	0.0998825	0.0297829	0.0074079
2125.97	0.00833333	0.947755	0.551746	0.81009	0.698132	0.425683	0.121775	0.104575	0.678506	0.283479	0.120976	0.492165	0.664454	0.619433	0.00605224	0.0251844	0.109952	99.2315	0.0998655	0.0298011	0.00961994
2125.98	0.00833333	0.945652	0.284731	0.128274	0.342519	0.387725	0.18645	0.314937	0.407505	0.24359	0.00540432	0.579338	0.303553	0.933742	0.168412	0.0881745	0.0994141	98.681	0.0998305	0.0297975	0.00874828
2125.98	0.00833333	0.94865	0.42896	0.704909	0.657633	0.539316	0.245003	0.221091	0.896196	0.185758	0.0190467	0.321649	0.446897	0.357531	0.0841225	0.0396873	0.0227411	98.6712	0.0998073	0.0297492	0.00803681
2125.98	0.00833333	0.950942	0.436161	0.507721	0.331437	0.290372	0.263111	0.188972	0.0962379	0.352861	0.0982435	0.169571	0.376605	0.197684	0.588921	0.0420852	0.0099981	98.9671	0.0996103	0.0293439	0.017121
2125.99	0.00833333	0.945695	0.0760789	0.0372513	0.325287	0.0251491	0.121115	0.810652	0.510304	0.585252	0.410916	0.703299	0.675045	0.213227	0.27622	0.144059	0.0177046	98.5413	0.0999797	0.0297905	0.0110201
2125.99	0.00833333	0.950499	0.362352	0.837599	0.28468	0.425246	0.196691	0.222733	0.484744	0.391066	0.0992252	0.353771	0.46858	0.374696	0.0993278	0.0158389	0.0753766	98.211	0.0997953	0.0297742	0.00504097
2126	0.00833333	0.942877	0.841639	0.355821	0.190984	0.478125	0.291049	0.451664	0.772392	0.0115555	0.116651	0.489233	0.150457	0.252497	0.85018	0.0757249	0.080328	99.115	0.0997946	0.0298123	0.00051164
2126	0.00833333	0.949558	0.219745	0.142675	0.889188	0.103752	0.285679	0.381224	0.242184	0.045889	0.222153	0.349901	0.864217	0.0819187	0.468858	0.0430749	0.0706233	98.0906	0.0999268	0.0298287	0.00457572
2126.01	0.00833333	0.940299	0.294114	0.0142997	0.526844	0.438729	0.618565	0.401703	0.346976	0.701871	0.00648127	0.393309	0.00507715	0.0683637	0.212453	0.086717	0.115814	99.2544	0.0999761	0.029916	0.000519758
2126.01	0.00833333	0.946292	0.340478	0.332037	0.451931	0.826531	0.22248	0.641065	0.973176	0.400193	0.03724	0.139456	0.0142975	0.301856	0.137933	0.104193	0.0601109	98.7312	0.0999755	0.0298554	0.00894438
2126.02	0.00833333	0.950914	0.975648	0.219051	0.76317	0.318662	0.423707	0.708514	0.463541	0.151934	0.0991438	0.63981	0.242978	0.470318	0.470757	0.160954	0.0314381	98.8098	0.0998796	0.0293687	0.017603
2126.02	0.00833333	0.947979	0.602488	0.753854	0.316512	0.228036	0.339591	0.380147	0.448714	0.0616939	0.0413206	0.744868	0.152286	0.836229	0.296872	0.0239314	0.0975918	98.5949	0.0998113	0.0297098	0.0115757
2126.03	0.00833333	0.942803	0.455106	0.65472	0.783918	0.327182	0.314711	0.45781	0.000300348	0.682764	0.151142	0.680984	0.313125	0.333646	0.280554	0.0203742	0.0300792	98.9459	0.0999316	0.0298527	0.00478555
2126.03	0.00833333	0.951633	0.484185	0.24107	0.763246	0.13503	0.274522	0.342666	0.276249	0.45199	0.0181714	0.646256	0.723574	0.514176	0.433191	0.126536	0.0708217	98.0662	0.0999031	0.0297579	0.00970952
2126.04	0.00833333	0.948591	0.364302	0.504743	0.510036	0.140225	0.104374	0.327267	0.642667	0.488119	0.149333	0.112059	0.0196761	0.427527	0.662611	0.0362999	0.0519092	99.1277	0.0998896	0.0295802	0.0156573
2126.04	0.00833333	0.954023	0.518616	0.244519	0.417468	0.454527	0.0930741	0.538928	0.201409	0.374156	0.158283	0.679729	0.483432	0.00903845	0.116285	0.103743	0.0786418	98.4129	0.0999778	0.0295957	0.0133621
2126.07	0.00833333	0.948437	0.515574	0.593598	0.305663	0.483813	0.117775	0.367125	0.392873	0.0490353	0.0014134	0.203579	0.628037	0.310221	0.648669	0.0617059	0.133943	98.6418	0.0998848	0.0296651	0.0145586
2126.07	0.00833333	0.949237	0.267847	0.342693	0.945619	0.234607	0.23001	0.0573118	0.719463	0.271031	0.0750482	0.526992	0.91624	0.575045	0.0133965	0.0525184	0.0683818	97.8605	0.0999389	0.0298799	0.00659566
2126.07	0.00833333	0.951883	0.346545	0.852188	0.040628	0.685964	0.0472056	0.341165	0.773876	0.311672	0.0314619	0.22642	0.892439	0.161707	0.434309	0.0527297	0.0236567	98.4654	0.0998998	0.0297192	0.0141836
2126.08	0.00833333	0.949629	0.735815	0.679798	0.0453241	0.244733	0.299504	0.280398	0.785354	0.410931	0.122879	0.387574	0.554043	0.0669677	0.12888	0.0357089	0.0491564	98.0523	0.0999887	0.0297385	0.0121285
2126.08	0.00833333	0.946019	0.661194	0.1122	0.665894	0.40715	0.120456	0.868193	0.347409	0.550107	0.0430981	0.24462	0.55984	0.786313	0.132831	0.0694731	0.0137657	99.327	0.0998118	0.029863	0.00963612
2126.08	0.00833333	0.945843	0.179823	0.738834	0.47682	0.72982	0.282267	0.541487	0.745934	0.684587	0.111132	0.547104	0.501125	0.078824	0.221943	0.151203	0.0915208	99.1975	0.0999841	0.0298038	0.00653765
2126.09	0.00833333	0.944457	0.560477	0.596642	0.92679	0.620908	0.0684347	0.579308	0.911187	0.724738	0.0908445	0.00744541	0.869109	0.822794	0.498543	0.0491581	0.213549	98.7115	0.0998725	0.0298989	0.00564706
2126.09	0.00833333	0.954851	0.274362	0.932906	0.04527	0.274078	0.0628816	0.344326	0.27884	0.174676	0.00844787	0.296739	0.80395	0.301394	0.470529	0.0129401	0.134816	98.4765	0.0998876	0.0296926	0.012005
2126.09	0.00833333	0.943244	0.857476	0.455737	0.743488	0.497126	0.732352	0.829119	0.384063	0.510502	0.159543	0.0261291	0.36303	0.364612	0.602567	0.0863096	0.0263409	99.0526	0.0999845	0.0299002	0.00751416
2126.09	0.00833333	0.947497	0.459109	0.276741	0.835498	0.787502	0.121852	0.183645	0.530583	0.428507	0.282312	0.853087	0.698559	0.835525	0.24708	0.013609	0.122013	99.3391	0.0998876	0.0297009	0.00755101
2126.1	0.00833333	0.944329	0.303192	0.535909	0.444035	0.208244	0.536611	0.47364	0.646027	0.982406	0.0505888	0.896967	0.82451	0.445846	0.287958	0.0185661	0.0283569	99.3006	0.0998708	0.0298766	0.00707307
2126.1	0.00833333	0.944083	0.453802	0.085853	0.502639	0.77297	0.0819131	0.68164	0.485881	0.360208	0.0679509	0.335222	0.251064	0.206733	0.190771	0.15166	0.0407271	99.2587	0.0999615	0.0298297	0.0095975
2126.1	0.00833333	0.945957	0.277193	0.0861878	0.483241	0.332159	0.0349417	0.148957	0.824812	0.418446	0.0632001	0.861231	0.822312	0.318863	0.301277	0.143646	0.0274634	98.9674	0.0996834	0.029836	0.00520597
2126.1	0.00833333	0.943864	0.532512	0.469453	0.306858	0.892563	0.0768041	0.364776	0.517623	0.00159116	0.0067497	0.052963	0.823279	0.183242	0.830201	0.178229	0.0611093	98.7709	0.0999627	0.0298718	0.00625556
2126.1	0.00833333	0.944868	0.362851	0.894281	0.905876	0.831555	0.445449	0.453773	0.864301	0.275716	0.0740189	0.302999	0.556224	0.399088	0.464311	3.35276e-08	0.00218853	98.5871	0.0999415	0.0298042	0.0059655
2126.1	0.00833333	0.950914	0.654083	0.382839	0.775503	0.188719	0.0467681	0.0381728	0.0266898	0.539683	0.0366273	0.810279	0.96236	0.392845	0.154064	0.0231471	0.231593	98.5135	0.0997927	0.0294829	0.0155453
2126.1	0.00833333	0.946501	0.406772	0.0258337	0.621771	0.413316	0.152855	0.338467	0.795082	0.68375	0.15298	0.664045	0.597343	0.358759	0.233442	0.024632	0.0201382	98.856	0.099906	0.0297503	0.0116584
2126.11	0.00833333	0.947148	0.277487	0.975219	0.248938	0.253606	0.0543194	0.500265	0.430971	0.513853	0.0433849	0.23661	0.645698	0.546739	0.144763	0.0381583	0.182876	99.3462	0.0999146	0.0298162	0.00728542
2126.11	0.00833333	0.945218	0.918121	0.31645	0.977757	0.183003	0.311276	0.102727	0.0968608	0.265197	0.159475	0.648592	0.378883	0.996941	0.394685	0.0137667	0.139222	98.9106	0.0999176	0.029831	0.00397846
2126.11	0.00833333	0.948747	0.451502	0.287025	0.552003	0.212516	0.0462578	0.13096	0.524056	0.506245	0.0577263	0.629119	0.0792918	0.898115	0.0125007	0.0803655	0.166189	99.2374	0.0998926	0.0294974	0.0157183
2126.11	0.00833333	0.947575	0.213556	0.27106	0.402129	0.430089	0.0610902	0.174989	0.256225	0.774807	0.0483394	0.461064	0.640069	0.297406	0.474476	0.0817028	0.0580291	98.6034	0.099878	0.0297394	0.0087666
2126.11	0.00833333	0.94684	0.666451	0.0459897	0.282394	0.325966	0.326299	0.330109	0.253322	0.0422742	0.0977569	0.420644	0.807709	0.129817	0.582085	0.0347515	0.115572	99.1296	0.0998977	0.0297989	0.0109049
2126.12	0.00833333	0.951772	0.174178	0.465858	0.757848	0.55519	0.496668	0.0377782	0.664773	0.204583	0.214603	0.816478	0.525024	0.126997	0.256499	0.00690294	0.0385536	98.804	0.0999153	0.0292817	0.01778
2126.12	0.00833333	0.948086	0.0839183	0.258386	0.352418	0.490502	0.272758	0.0323563	0.647678	0.249248	0.0829172	0.815809	0.332847	0.553814	0.778977	0.145692	0.031439	97.6596	0.0999685	0.0298857	0.005907
2126.12	0.00833333	0.946342	0.0457608	0.0195194	0.657043	0.617224	0.254005	0.283655	0.570822	0.335943	0.116411	0.120096	0.563025	0.719618	0.310643	0.0387262	0.0817916	99.0488	0.0999794	0.0297065	0.0113673
2126.13	0.00833333	0.945666	0.870993	0.234856	0.795479	0.434544	0.257854	0.266451	0.576448	0.0238456	0.112801	0.721063	0.569218	0.0930905	0.507587	0.0963043	0.0578421	98.7926	0.0998369	0.0298213	0.00324887
2126.13	0.00833333	0.944914	0.572046	0.350874	0.977218	0.0878068	0.386447	0.233525	0.0358163	0.771364	0.0187264	0.687599	0.333031	0.937055	0.194778	0.1825	0.116448	99.0618	0.0999442	0.02982	0.00604577
2126.14	0.00833333	0.952769	0.947918	0.508863	0.497509	0.540225	0.259781	0.66821	0.461555	0.439417	0.120375	0.355192	0.313316	0.44921	0.118965	0.0700684	0.0370624	98.2283	0.0999328	0.0294348	0.0176233
2126.14	0.00833333	0.94414	0.565837	0.530372	0.520027	0.0885781	0.237817	0.787394	0.672986	0.352869	0.180966	0.507946	0.107002	0.816774	0.56448	0.142817	0.148039	99.3841	0.0999842	0.0298894	0.00543569
2126.15	0.00833333	0.946883	0.668317	0.779083	0.145047	0.445883	0.522563	0.344622	0.00984877	0.414454	0.185107	0.182838	0.793715	0.27883	0.440703	0.0170391	0.0477251	98.7855	0.0998296	0.0297536	0.00831921
2126.15	0.00833333	0.947747	0.0853171	0.123935	0.175548	0.380727	0.100638	0.542	0.3939	0.038368	0.0844252	0.753058	0.382135	0.0379333	0.376825	0.0212661	0.0243467	98.3935	0.0998533	0.0299575	0.00419531
2126.15	0.00833333	0.941178	0.713517	0.0291757	0.221725	0.625609	0.0500099	0.936812	0.371913	0.445794	0.00193934	0.621779	0.500186	0.530465	0.394425	0.257175	0.15544	98.7492	0.0999254	0.0298576	0.000448632
2126.16	0.00833333	0.949917	0.193821	0.219977	0.779403	0.236058	0.288439	0.0432303	0.443092	0.00450116	0.313225	0.759454	0.966473	0.352448	0.0728727	0.0618354	0.0437915	97.6786	0.099975	0.0298145	0.0120801
2126.16	0.00833333	0.947909	0.0451663	0.325965	0.3797	0.652767	0.419164	0.94429	0.551039	0.0457215	0.055507	0.885608	0.0613117	0.348302	0.249809	0.011413	0.137909	99.2837	0.0997998	0.0297941	0.00832801
2126.16	0.00833333	0.942704	0.332454	0.534629	0.764145	0.100557	0.077012	0.712059	0.356823	0.437717	0.150844	0.49633	0.212063	0.243714	0.225396	0.0317194	0.0228711	98.6638	0.0998879	0.0298831	0.00189019
2126.16	0.00833333	0.943703	0.552144	0.405952	0.363399	0.174071	0.291999	0.624804	0.39541	0.305237	0.278143	0.411031	0.775391	0.692893	0.408136	0.0412532	0.0949617	99.0845	0.0999872	0.0298913	0.00908364
2126.17	0.00833333	0.949367	0.883405	0.597296	0.0842132	0.840702	0.268019	0.233172	0.515585	0.375455	0.0615708	0.246174	0.124595	0.222183	0.377443	0.0306101	0.000512997	99.3618	0.09967	0.0296843	0.0121871
2126.17	0.00833333	0.947013	0.499496	0.387798	0.59228	0.899737	0.699748	0.519135	0.415064	0.450758	0.00576907	0.46268	0.280425	0.28024	0.328447	0.00778354	0.035402	98.5902	0.0999902	0.0297966	0.00983269
2126.17	0.00833333	0.945935	0.184841	0.233126	0.104607	0.16172	0.60898	0.508822	0.42338	0.458624	0.033992	0.766179	0.202477	0.825761	0.412104	0.119636	0.0168317	98.453	0.0999496	0.0299467	0.00237562
2126.18	0.00833333	0.941406	0.139492	0.589091	0.109458	0.0309747	0.188867	0.673826	0.494137	0.0661658	0.0709153	0.0619919	0.178852	0.0284696	0.124118	0.0324906	0.0509146	98.8955	0.0999787	0.0300454	0.00233716
2126.18	0.00833333	0.9499	0.880783	0.874779	0.125773	0.544949	0.174234	0.824234	0.638238	0.0332914	0.11206	0.876855	0.310932	0.451035	0.182529	0.118317	0.105798	97.6988	0.0999613	0.0296861	0.014605
2126.18	0.00833333	0.948181	0.200702	0.274486	0.308348	0.095868	0.475639	0.730168	0.614387	0.555559	0.0807901	0.971299	0.52353	0.107502	0.407303	0.115287	0.0163466	98.7265	0.0999423	0.0295341	0.0163724
2126.18	0.00833333	0.946339	0.351588	0.547727	0.440926	0.658668	0.0575438	0.0817132	0.414759	0.356415	0.216196	0.943192	0.48917	0.201438	0.459157	0.115838	0.00597422	99.1671	0.0999457	0.0298044	0.00849202
2126.19	0.00833333	0.949263	0.691608	0.389545	0.284765	0.236977	0.134486	0.358089	0.47807	0.228888	0.191651	0.754795	0.640842	0.781924	0.0273331	0.00745546	0.0312152	98.4572	0.0998536	0.0299078	0.00828512
2126.19	0.00833333	0.947213	0.341731	0.396153	0.620816	0.989558	0.226513	0.45534	0.676305	0.0244962	0.149719	0.0028915	0.905639	0.077073	0.0882843	0.169604	0.120368	98.5806	0.099907	0.029718	0.0118333
