distance	weight	r0	r1	r2	r3	r4	r5	r6	r7	r8	r9	r10	r11	r12	r13	r14	r15	tp	dr1	dr2	dr3
2132.73	0.00833333	0.93229	0.474615	0.366344	0.282624	0.417178	0.369011	0.96091	0.558057	0.318799	0.0711478	0.725619	0.762112	0.850127	0.461208	0.160543	0.162741	99.6171	0.0998999	0.0139712	0.0475695
2134.07	0.00833333	0.953938	0.319494	0.233796	0.131809	0.646287	0.564906	0.357374	0.482884	0.757508	0.903905	0.0878373	0.328682	0.243653	0.273615	0.657472	0.185449	98.7958	0.0984972	0.0295221	0.00871648
2134.23	0.00833333	0.964866	0.467941	0.0867651	0.683808	0.103679	0.494669	0.648667	0.434642	0.436534	0.102342	0.540539	0.720719	0.238988	0.226408	0.337561	0.212638	97.0079	0.099713	0.0294987	0.00938249
2136.44	0.00833333	0.954119	0.229193	0.954745	0.312877	0.5897	0.00853127	0.206347	0.675397	0.892735	0.561234	0.548379	0.536217	0.607717	0.81846	0.0738165	0.387449	100.587	0.0975412	0.0293683	0.00947005
2136.72	0.00833333	0.932302	0.289507	0.80468	0.164145	0.524802	0.0252011	0.459393	0.410532	0.630668	0.375804	0.531033	0.453515	0.244348	0.314634	0.380976	0.392731	98.0282	0.098714	0.00481191	0.0485545
2137.75	0.00833333	0.955388	0.899083	0.195806	0.122379	0.0361113	0.184072	0.410071	0.625114	0.493375	0.570475	0.590889	0.496658	0.273253	0.420438	0.678811	0.238644	97.9772	0.0998855	0.0293076	0.0210732
2138.18	0.00833333	0.936332	0.672979	0.853087	0.537316	0.142672	0.470817	0.870677	0.584069	0.417402	0.0572327	0.28157	0.754616	0.14439	0.0374834	0.452095	0.699391	99.1047	0.09824	0.00762319	0.0479204
2138.35	0.00833333	0.916499	0.299229	0.581173	0.560583	0.136468	0.403898	0.565102	0.544998	0.451684	0.573121	0.752293	0.220699	0.8818	0.536758	0.210253	0.442567	101.601	0.0992396	0.00577032	0.0486925
2138.73	0.00833333	0.919113	0.167875	0.700918	0.355606	0.189105	0.296345	0.447729	0.528757	0.525823	0.3679	0.697465	0.0994235	0.110909	0.445693	0.138902	0.611315	102.815	0.0982231	0.00746495	0.0482527
2138.79	0.00833333	0.930366	0.506879	0.514807	0.550184	0.498307	0.293835	0.582238	0.687173	0.300632	0.082735	0.505599	0.663728	0.251436	0.333368	0.743932	0.552154	103.315	0.0993027	0.0297607	0.0022218
2138.84	0.00833333	0.947562	0.0927728	0.672294	0.267121	0.381272	0.227795	0.567209	0.336955	0.839865	0.545149	0.738471	0.291178	0.168576	0.78124	0.387036	0.146816	101.738	0.0986276	0.0182871	0.0438701
2139.07	0.00833333	0.93859	0.109505	0.310365	0.407175	0.49423	0.437036	0.346402	0.785504	0.234069	0.407464	0.118336	0.727572	0.919268	0.222206	0.463399	0.285485	101.698	0.0990289	0.0159421	0.0459295
2139.11	0.00833333	0.940725	0.501803	0.2951	0.257067	0.312159	0.585934	0.331737	0.164094	0.389177	0.420767	0.573077	0.204711	0.662877	0.518877	0.777329	0.0623081	101.408	0.0990357	0.0282733	0.026456
2139.73	0.00833333	0.95552	0.0294818	0.242158	0.782698	0.91299	0.942613	0.508989	0.0387169	0.444162	0.349303	0.398538	0.9627	0.361	0.111173	0.613556	0.14236	98.605	0.0980053	0.0202384	0.0425045
2140.4	0.00833333	0.963733	0.328385	0.688064	0.256525	0.783794	0.585291	0.539451	0.627921	0.681625	0.855014	0.240886	0.477539	0.0159271	0.34937	0.196886	0.379784	96.7269	0.0997463	0.0203431	0.0423349
2140.73	0.00833333	0.949611	0.233409	0.241246	0.0909656	0.551192	0.273855	0.522774	0.542177	0.718377	0.078466	0.316178	0.602097	0.268866	0.493787	0.13193	0.942438	100.503	0.0984895	0.0289742	0.0125449
2140.88	0.00833333	0.986597	0.323957	0.0015236	0.500903	0.574004	0.543275	0.203722	0.848705	0.11947	0.328081	0.629184	0.388663	0.854462	0.472336	0.2119	0.0222596	94.5664	0.0983458	0.0285373	0.0207243
2141	0.00833333	0.962024	0.260549	0.659182	0.988933	0.0983891	0.508266	0.743397	0.227498	0.793747	0.40788	0.999973	0.355116	0.59176	0.587165	0.893585	0.68477	99.7124	0.0985624	0.0255138	0.0335793
2141.32	0.00833333	0.944881	0.617456	0.101523	0.261553	0.273435	0.0172624	0.276374	0.191693	0.724068	0.150859	0.532811	0.0167311	0.174858	0.485737	0.0541652	0.634206	104.937	0.0959791	0.0118129	0.0458567
2142.35	0.00833333	0.958272	0.605024	0.966126	0.798691	0.421457	0.348654	0.230973	0.330403	0.314923	0.407096	0.744741	0.0952451	0.454168	0.571187	0.00490391	0.66603	99.1376	0.0986414	0.0295885	0.0141281
2142.45	0.00833333	0.948553	0.90017	0.55295	0.147331	0.503381	0.562053	0.661016	0.225362	0.980896	0.266714	0.184135	0.100347	0.796477	0.519787	0.858166	0.459053	102.989	0.0969975	0.0205757	0.0410552
2142.58	0.00833333	0.946577	0.10997	0.247903	0.385238	0.670201	0.123036	0.335288	0.755318	0.409335	0.459961	0.918524	0.582196	0.664845	0.574912	0.212794	0.396775	101.894	0.0974011	0.0287941	0.0182612
2142.59	0.00833333	0.944859	0.34496	0.122871	0.838114	0.550226	0.440473	0.167235	0.420456	0.480799	0.716802	0.312896	0.546052	0.690934	0.985719	0.229413	0.755794	104.023	0.0974297	0.0225487	0.038487
2142.81	0.00833333	0.958474	0.00174281	0.147367	0.873538	0.0775576	0.965804	0.238057	0.412336	0.726168	0.686158	0.905139	0.760861	0.437508	0.311277	0.728437	0.388296	98.0318	0.0999298	0.0188229	0.0434793
2142.91	0.00833333	0.980567	0.189049	0.655815	0.0383252	0.231219	0.167523	0.380048	0.488543	0.779278	0.340534	0.925852	0.492889	0.205991	0.407984	0.118734	0.500018	102.231	0.0939523	0.0185826	0.0407334
2142.92	0.00833333	0.968667	0.840429	0.45644	0.833666	0.998874	0.0664021	0.62026	0.0802203	0.322753	0.326278	0.334383	0.121614	0.474839	0.686691	0.423115	0.0972624	101.84	0.0953365	0.0267641	0.0276319
2142.94	0.00833333	0.976221	0.322763	0.991849	0.882953	0.277627	0.847225	0.355913	0.426429	0.439523	0.196907	0.220914	0.148756	0.288165	0.516574	0.894763	0.0435582	100.899	0.0955442	0.0221113	0.0372561
2143.05	0.00833333	0.987338	0.72843	0.65852	0.706864	0.196355	0.573374	0.235542	0.705107	0.212105	0.471476	0.501397	0.0386247	0.976059	0.643641	0.655787	0.0607128	101.681	0.0928075	0.0278235	0.0114873
2143.08	0.00833333	0.962091	0.939197	0.677938	0.826912	0.626568	0.180129	0.453901	0.764383	0.113998	0.014983	0.603023	0.064208	0.33838	0.152351	0.130146	0.276886	102.86	0.0930847	0.00692797	0.0453556
2143.29	0.00833333	0.954411	0.240297	0.655985	0.122063	0.31997	0.0359729	0.332666	0.758516	0.583191	0.542961	0.721824	0.0400877	0.821126	0.428618	0.370298	0.152604	99.6699	0.0987503	0.0254683	0.0352583
2143.55	0.00833333	0.921815	0.148786	0.296932	0.543622	0.567984	0.558659	0.331915	0.811701	0.412534	0.702123	0.944589	0.962984	0.588191	0.873447	0.12917	0.216754	101.796	0.0978382	0.00198699	0.047442
2143.68	0.00833333	0.980163	0.144882	0.83694	0.0384308	0.660252	0.109216	0.0339241	0.413455	0.118951	0.475474	0.787867	0.273879	0.771829	0.666204	0.436999	0.14959	95.8481	0.0982307	0.0193138	0.0427027
2143.84	0.00833333	0.963148	0.444839	0.125103	0.0129838	0.251327	0.544309	0.664346	0.356738	0.665147	0.0386538	0.166001	0.719898	0.18846	0.521736	0.481075	0.755193	102.117	0.095201	0.0179842	0.0427598
2143.84	0.00833333	0.904159	0.00422118	0.490256	0.0398199	0.210765	0.538816	0.710776	0.862607	0.530497	0.470939	0.431348	0.407908	0.568136	0.848644	0.909605	0.40045	101.14	0.0988562	0.00156782	0.0491053
2143.92	0.00833333	0.971085	0.419911	0.858114	0.0118716	0.257311	0.326851	0.563267	0.530304	0.387313	0.655865	0.628522	0.24043	0.356281	0.936317	0.208221	0.209096	99.5754	0.0963288	0.0173274	0.0428207
2144.13	0.00833333	0.954608	0.186389	0.435346	0.354032	0.391279	0.573474	0.563407	0.528377	0.816012	0.574589	0.783029	0.402661	0.614108	0.258626	0.365877	0.583231	105.42	0.0960052	0.0260023	0.0296659
2144.21	0.00833333	0.947936	0.224243	0.494343	0.771505	0.0559658	0.512267	0.917049	0.189241	0.285491	0.746442	0.563399	0.220767	0.992266	0.834389	0.313346	0.756802	98.8696	0.0989428	0.0150865	0.0457098
2144.96	0.00833333	0.965811	0.336027	0.490403	0.268671	0.617465	0.147614	0.47987	0.456764	0.504526	0.419597	0.976522	0.841651	0.295058	0.476652	0.486517	0.132073	100.308	0.0975609	0.0259294	0.0329171
2145	0.00833333	0.963145	0.859179	0.571478	0.386041	0.073371	0.418099	0.99481	0.78588	0.340417	0.236345	0.109885	0.521608	0.81874	0.602163	0.188038	0.994168	104.045	0.0962709	0.0278066	0.0202448
2145.22	0.00833333	0.927954	0.232249	0.220384	0.218739	0.183107	0.240507	0.369275	0.761551	0.284032	0.432335	0.81268	0.502625	0.642779	0.365143	0.0459729	0.642921	102.325	0.0998415	0.0161321	0.0467346
2145.41	0.00833333	0.978606	0.756491	0.756354	0.286646	0.425312	0.558282	0.461386	0.249069	0.877892	0.277449	0.82388	0.268669	0.562792	0.453574	0.656959	0.324345	101.773	0.0948219	0.0269266	0.022568
2145.49	0.00833333	0.9792	0.0660277	0.107315	0.352948	0.774505	0.55021	0.0919288	0.283256	0.272279	0.837643	0.780144	0.862579	0.734459	0.391924	0.192174	0.58486	96.6935	0.0980978	0.0222003	0.039152
2145.54	0.00833333	0.956903	0.562209	0.0414928	0.627657	0.0797624	0.188102	0.139759	0.954466	0.325311	0.583844	0.22737	0.282715	0.80705	0.689309	0.211752	0.465406	95.7403	0.09964	0.0265631	0.0332779
2145.72	0.00833333	0.955651	0.512147	0.995345	0.498596	0.481841	0.504897	0.59806	0.754043	0.427937	0.836218	0.63625	0.212022	0.029165	0.641956	0.0301587	0.432207	100.824	0.0969094	0.0231301	0.0379717
2145.82	0.00833333	0.952147	0.90422	0.707816	0.999618	0.969051	0.477043	0.600468	0.469666	0.454602	0.343002	0.536248	0.127723	0.418747	0.015664	0.533143	0.107681	100.087	0.0968984	0.0157652	0.0450584
2146.23	0.00833333	0.979852	0.919031	0.0932541	0.479248	0.872965	0.373622	0.355228	0.0221858	0.171397	0.290015	0.169392	0.597452	0.246465	0.738081	0.614044	0.298599	95.7684	0.0975391	0.0209743	0.0412581
2146.43	0.00833333	0.993787	0.301896	0.303637	0.913579	0.725743	0.917986	0.669698	0.494879	0.0550996	0.119925	0.61988	0.885452	0.77783	0.432564	0.692646	0.0552729	103.723	0.0926845	0.0261416	0.0237228
2146.45	0.00833333	0.946961	0.639948	0.786935	0.59181	0.127704	0.401201	0.205073	0.425645	0.125148	0.792657	0.103742	0.871825	0.273916	0.189188	0.644132	0.335298	103.923	0.0944042	0.0083157	0.0460276
2146.45	0.00833333	0.917333	0.265364	0.441832	0.212853	0.883952	0.711464	0.343737	0.695884	0.208181	0.285526	0.404949	0.20794	0.516324	0.699585	0.394662	0.563489	104.502	0.0977542	0.0108047	0.0473025
2146.53	0.00833333	0.968959	0.314695	0.637867	0.980292	0.227601	0.0737244	0.408713	0.628334	0.247254	0.803129	0.384394	0.0252234	0.944032	0.730821	0.316818	0.818354	101.985	0.0958713	0.0229547	0.0371399
2146.72	0.00833333	0.932568	0.578854	0.391769	0.682693	0.726854	0.402836	0.958087	0.124015	0.162665	0.213274	0.486398	0.865559	0.763452	0.447963	0.0871912	0.861783	105.349	0.0976885	0.0163907	0.0451586
2146.98	0.00833333	0.957189	0.565445	0.359011	0.552094	0.390878	0.568864	0.307879	0.346331	0.732483	0.0327347	0.845548	0.392848	0.866343	0.601429	0.831309	0.338582	99.9391	0.0972534	0.0260032	0.032204
2147.11	0.00833333	0.936405	0.554193	0.293053	0.523396	0.0457623	0.721565	0.445229	0.450438	0.376142	0.399491	0.14981	0.155057	0.525611	0.1603	0.312245	0.592655	98.8236	0.0997803	0.00802989	0.0476315
2147.17	0.00833333	0.950848	0.342221	0.389322	0.241553	0.55532	0.120309	0.38504	0.636947	0.00480878	0.0918112	0.649855	0.0143349	0.644928	0.809808	0.103148	0.371761	99.1426	0.0972252	0.0155002	0.0459252
2147.32	0.00833333	0.963165	0.53122	0.0278804	0.658003	0.227431	0.336702	0.703724	0.770257	0.460514	0.27179	0.350077	0.151544	0.414218	0.482003	0.0132132	0.456516	95.7131	0.0988785	0.0246407	0.0372568
2147.34	0.00833333	0.978094	0.832932	0.993535	0.318633	0.631289	0.519727	0.809411	0.71244	0.596569	0.7118	0.649305	0.224444	0.289215	0.525278	0.027412	0.728266	95.2907	0.0997647	0.0270858	0.0297113
2147.49	0.00833333	0.91973	0.425694	0.040754	0.984765	0.056641	0.668104	0.524188	0.682508	0.292185	0.375838	0.0115201	0.307585	0.629321	0.340567	0.085592	0.296148	101.027	0.0987917	0.00887171	0.0480729
2147.86	0.00833333	0.92855	0.772245	0.553811	0.409602	0.647612	0.411982	0.954063	0.546527	0.0579862	0.404211	0.756084	0.414672	0.499816	0.257704	0.341514	0.043132	103.122	0.0999985	0.0138019	0.046184
2147.93	0.00833333	0.940589	0.189644	0.767599	0.592817	0.704407	0.472803	0.7369	0.71436	0.482047	0.1783	0.512027	0.702287	0.402559	0.308016	0.890981	0.526179	103.856	0.0978857	0.0189364	0.0434728
2148.12	0.00833333	0.9295	0.421592	0.983006	0.544691	0.619277	0.0443944	0.465236	0.603037	0.0728741	0.0662297	0.357082	0.160016	0.300756	0.238543	0.031687	0.548807	106.212	0.0959084	0.0102188	0.0468915
2148.58	0.00833333	0.955876	0.352905	0.389911	0.345899	0.0275089	0.838981	0.762236	0.953403	0.848609	0.51585	0.122626	0.662627	0.382333	0.350653	0.136732	0.320958	105.769	0.0958885	0.0239912	0.0348386
2148.58	0.00833333	0.942145	0.202649	0.461179	0.792919	0.659183	0.181457	0.440737	0.347606	0.608263	0.662811	0.931701	0.543355	0.323181	0.373541	0.648585	0.589332	104.193	0.0959637	0.00960452	0.0459761
2148.66	0.00833333	0.950333	0.345956	0.643334	0.167083	0.617443	0.820604	0.536323	0.815694	0.870916	0.0191855	0.307957	0.44491	0.18123	0.218694	0.852728	0.165463	97.6931	0.0988411	0.0222902	0.0404236
2148.78	0.00833333	0.976859	0.20528	0.165081	0.186903	0.885633	0.959891	0.0103021	0.945549	0.291273	0.28398	0.403464	0.116596	0.381366	0.82866	0.35975	0.447828	103.724	0.0938286	0.0278504	0.0171652
2148.91	0.00833333	0.947644	0.517582	0.161697	0.644013	0.245021	0.409041	0.288083	0.712984	0.293575	0.791204	0.559528	0.531018	0.24594	0.752924	0.32227	0.417474	97.6398	0.0991582	0.0224134	0.0411423
2148.96	0.00833333	0.989993	0.430612	0.862629	0.827845	0.807838	0.520059	0.846923	0.0531828	0.683779	0.127772	0.35012	0.352781	0.304828	0.932527	0.715029	0.469408	101.019	0.0933103	0.0237973	0.0332864
2148.99	0.00833333	0.964792	0.415913	0.363754	0.503438	0.74045	0.847486	0.353815	0.57282	0.304441	0.0857312	0.261575	0.572227	0.947415	0.67322	0.790009	0.151153	97.6255	0.0991451	0.0155484	0.0451376
2149.12	0.00833333	0.952978	0.171591	0.388191	0.331875	0.411633	0.466782	0.680818	0.599377	0.314948	0.315553	0.336809	0.333943	0.50017	0.48396	0.24646	0.201717	103.218	0.0957613	0.0198178	0.0412904
2149.19	0.00833333	0.951409	0.881005	0.595188	0.929559	0.665334	0.181001	0.561009	0.478592	0.462241	0.0411118	0.595908	0.552509	0.328442	0.0648482	0.819061	0.211606	101.777	0.0961596	0.0186082	0.0432822
2149.45	0.00833333	0.929839	0.0604737	0.304928	0.2446	0.211751	0.757491	0.296736	0.428184	0.617327	0.520465	0.045307	0.54104	0.704781	0.370665	0.707803	0.781648	106.43	0.0967137	0.0101843	0.046404
2149.48	0.00833333	0.994844	0.117728	0.557267	0.434018	0.681615	0.776288	0.98334	0.311081	0.653558	0.276887	0.893315	0.623834	0.652076	0.480273	0.897875	0.040074	98.0406	0.0948246	0.0254289	0.0307705
2149.51	0.00833333	0.974861	0.298136	0.223415	0.503567	0.245317	0.831454	0.394187	0.831779	0.401215	0.458619	0.877811	0.711638	0.405032	0.671173	0.447252	0.443304	106.468	0.0938018	0.0213363	0.0371177
2149.54	0.00833333	0.951318	0.479962	0.913105	0.657079	0.714432	0.439117	0.226078	0.539008	0.650652	0.00827858	0.73599	0.408115	0.0490081	0.454041	0.806702	0.950753	99.1819	0.098653	0.0218632	0.0401748
2149.58	0.00833333	0.961855	0.231221	0.666103	0.120124	0.763348	0.617082	0.675799	0.47206	0.246454	0.838161	0.549978	0.790953	0.548712	0.472432	0.802148	0.0898374	106.382	0.0939389	0.0189365	0.0404816
2149.98	0.00833333	0.94955	0.654974	0.457151	0.0729797	0.0646218	0.438415	0.529121	0.832492	0.387233	0.613802	0.116336	0.672631	0.191256	0.387492	0.937025	0.714986	99.9993	0.0976642	0.0132328	0.0468705
2150.03	0.00833333	0.961381	0.778265	0.478779	0.483801	0.35571	0.385246	0.465954	0.676748	0.270083	0.513471	0.936453	0.835585	0.524729	0.0619325	0.103198	0.441728	104.772	0.0946291	0.0256158	0.0308166
2150.05	0.00833333	0.95556	0.335445	0.606652	0.82808	0.203984	0.401834	0.733848	0.168403	0.669429	0.591596	0.719309	0.164065	0.807253	0.48109	0.467573	0.783682	104.086	0.0955181	0.0278874	0.0198305
2150.31	0.00833333	0.929087	0.83204	0.285769	0.46657	0.12607	0.807736	0.137695	0.897227	0.0481888	0.314516	0.165868	0.387407	0.683603	0.752574	0.639795	0.148573	103.926	0.0992504	0.0291118	0.0220691
2150.42	0.00833333	0.955442	0.603742	0.960016	0.459132	0.43907	0.864287	0.747706	0.636379	0.862938	0.719364	0.65993	0.451299	0.697918	0.0134097	0.683051	0.904328	103.483	0.0960253	0.0284122	0.0178568
2150.58	0.00833333	0.985238	0.976147	0.450298	0.655025	0.465722	0.776584	0.616683	0.86532	0.301773	0.529874	0.242004	0.247129	0.32479	0.315838	0.582518	0.712732	100.335	0.0948153	0.0263781	0.0260425
2150.59	0.00833333	0.980328	0.093561	0.267768	0.210272	0.473332	0.268991	0.975129	0.689259	0.54364	0.35759	0.375958	0.471837	0.435747	0.308637	0.623295	0.306651	102.817	0.0926615	0.015768	0.0429489
2150.62	0.00833333	0.97508	0.542872	0.135442	0.308773	0.0652985	0.0671039	0.656402	0.586027	0.423893	0.884581	0.744169	0.204479	0.012789	0.423215	0.156446	0.906335	100.458	0.0973346	0.0285301	0.0165564
2150.88	0.00833333	0.995419	0.592142	0.000717575	0.776124	0.350313	0.0314472	0.877756	0.535376	0.210478	0.0530187	0.250074	0.148074	0.526568	0.473715	0.700649	0.0661113	95.6327	0.0959546	0.0265204	0.0291563
2151	0.00833333	0.959527	0.45758	0.573549	0.995515	0.986283	0.807906	0.32995	0.00475505	0.626825	0.680025	0.504753	0.617425	0.661536	0.0468587	0.799999	0.422475	104.079	0.0963104	0.0172606	0.0427676
2151.02	0.00833333	0.967492	0.587655	0.952412	0.157188	0.704172	0.455581	0.691694	0.384322	0.974167	0.217696	0.90508	0.867793	0.943553	0.858843	0.0772482	0.736167	100.069	0.0978558	0.0285399	0.0106603
2151.09	0.00833333	0.983976	0.21499	0.515426	0.228647	0.15918	0.863225	0.843137	0.187096	0.205157	0.409907	0.291048	0.23551	0.579065	0.334127	0.769673	0.448215	100.323	0.0944963	0.027078	0.0226586
2151.21	0.00833333	0.95903	0.424485	0.789438	0.198722	0.67732	0.421715	0.114615	0.425024	0.330661	0.852363	0.81193	0.293573	0.627486	0.295141	0.527587	0.281537	100.061	0.0967492	0.0233327	0.037904
2151.23	0.00833333	0.955455	0.873218	0.312351	0.501684	0.202754	0.178835	0.229631	0.475098	0.145448	0.0361484	0.689444	0.302958	0.369827	0.416057	0.281806	0.675647	101.103	0.0960699	0.0145906	0.0459852
2151.27	0.00833333	0.946288	0.1824	0.705958	0.600931	0.162175	0.324418	0.602048	0.668339	0.421443	0.204662	0.14903	0.591149	0.544662	0.115998	0.294945	0.37295	107.158	0.0967094	0.0211802	0.0392047
2151.28	0.00833333	0.971995	0.0026806	0.920574	0.097567	0.269737	0.0269739	0.872748	0.837099	0.542922	0.351396	0.228416	0.240535	0.388528	0.326787	0.92102	0.313181	98.0256	0.0960195	0.0167706	0.0440507
2151.51	0.00833333	0.981392	0.167713	0.413007	0.53507	0.669523	0.464457	0.419958	0.0544664	0.511397	0.112193	0.981203	0.935004	0.711871	0.580958	0.947702	0.32094	103.019	0.0931146	0.026616	0.0227919
2151.56	0.00833333	0.974191	0.697182	0.763852	0.137073	0.753582	0.694598	0.495678	0.829371	0.325852	0.617605	0.523971	0.722592	0.806964	0.698668	0.156727	0.283283	105.023	0.0942729	0.0185078	0.0404641
2151.58	0.00833333	1.00123	0.948245	0.620514	0.0801439	0.613647	0.301015	0.545831	0.183147	0.748074	0.0590439	0.60133	0.318501	0.670829	0.59796	0.336857	0.205452	100.155	0.0932277	0.0242084	0.0327817
2151.72	0.00833333	0.983209	0.384223	0.596427	0.195973	0.864628	0.896296	0.610202	0.603523	0.725485	0.324265	0.899217	0.510253	0.683957	0.940571	0.28264	0.269808	104.235	0.0931791	0.0162472	0.0418848
2151.72	0.00833333	0.970471	0.66679	0.051876	0.485104	0.445683	0.597983	0.894329	0.664432	0.0277437	0.79027	0.70071	0.223293	0.863703	0.117277	0.828343	0.356497	96.1709	0.0979692	0.0200484	0.0424362
2151.76	0.00833333	0.94606	0.28148	0.9007	0.925876	0.255388	0.516644	0.219255	0.526762	0.561695	0.566447	0.589548	0.275329	0.3374	0.476059	0.109354	0.0673559	103.451	0.0965308	0.0219266	0.0398875
2151.8	0.00833333	0.98134	0.181644	0.716828	0.631701	0.141111	0.851409	0.343397	0.55366	0.250682	0.520081	0.52387	0.728084	0.134226	0.521833	0.543296	0.776848	101.459	0.0962654	0.0242762	0.0331359
2151.84	0.00833333	1.00512	0.982511	0.314754	0.441207	0.372108	0.406563	0.0774731	0.45268	0.801823	0.128736	0.409543	0.675283	0.717149	0.573022	0.0510859	0.710435	98.3283	0.0943016	0.0229103	0.0353052
2151.86	0.00833333	0.973486	0.283903	0.227272	0.464537	0.729354	0.526343	0.075752	0.381184	0.492047	0.848028	0.937621	0.212331	0.365424	0.245413	0.491534	0.799997	101.083	0.0948645	0.0274746	0.0230347
2151.86	0.00833333	0.96792	0.328124	0.27457	0.788873	0.405729	0.471584	0.251486	0.106467	0.932047	0.194371	0.244328	0.337848	0.791567	0.167309	0.998891	0.687854	97.6759	0.0969427	0.0201687	0.0421437
2151.95	0.00833333	0.981975	0.194198	0.943237	0.0384124	0.803381	0.10208	0.632978	0.5037	0.344814	0.373133	0.930575	0.621713	0.454484	0.102097	0.925985	0.658024	99.2315	0.0962159	0.0282721	0.0098513
2151.98	0.00833333	0.925104	0.607586	0.652692	0.061381	0.536136	0.0342793	0.426846	0.227512	0.986798	0.394773	0.287099	0.0495633	0.9857	0.639952	0.536574	0.834665	104.833	0.0991959	0.0137376	0.0466306
2152.32	0.00833333	1.00404	0.592406	0.372057	0.968062	0.767048	0.696827	0.270539	0.6656	0.183959	0.0412972	0.653739	0.797269	0.738383	0.668864	0.392002	0.291918	102.262	0.0908189	0.0257029	0.0245952
2152.32	0.00833333	0.911817	0.453069	0.842244	0.877315	0.925256	0.719477	0.271372	0.827589	0.133592	0.764259	0.795512	0.243704	0.173846	0.772429	0.929115	0.128766	99.5992	0.0983678	0.00363774	0.0488845
2152.34	0.00833333	0.956818	0.88199	0.913426	0.0952478	0.50011	0.461739	0.500513	0.0211222	0.600249	0.0500968	0.760136	0.977942	0.36847	0.74962	0.0628022	0.177995	103.159	0.0976195	0.024319	0.0362327
2152.41	0.00833333	0.963858	0.414252	0.466751	0.632727	0.334607	0.472106	0.637786	0.471412	0.35154	0.286192	0.483269	0.349961	0.330857	0.775043	0.15165	0.43142	100.258	0.0965171	0.0211024	0.0412229
2152.46	0.00833333	0.96896	0.626821	0.30521	0.944611	0.157908	0.906075	0.466994	0.268869	0.320799	0.728389	0.634975	0.62016	0.000867043	0.103992	0.477373	0.455235	99.0665	0.0980088	0.0200128	0.0422976
2152.56	0.00833333	0.98292	0.170983	0.19195	0.240573	0.374548	0.51779	0.356506	0.718784	0.928102	0.837234	0.47044	0.313588	0.849913	0.310882	0.210882	0.0458447	99.589	0.0957186	0.0280585	0.00629963
2152.64	0.00833333	0.950092	0.467342	0.973932	0.324088	0.760752	0.350663	0.365063	0.843253	0.442886	0.432778	0.672566	0.665929	0.581731	0.63306	0.287775	0.833296	100.879	0.0987523	0.0287465	0.0134386
2152.85	0.00833333	0.934244	0.486275	0.759643	0.279255	0.487662	0.111024	0.622583	0.677448	0.289342	0.289452	0.846053	0.560347	0.727792	0.973577	0.496199	0.145002	102.641	0.0985999	0.0290717	0.00452604
2152.92	0.00833333	0.966788	0.429985	0.566342	0.952725	0.363431	0.619602	0.521404	0.430717	0.676825	0.263842	0.335513	0.421631	0.118796	0.896598	0.803488	0.271062	99.7212	0.0979827	0.0158183	0.0444946
2153.11	0.00833333	0.955748	0.200769	0.264679	0.0213626	0.568553	0.0872744	0.0271945	0.655085	0.0708058	0.785629	0.985771	0.972444	0.776558	0.3987	0.762978	0.17751	108.488	0.0948643	0.0231059	0.0350045
2153.15	0.00833333	0.965667	0.0850993	0.399793	0.989319	0.948633	0.032422	0.554695	0.234069	0.339657	0.27568	0.938899	0.0424266	0.0109481	0.656327	0.370326	0.0358108	101.904	0.094649	0.0214423	0.0392688
2153.22	0.00833333	0.960259	0.401492	0.502078	0.760767	0.0318504	0.212317	0.455208	0.84509	0.152392	0.823537	0.285451	0.597797	0.424818	0.661665	0.767708	0.742675	104.796	0.0946838	0.022778	0.0368017
2153.34	0.00833333	0.948017	0.58217	0.567752	0.720092	0.148857	0.593997	0.517681	0.278666	0.154576	0.174809	0.394624	0.203062	0.830564	0.332929	0.808819	0.179274	98.4685	0.099393	0.0258422	0.0338508
2153.38	0.00833333	0.962561	0.904949	0.794125	0.209522	0.365574	0.555103	0.943551	0.298535	0.930442	0.660796	0.970761	0.592616	0.143208	0.169811	0.323368	0.763073	105.14	0.0936463	0.0117535	0.0447815
2153.41	0.00833333	0.948242	0.416243	0.281439	0.505224	0.163191	0.558524	0.987998	0.701876	0.776398	0.102	0.0271854	0.921642	0.0134337	0.501582	0.37059	0.716087	103.229	0.0993992	0.0283572	0.0233796
2153.53	0.00833333	0.963751	0.15701	0.431327	0.0413446	0.260904	0.909816	0.263118	0.637491	0.732393	0.511148	0.481191	0.251573	0.682527	0.373017	0.103329	0.404165	101.961	0.0984439	0.026902	0.0261671
2153.61	0.00833333	0.961378	0.458306	0.479293	0.148838	0.391764	0.556642	0.867453	0.604344	0.626075	0.499007	0.615395	0.87726	0.292397	0.0342454	0.15668	0.860561	104.255	0.0960123	0.0283873	0.000606789
2153.75	0.00833333	0.993458	0.516826	0.317052	0.500595	0.510597	0.430245	0.96548	0.45362	0.0132339	0.223358	0.314356	0.487522	0.314672	0.680155	0.640998	0.457736	97.6717	0.0952249	0.0260158	0.0299981
