distance	weight	r0	r1	r2	r3	r4	r5	r6	r7	r8	r9	r10	r11	r12	r13	r14	r15	tp	dr1	dr2	dr3
2126.92	0.00833333	0.952607	0.483906	0.284638	0.37205	0.384202	0.094574	0.845237	0.917915	0.693315	0.12523	0.217495	0.687463	0.308088	0.699151	0.0449776	0.103165	98.9713	0.0999937	0.0252463	0.0354386
2126.99	0.00833333	0.949382	0.526085	0.161824	0.247315	0.654481	0.024215	0.911883	0.460796	0.141221	0.322751	0.269189	0.128541	0.0379744	0.015786	0.310119	0.054222	97.7706	0.0999228	0.0298482	0.00832898
2127.41	0.00833333	0.951647	0.564043	0.780681	0.380419	0.625752	0.0381649	0.783994	0.108135	0.914621	0.450957	0.907345	0.739279	0.525885	0.0503897	0.0318206	0.0295734	99.2027	0.0996851	0.0295309	0.012918
2127.42	0.00833333	0.95007	0.11957	0.198695	0.538885	0.694648	0.53741	0.803356	0.610943	0.115883	0.398322	0.240636	0.340913	0.609482	0.317531	0.2936	0.0269985	98.9887	0.0996525	0.029359	0.0164805
2127.65	0.00833333	0.946919	0.126211	0.120707	0.18703	0.485022	0.552919	0.724097	0.216156	0.723975	0.132753	0.201939	0.314354	0.373901	0.725574	0.257125	0.084152	98.2893	0.0999513	0.0299176	0.0068759
2127.69	0.00833333	0.950152	0.23738	0.543984	0.786569	0.115214	0.417106	0.535069	0.960702	0.399748	0.478005	0.142724	0.655683	0.14695	0.281526	0.0570681	0.0133269	99.374	0.0997328	0.0297153	0.00969818
2127.72	0.00833333	0.949	0.318867	0.266972	0.637536	0.150267	0.450665	0.68622	0.0451944	0.447145	0.0527598	0.226283	0.592453	0.201789	0.653843	0.583512	0.0939413	98.7709	0.0999547	0.0295237	0.0153898
2127.76	0.00833333	0.951556	0.208626	0.938516	0.439092	0.156816	0.132975	0.347944	0.329721	0.906007	0.442606	0.285873	0.259723	0.682805	0.0441764	0.0802226	0.0946156	98.6683	0.0999025	0.0292138	0.0196826
2127.77	0.00833333	0.948287	0.181194	0.011765	0.24993	0.367323	0.71468	0.495354	0.849672	0.501052	0.272476	0.0730362	0.0744547	0.280417	0.232809	0.0426428	0.0502926	99.1549	0.0997134	0.0298129	0.00478907
2127.86	0.00833333	0.953092	0.777816	0.732007	0.988484	0.976356	0.370147	0.0312732	0.802682	0.193168	0.221151	0.678116	0.380133	0.412321	0.585694	0.09338	0.133626	98.8824	0.0993945	0.0294619	0.0141707
2127.89	0.00833333	0.947594	0.756474	0.531648	0.417855	0.544715	0.118905	0.459736	0.497962	0.355161	0.145097	0.478806	0.503775	0.716456	0.610159	0.199324	0.229919	99.131	0.0995361	0.0297135	0.010177
2127.91	0.00833333	0.952237	0.35045	0.580244	0.18671	0.269338	0.769477	0.405044	0.967632	0.432671	0.0808166	0.672113	0.335547	0.0466983	0.452024	0.268111	0.045833	99.2033	0.0996262	0.029647	0.0115339
2127.91	0.00833333	0.954349	0.774779	0.287372	0.0786879	0.384473	0.0294728	0.751025	0.174042	0.317077	0.133735	0.526443	0.565902	0.842071	0.156751	0.299599	0.0675212	99.4931	0.0990193	0.0294713	0.0114659
2127.91	0.00833333	0.944709	0.25361	0.489929	0.184393	0.546071	0.522743	0.469649	0.0266899	0.934551	0.439002	0.323915	0.436373	0.265604	0.932913	0.135164	0.0550515	99.448	0.0996779	0.0298441	0.00568367
2127.93	0.00833333	0.948577	0.122717	0.70177	0.113484	0.597086	0.446337	0.84233	0.0952027	0.154093	0.228582	0.678695	0.504532	0.488762	0.113815	0.491435	0.143709	98.9446	0.0998493	0.0291622	0.0203582
2128	0.00833333	0.955554	0.264627	0.580278	0.945788	0.596179	0.157731	0.0773386	0.266558	0.767251	0.289484	0.056157	0.645535	0.279686	0.259888	0.0636953	0.0924437	98.5527	0.0995031	0.0276566	0.0282663
2128.06	0.00833333	0.952856	0.687372	0.919723	0.144784	0.169604	0.298581	0.885028	0.0862418	0.957628	0.157558	0.475333	0.199397	0.436014	0.394385	0.0604009	0.142125	99.1567	0.0995677	0.0295927	0.0117194
2128.12	0.00833333	0.949831	0.166776	0.256613	0.0769574	0.270226	0.596992	0.0325471	0.42995	0.0710838	0.313557	0.268956	0.765179	0.662965	0.198061	0.454022	0.199464	98.8728	0.0999839	0.0286975	0.023965
2128.13	0.00833333	0.955825	0.342161	0.042602	0.469629	0.688987	0.528234	0.181278	0.464259	0.552827	0.28753	0.654784	0.524976	0.233407	0.815739	0.0754137	0.122073	98.163	0.0995574	0.0294833	0.0158556
2128.15	0.00833333	0.95353	0.513237	0.326347	0.806071	0.177701	0.364938	0.0817249	0.540997	0.32605	0.444606	0.61593	0.904272	0.618374	0.415697	0.00262272	0.0415761	98.1981	0.0996332	0.02968	0.00514406
2128.16	0.00833333	0.948019	0.237168	0.281559	0.371955	0.292129	0.645639	0.814576	0.420221	0.364875	0.0375731	0.3741	0.0313192	0.729275	0.385495	0.453418	0.166634	97.8761	0.0999593	0.0298824	0.0104565
2128.17	0.00833333	0.94607	0.422649	0.413786	0.0532973	0.344752	0.627282	0.53616	0.353192	0.389948	0.454969	0.270996	0.18335	0.758827	0.618172	0.138249	0.0882863	99.3889	0.0997973	0.0298162	0.00350938
2128.19	0.00833333	0.958818	0.3462	0.503446	0.619114	0.280837	0.255077	0.779474	0.107073	0.965546	0.136261	0.585333	0.680244	0.643387	0.78803	0.0256031	0.00687845	98.3818	0.0998832	0.0271578	0.0303973
2128.21	0.00833333	0.953087	0.802908	0.56226	0.409573	0.302455	0.0419061	0.676831	0.110904	0.0542272	0.214128	0.33297	0.765936	0.343558	0.513591	0.369406	0.103638	98.1511	0.0998457	0.0297802	0.0132671
2128.22	0.00833333	0.953291	0.337839	0.306533	0.262808	0.0681435	0.134044	0.396057	0.34314	0.643791	0.910275	0.776589	0.222809	0.270435	0.141321	0.155051	0.0274206	99.3002	0.0996551	0.0292116	0.0181
2128.23	0.00833333	0.952221	0.222856	0.539251	0.0338624	0.507066	0.141058	0.60411	0.652866	0.0791422	0.275398	0.436601	0.136808	0.305399	0.317034	0.500013	0.139156	98.4089	0.099773	0.0294446	0.0179861
2128.27	0.00833333	0.948977	0.79296	0.0562155	0.424292	0.986204	0.428067	0.123672	0.995491	0.306266	0.310718	0.666269	0.26895	0.457971	0.695553	0.287777	0.161812	99.3041	0.0996834	0.0294478	0.0164937
2128.27	0.00833333	0.951675	0.172027	0.298275	0.0637186	0.434367	0.468185	0.0830891	0.32627	0.470256	0.421068	0.893485	0.576625	0.426037	0.218227	0.0314624	0.264644	98.8413	0.0993108	0.0296033	0.00849744
2128.28	0.00833333	0.948236	0.677986	0.236193	0.43737	0.370276	0.327475	0.5838	0.536637	0.606068	0.452507	0.551293	0.247418	0.801765	0.125675	0.491361	0.0331591	99.2691	0.099907	0.0294808	0.0167568
2128.3	0.00833333	0.943904	0.633032	0.650761	0.327643	0.522204	0.267088	0.512633	0.115805	0.0868707	0.561223	0.41475	0.464249	0.539818	0.637465	0.147996	0.0908994	98.9531	0.099757	0.0298213	0.0062239
2128.33	0.00833333	0.949503	0.253241	0.026203	0.445185	0.3865	0.16883	0.748967	0.810751	0.218487	0.0240267	0.760238	0.796684	0.801475	0.0237848	0.200789	0.010736	98.9373	0.0999252	0.028664	0.0246748
2128.34	0.00833333	0.947773	0.0420558	0.559856	0.622143	0.579934	0.0707931	0.865145	0.320455	0.0829054	0.693149	0.284952	0.0186673	0.0863025	0.344151	0.250904	0.0705383	98.5022	0.0998302	0.0294672	0.017162
2128.34	0.00833333	0.950296	0.457165	0.580898	0.944287	0.495887	0.0880892	0.770886	0.711354	0.467481	0.299435	0.577513	0.361477	0.45536	0.489304	0.51887	0.010849	99.2117	0.0994838	0.029701	0.0103691
2128.35	0.00833333	0.949121	0.126175	0.217803	0.850554	0.534314	0.224794	0.737175	0.241521	0.501287	0.0266973	0.661775	0.0916217	0.254191	0.413433	0.275315	0.317182	98.7127	0.0998913	0.0285427	0.0248487
2128.37	0.00833333	0.948778	0.515778	0.619829	0.681105	0.753669	0.446969	0.293418	0.225931	0.437699	0.0205588	0.931685	0.322993	0.483214	0.127797	0.455695	0.306608	99.3894	0.0998958	0.0296458	0.0120555
2128.38	0.00833333	0.952736	0.238162	0.634918	0.684685	0.542826	0.32755	0.656972	0.18967	0.437209	0.123617	0.811666	0.0990719	0.532533	0.833309	0.190022	0.0320184	100.44	0.0991898	0.0278844	0.02653
2128.38	0.00833333	0.954048	0.308794	0.728831	0.623187	0.475811	0.0689704	0.86868	0.564657	0.373346	0.108041	0.737368	0.296138	0.596768	0.853969	0.352639	0.00210036	98.0405	0.0995081	0.0294169	0.0178192
2128.49	0.00833333	0.956538	0.708743	0.1243	0.875706	0.740533	0.00336516	0.755402	0.613888	0.412306	0.148567	0.507509	0.45208	0.342855	0.488645	0.0733952	0.403084	98.704	0.099564	0.0289643	0.0187962
2128.5	0.00833333	0.955967	0.332078	0.498823	0.680404	0.810093	0.59615	0.650794	0.33882	0.674449	0.25175	0.467613	0.578757	0.220919	0.0808948	0.23465	0.194179	97.906	0.0999412	0.0290741	0.0211288
2128.53	0.00833333	0.95378	0.532541	0.719498	0.770508	0.304467	0.649757	0.0856776	0.498739	0.295563	0.0264165	0.220583	0.0279754	0.418174	0.0606048	0.559658	0.221859	98.5086	0.0995723	0.0286011	0.0232781
2128.56	0.00833333	0.951428	0.253924	0.754113	0.502292	0.908672	0.42908	0.759529	0.361785	0.3014	0.676467	0.209753	0.196803	0.433133	0.485451	0.317346	0.037083	98.7907	0.0997642	0.0295579	0.0136699
2128.58	0.00833333	0.952549	0.264544	0.0755289	0.389296	0.429177	0.679223	0.265604	0.97413	0.383662	0.459086	0.674141	0.986223	0.816324	0.200975	0.375668	0.0398084	97.5536	0.0999046	0.029624	0.0122142
2128.58	0.00833333	0.945408	0.30466	0.656333	0.316182	0.667251	0.753657	0.506814	0.05957	0.278893	0.372428	0.42172	0.320311	0.948076	0.679065	0.303093	0.092048	100.469	0.0998959	0.0293895	0.0160089
2128.6	0.00833333	0.952824	0.322286	0.398612	0.187412	0.612174	0.718986	0.220668	0.448032	0.563782	0.151585	0.558044	0.389528	0.361381	0.335028	0.127944	0.0333392	98.8455	0.099641	0.0254152	0.0351033
2128.62	0.00833333	0.954548	0.187307	0.826713	0.325937	0.917529	0.558383	0.143942	0.28753	0.986549	0.249935	0.544945	0.502218	0.871893	0.153245	0.137573	0.303189	98.3506	0.0999408	0.0282865	0.0259864
2128.63	0.00833333	0.951098	0.598748	0.244367	0.70027	0.0346338	0.501778	0.101015	0.458342	0.38963	0.119754	0.46598	0.444916	0.277995	0.411283	0.61497	0.179045	99.2745	0.0996023	0.0289329	0.0212001
2128.64	0.00833333	0.949647	0.833186	0.0452421	0.351038	0.515137	0.00632147	0.121026	0.387995	0.392058	0.759924	0.0919435	0.502119	0.645861	0.340431	0.178477	0.12699	100.291	0.099396	0.0289575	0.0201272
2128.66	0.00833333	0.94956	0.314651	0.296669	0.0766204	0.659528	0.575973	0.801651	0.876944	0.504928	0.0535794	0.198793	0.239629	0.336424	0.0555866	0.391999	0.244197	99.7152	0.0998843	0.0281532	0.025475
2128.68	0.00833333	0.949281	0.598327	0.0947377	0.753087	0.26149	0.739456	0.064561	0.614942	0.137458	0.333221	0.332075	0.628451	0.396431	0.37481	0.229824	0.036386	100.166	0.0995062	0.0248655	0.0360606
2128.7	0.00833333	0.95164	0.770464	0.647358	0.249313	0.219546	0.105772	0.603555	0.423732	0.34327	0.0933367	0.265341	0.645198	0.195469	0.469358	0.245235	0.31384	98.774	0.0998639	0.0295076	0.0112148
2128.7	0.00833333	0.955337	0.228584	0.477693	0.471327	0.430393	0.678533	0.440696	0.238171	0.0580566	0.302134	0.443675	0.80252	0.260133	0.424165	0.108766	0.194987	98.8441	0.099805	0.0278497	0.0265742
2128.71	0.00833333	0.949274	0.512532	0.57136	0.626364	0.12798	0.0507776	0.515546	0.0483813	0.718592	0.37185	0.431788	0.217311	0.674824	0.470964	0.100005	0.262071	100.312	0.099527	0.0292778	0.016104
2128.72	0.00833333	0.953424	0.267413	0.338368	0.089814	0.317036	0.786437	0.511228	0.323615	0.386738	0.174801	0.171405	0.773793	0.094851	0.0257373	0.316913	0.0183556	98.9505	0.099631	0.0287358	0.0232788
2128.73	0.00833333	0.955461	0.699723	0.85943	0.454961	0.539424	0.657731	0.00702402	0.588531	0.0365044	0.273737	0.633809	0.309177	0.287483	0.370393	0.0630812	0.15752	98.2268	0.0999757	0.0288678	0.0208116
2128.73	0.00833333	0.949635	0.429748	0.671652	0.127406	0.562094	0.682174	0.225353	0.0517808	0.53059	0.0996023	0.593538	0.753946	0.358113	0.0260862	0.20137	0.234296	98.1267	0.0996379	0.0298342	0.00935834
2128.75	0.00833333	0.95534	0.153413	0.785942	0.409586	0.218168	0.545696	0.266655	0.503054	0.373369	0.137988	0.861548	0.481561	0.376139	0.04471	0.0687786	0.074782	97.7357	0.0993387	0.0292769	0.0177394
2128.77	0.00833333	0.955353	0.494768	0.665596	0.137261	0.204306	0.789851	0.383218	0.0504044	0.326986	0.412071	0.229718	0.510914	0.670642	0.819321	0.348166	0.134217	98.6431	0.0995062	0.0281578	0.0254899
2128.78	0.00833333	0.95118	0.298788	0.274443	0.107281	0.220231	0.99891	0.417251	0.738242	0.687349	0.0578001	0.0391066	0.170875	0.363701	0.610085	0.355881	0.0948803	98.7756	0.0994695	0.0288065	0.0220353
2128.79	0.00833333	0.953034	0.146824	0.273436	0.0285898	0.644981	0.200977	0.85648	0.931986	0.548723	0.086322	0.588851	0.753765	0.324067	0.473579	0.43189	0.241548	97.8137	0.0995027	0.0296765	0.0102381
2128.81	0.00833333	0.941258	0.538198	0.270865	0.28328	0.383532	0.812585	0.522366	0.53894	0.455948	0.619258	0.142539	0.0992058	0.485746	0.378116	0.0514559	0.138165	100.105	0.0999115	0.0295061	0.0165034
2128.82	0.00833333	0.952095	0.531037	0.487756	0.375489	0.207241	0.606836	0.501086	0.0995426	0.606094	0.596298	0.106931	0.363932	0.0609155	0.767318	0.211845	0.131536	98.8766	0.0995059	0.0295108	0.0135789
2128.82	0.00833333	0.959268	0.91195	0.303074	0.542248	0.00798801	0.546258	0.479926	0.588857	0.160899	0.720084	0.60731	0.127332	0.0952505	0.722447	0.0654047	0.057391	98.6514	0.0990933	0.0284561	0.0231046
2128.82	0.00833333	0.959813	0.700062	0.825517	0.181712	0.474103	0.123809	0.496382	0.342356	0.547317	0.149769	0.0120316	0.870525	0.834013	0.254061	0.466276	0.155446	97.6006	0.0995085	0.0291124	0.0184913
2128.85	0.00833333	0.951441	0.443348	0.133858	0.828675	0.39035	0.976359	0.0217644	0.15345	0.421704	0.496933	0.580523	0.907322	0.367656	0.926207	0.015687	0.0321295	99.8995	0.0996857	0.0270724	0.0296772
2128.86	0.00833333	0.955021	0.0436807	0.41838	0.929201	0.653847	0.140198	0.816299	0.892245	0.485248	0.108301	0.426299	0.076784	0.725603	0.144635	0.0917304	0.0989933	99.9122	0.0988798	0.0289276	0.0178662
2128.86	0.00833333	0.953954	0.169153	0.763456	0.38118	0.0731146	0.165522	0.133693	0.738055	0.120785	0.928294	0.316732	0.0328847	0.198935	0.719914	0.48496	0.104467	99.2699	0.0998543	0.0279268	0.0265765
2128.87	0.00833333	0.946496	0.496327	0.380595	0.971379	0.5359	0.0364729	0.957529	0.61302	0.203878	0.304811	0.435164	0.714249	0.113475	0.675335	0.212299	0.0550027	97.5202	0.0999345	0.0300902	0.00468068
2128.89	0.00833333	0.947023	0.43918	0.497087	0.0153578	0.267781	0.0660957	0.52179	0.403396	0.75441	0.0842963	0.403743	0.687304	0.441496	0.504507	0.174217	0.0474356	99.0083	0.0999257	0.0292666	0.0208396
2128.91	0.00833333	0.952303	0.0202303	0.538394	0.718028	0.0679915	0.124975	0.813545	0.37509	0.621983	0.00764713	0.51642	0.450306	0.419229	0.504748	0.392113	0.321936	98.5661	0.0996042	0.0295857	0.0111378
2128.92	0.00833333	0.95213	0.832265	0.600197	0.860214	0.471975	0.233795	0.234338	0.986669	0.400236	0.253807	0.734964	0.722415	0.287107	0.061052	0.0741111	0.482621	99.2412	0.0999078	0.0292797	0.0165521
2128.95	0.00833333	0.954569	0.584572	0.195098	0.445771	0.293698	0.820309	0.17747	0.488167	0.901179	0.245284	0.0295833	0.716784	0.472328	0.072857	0.0513815	0.314085	99.49	0.0996966	0.0273883	0.0286805
2128.95	0.00833333	0.957783	0.856054	0.0066627	0.615293	0.578346	0.149001	0.716347	0.422288	0.518187	0.513588	0.549172	0.00590928	0.685481	0.643061	0.127028	0.0584072	97.2442	0.0998167	0.0295671	0.0167153
2128.95	0.00833333	0.952529	0.293552	0.606212	0.692327	0.0362456	0.00617886	0.317353	0.90973	0.682825	0.128867	0.233553	0.41021	0.426185	0.369054	0.499548	0.166014	99.3556	0.0992345	0.0293273	0.0152168
2128.96	0.00833333	0.950903	0.656667	0.679674	0.450166	0.820686	0.29225	0.989418	0.0642503	0.35346	0.196001	0.0171944	0.667361	0.0503286	0.497975	0.472075	0.0573813	98.6059	0.0994233	0.029641	0.00547136
2128.98	0.00833333	0.938062	0.913923	0.395398	0.642031	0.603305	0.330304	0.943196	0.144491	0.102088	0.141707	0.0508859	0.0990565	0.610948	0.34924	0.284634	0.277275	99.7498	0.0999006	0.0298415	0.0065087
2128.99	0.00833333	0.955554	0.520893	0.408134	0.798475	0.841321	0.54421	0.508408	0.926497	0.873095	0.295241	0.352492	0.615034	0.850605	0.233101	0.166117	0.08746	99.0561	0.0999817	0.0279578	0.0264715
2128.99	0.00833333	0.940938	0.583526	0.647731	0.616597	0.832408	0.467876	0.535401	0.385576	0.0518298	0.0638626	0.0899883	0.369541	0.0936743	0.548673	0.347345	0.339397	99.7782	0.0995892	0.0297376	0.00531195
2129.02	0.00833333	0.955264	0.680743	0.00156951	0.793214	0.879449	0.36039	0.348664	0.662796	0.208134	0.19892	0.349523	0.526538	0.441002	0.46526	0.137009	0.273511	100.393	0.0992802	0.0260346	0.0325872
2129.04	0.00833333	0.950165	0.312033	0.197358	0.773101	0.314632	0.309245	0.614688	0.527255	0.395033	0.535336	0.91898	0.088585	0.452531	0.722082	0.464749	0.0376773	99.8244	0.099748	0.0285599	0.0228468
2129.04	0.00833333	0.948869	0.567798	0.891604	0.605932	0.976299	0.517984	0.709084	0.944375	0.436518	0.17873	0.048179	0.687428	0.216559	0.895158	0.08432	0.0113733	100.403	0.0997737	0.0275596	0.0280273
2129.05	0.00833333	0.954355	0.737064	0.358803	0.460147	0.602221	0.0918704	0.292094	0.298064	0.0467154	0.0286638	0.134432	0.246997	0.380105	0.515881	0.476572	0.0312618	99.8547	0.0990463	0.0268909	0.0304541
2129.05	0.00833333	0.951098	0.651424	0.750398	0.780481	0.549482	0.118868	0.177577	0.414358	0.332775	0.236976	0.305886	0.603902	0.334292	0.124058	0.652087	0.258053	98.6767	0.0999167	0.0286302	0.0241655
2129.06	0.00833333	0.950068	0.25174	0.20417	0.481123	0.432288	0.979135	0.825287	0.381191	0.439596	0.0826522	0.0298402	0.474487	0.666077	0.469895	0.177442	0.412543	98.7779	0.0998272	0.0287246	0.0228652
2129.07	0.00833333	0.953766	0.78889	0.494704	0.259202	0.347344	0.127342	0.576732	0.177543	0.665922	0.233383	0.0327759	0.71833	0.736866	0.643956	0.0223291	0.0275569	100.174	0.0997232	0.0270355	0.0301065
2129.08	0.00833333	0.950197	0.0769841	0.541933	0.187131	0.224499	0.200582	0.581312	0.232946	0.256932	0.174131	0.260063	0.140094	0.415345	0.182768	0.542531	0.328666	98.2379	0.0997351	0.0298513	0.00776253
2129.08	0.00833333	0.954203	0.783291	0.713778	0.771858	0.255194	0.629279	0.201525	0.613285	0.874187	0.424148	0.779769	0.862081	0.435102	0.234546	0.25234	0.169943	98.024	0.0998904	0.0293205	0.0192193
2129.09	0.00833333	0.955831	0.483921	0.387797	0.665425	0.370516	0.634619	0.726227	0.187719	0.0792721	0.33951	0.729573	0.962409	0.0516142	0.564787	0.265169	0.123714	98.5841	0.0997877	0.0281333	0.0248786
2129.1	0.00833333	0.961679	0.566039	0.181968	0.742079	0.32642	0.313676	0.697259	0.211047	0.539461	0.0388944	0.576741	0.533358	0.321055	0.388939	0.326362	0.145344	98.3675	0.099947	0.0260256	0.0331679
2129.11	0.00833333	0.943377	0.766076	0.556271	0.801338	0.351623	0.0698623	0.530009	0.706782	0.41069	0.483033	0.00778386	0.952536	0.598909	0.618249	0.536544	0.0913353	99.4424	0.0998449	0.029931	0.00842577
2129.11	0.00833333	0.94286	0.984388	0.594122	0.640474	0.365059	0.730127	0.349707	0.315666	0.221061	0.386951	0.067024	0.623896	0.501272	0.276835	0.287906	0.210909	99.4293	0.0999836	0.0299881	0.00222331
2129.12	0.00833333	0.952465	0.518174	0.119564	0.337271	0.453513	0.850155	0.598015	0.253683	0.304815	0.112033	0.323157	0.673974	0.200128	0.462761	0.488243	0.0438803	98.8888	0.0995903	0.0291217	0.0205161
2129.12	0.00833333	0.953474	0.54987	0.412147	0.795594	0.453844	0.629824	0.505836	0.122771	0.0679806	0.365328	0.536757	0.420422	0.449703	0.490563	0.557326	0.0203555	99.2948	0.0997614	0.0288394	0.0207064
2129.13	0.00833333	0.959312	0.555346	0.477346	0.855021	0.228535	0.450626	0.0505196	0.355458	0.529136	0.0227727	0.137746	0.280323	0.620277	0.513459	0.00604358	0.0449824	97.7097	0.0986284	0.0294873	0.0107355
2129.19	0.00833333	0.938203	0.40198	0.0841877	0.842062	0.680653	0.443611	0.119876	0.572455	0.612287	0.285456	0.36078	0.516957	0.159705	0.848122	0.573022	0.128309	99.5015	0.0999638	0.0298539	0.00218044
2129.19	0.00833333	0.955448	0.175564	0.177838	0.048307	0.369675	0.182217	0.419834	0.375731	0.163925	0.287096	0.232571	0.646457	0.516687	0.649332	0.653241	0.23211	99.486	0.0993502	0.0290793	0.0186247
2129.19	0.00833333	0.93951	0.242861	0.0580766	0.0183096	0.0964036	0.778301	0.292587	0.504122	0.434065	0.40322	0.521381	0.376539	0.262947	0.182061	0.230382	0.205955	99.2028	0.0997488	0.0299076	0.00195937
2129.21	0.00833333	0.955833	0.475126	0.0674037	0.89008	0.602356	0.266452	0.773792	0.237319	0.170644	0.303448	0.511374	0.541288	0.314565	0.99364	0.412083	0.0327287	97.5731	0.0994118	0.02955	0.00753045
2129.22	0.00833333	0.957343	0.632655	0.996323	0.814476	0.358306	0.528697	0.10827	0.327142	0.767158	0.301631	0.905715	0.101446	0.965552	0.0143578	0.0150383	0.226124	98.7559	0.0993844	0.0258798	0.0331202
2129.26	0.00833333	0.955116	0.0781893	0.17699	0.531705	0.357189	0.0485621	0.555336	0.183036	0.314181	0.0235197	0.715582	0.611524	0.746909	0.588233	0.717967	0.110333	98.5286	0.0993112	0.029086	0.0170819
2129.26	0.00833333	0.952081	0.806245	0.971671	0.309057	0.488514	0.564342	0.158512	0.108045	0.550565	0.0302674	0.795334	0.184103	0.572824	0.343406	0.432976	0.00384533	99.902	0.0985907	0.029467	0.00898282
2129.27	0.00833333	0.956098	0.309283	0.280849	0.653743	0.468102	0.28542	0.282175	0.405472	0.40108	0.679786	0.17131	0.235329	0.879349	0.755463	0.0122906	0.245298	99.0221	0.0990405	0.0290503	0.0185024
2129.29	0.00833333	0.956955	0.202475	0.475643	0.523653	0.660564	0.578988	0.244587	0.563551	0.705259	0.18193	0.200293	0.234343	0.331447	0.288439	0.213283	0.205933	98.4288	0.0995858	0.0281057	0.0260109
2129.29	0.00833333	0.951616	0.563837	0.866727	0.502445	0.829258	0.546367	0.274152	0.57382	0.893716	0.278939	0.319909	0.0912362	0.331865	0.356928	0.296479	0.204211	97.8817	0.0995679	0.0297551	0.00639844
2129.29	0.00833333	0.954139	0.813776	0.789565	0.397753	0.38945	0.00587724	0.984545	0.0801226	0.307537	0.226988	0.50232	0.766462	0.00558689	0.385861	0.633931	0.182065	96.6184	0.0999939	0.0298939	0.00558951
2129.29	0.00833333	0.94904	0.700453	0.573975	0.10959	0.273648	0.195518	0.887367	0.189799	0.813175	0.481791	0.324955	0.00866216	0.07848	0.890571	0.306885	0.118889	99.8386	0.0995774	0.0293283	0.0147845
2129.31	0.00833333	0.952419	0.613188	0.188401	0.799361	0.745879	0.469663	0.208164	0.223083	0.107872	0.748805	0.382853	0.902822	0.419851	0.777472	0.197147	0.164356	99.0527	0.0993906	0.0296027	0.0119102
2129.32	0.00833333	0.954649	0.935549	0.0275237	0.058272	0.995773	0.14764	0.798268	0.255404	0.376354	0.25894	0.490614	0.589645	0.881218	0.477382	0.209807	0.353768	99.2293	0.0997028	0.027806	0.0276488
2129.32	0.00833333	0.943707	0.804955	0.885243	0.601447	0.180592	0.887833	0.118882	0.575897	0.668258	0.599625	0.0627948	0.728257	0.351135	0.779785	0.291225	0.0711308	99.1879	0.0999523	0.0297796	0.00694436
2129.33	0.00833333	0.960843	0.183895	0.420085	0.920151	0.311866	0.387048	0.543073	0.367777	0.339774	0.00860921	0.451112	0.556661	0.432854	0.57661	0.419871	0.0685167	98.6408	0.0993507	0.027096	0.0295771
2129.33	0.00833333	0.945177	0.41558	0.687646	0.228468	0.306671	0.56115	0.655148	0.262302	0.20951	0.365192	0.52639	0.458921	0.810075	0.357553	0.207308	0.274727	98.8673	0.0996953	0.0299411	0.00842179
2129.34	0.00833333	0.949207	0.137066	0.0875985	0.199409	0.305672	0.629043	0.420028	0.814553	0.456836	0.487894	0.478497	0.20984	0.833146	0.223348	0.113635	0.334356	100.287	0.099663	0.0292713	0.016401
2129.34	0.00833333	0.943401	0.197033	0.30579	0.452784	0.45322	0.0254054	0.729104	0.413942	0.102828	0.474986	0.196192	0.400703	0.138472	0.116635	0.086332	0.419367	100.395	0.0997357	0.029751	0.00321593
2129.35	0.00833333	0.95572	0.747151	0.345692	0.0370197	0.927839	0.129385	0.789129	0.401232	0.246484	0.536061	0.983209	0.768368	0.43854	0.783506	0.396105	0.0916315	98.6254	0.0995877	0.0279858	0.0260129
2129.35	0.00833333	0.954547	0.67826	0.332497	0.0351045	0.180528	0.161352	0.268452	0.448489	0.362478	0.408762	0.709386	0.271052	0.507957	0.897649	0.232279	0.113153	98.1963	0.0998229	0.0274704	0.029573
2129.36	0.00833333	0.952297	0.233238	0.548326	0.935367	0.492139	0.136422	0.416405	0.48475	0.640403	0.245635	0.380233	0.980682	0.614789	0.309984	0.396082	0.10126	100.28	0.0991308	0.0278157	0.0269996
2129.39	0.00833333	0.941604	0.122015	0.926873	0.67068	0.531085	0.298262	0.432004	0.542677	0.863125	0.359142	0.614713	0.930877	0.552923	0.322994	0.338723	0.0617147	100.851	0.0999363	0.0288073	0.0222253
2129.41	0.00833333	0.950711	0.568226	0.694192	0.575405	0.546993	0.756076	0.627827	0.871712	0.830079	0.00574802	0.288063	0.00326757	0.192369	0.769629	0.3965	0.391583	99.2656	0.0999551	0.0289313	0.0211013
2129.42	0.00833333	0.943383	0.291364	0.586315	0.914369	0.34222	0.948673	0.294827	0.357335	0.410723	0.298551	0.278781	0.437184	0.915587	0.494274	0.08674	0.16612	98.6868	0.099319	0.0297944	0.00130059
2129.44	0.00833333	0.963632	0.908763	0.14619	0.35545	0.09979	0.412819	0.246316	0.67579	0.110744	0.0725928	0.590521	0.2864	0.579207	0.906953	0.246307	0.0551054	98.2663	0.0994755	0.0264366	0.0320575
2129.44	0.00833333	0.957262	0.788785	0.677213	0.33664	0.4105	0.597107	0.577113	0.2615	0.157902	0.177529	0.734633	0.422654	0.0643068	0.952645	0.190785	0.0737054	100.375	0.0991062	0.0276498	0.0265814
