distance	weight	r0	r1	r2	r3	r4	r5	r6	r7	r8	r9	r10	r11	r12	r13	r14	r15	tp	dr1	dr2
2958.78	0.00833333	1.71663	0.959163	0.224211	0.480397	0.148422	0.602071	0.670179	0.989364	0.949175	0.595669	0.219061	0.230138	0.370747	0.833282	0.643686	0.931026	47.9898	0.0729146	0.000741303
2958.78	0.00833333	1.19818	0.97451	0.178088	0.117078	0.0210164	0.754965	0.580673	0.0126413	0.639733	0.411424	0.970337	0.0697091	0.210686	0.746316	0.81978	0.31179	98.912	0.0554347	0.000312605
2958.78	0.00833333	0.940683	0.321167	0.953806	0.334781	0.779229	0.727787	0.867301	0.620381	0.275833	0.0362949	0.864976	0.176012	0.963114	0.271165	0.694516	0.514467	52.8708	0.0746653	9.22806e-05
2958.78	0.00833333	0.392922	0.20976	0.428577	0.496117	0.345877	0.427397	0.770236	0.642995	0.737945	0.389834	0.726446	0.943588	0.918142	0.848963	0.996263	0.653299	76.5998	0.0586059	0.000248192
2958.78	0.00833333	2.18489	0.243516	0.516386	0.49396	0.0564081	0.338913	0.579032	0.282171	0.282642	0.594947	0.620644	0.220801	0.110227	0.415013	0.264382	0.463313	57.6288	0.0645368	0.000479542
2958.78	0.00833333	2.82543	0.400113	0.320661	0.27383	0.0266382	0.663319	0.554412	0.599487	0.830867	0.263547	0.0562504	0.0551763	0.603135	0.554353	0.790887	0.90677	50.2622	0.0436966	0.000373151
2958.78	0.00833333	2.66017	0.438464	0.44534	0.671479	0.417393	0.23304	0.508756	0.61646	0.467293	0.434241	0.371976	0.230482	0.412058	0.0630158	0.905154	0.350606	57.7793	0.0668213	0.000549367
2958.78	0.00833333	2.66326	0.913603	0.916201	0.680208	0.471675	0.553685	0.300507	0.645938	0.0587474	0.533998	0.18176	0.132941	0.494982	0.693903	0.853034	0.44349	68.0377	0.069251	0.000140612
2958.78	0.00833333	0.951364	0.780848	0.113816	0.248892	0.884344	0.266769	0.781399	0.0650736	0.960797	0.151527	0.627949	0.837899	0.405952	0.369865	0.834688	0.884092	59.6495	0.0656524	0.000315751
2958.78	0.00833333	2.18388	0.409215	0.422659	0.481524	0.538411	0.825022	0.352212	0.518033	0.833305	0.429877	0.175441	0.200266	0.693718	0.504526	0.652317	0.639242	27.6665	0.020587	0.000451098
2958.78	0.00833333	0.0117558	0.0990421	0.746383	0.264099	0.416828	0.940709	0.00472795	0.373805	0.804303	0.413005	0.276077	0.305539	0.483774	0.976941	0.691266	0.731319	35.932	0.0729091	0.0003862
2958.78	0.00833333	1.97993	0.458211	0.39695	0.200795	0.938153	0.912763	0.203343	0.789792	0.181163	0.0447818	0.294641	0.365635	0.763766	0.855567	0.526191	0.252694	94.3201	0.0687048	0.000167125
2958.78	0.00833333	2.07695	0.478704	0.430352	0.588017	0.604498	0.164185	0.569383	0.940118	0.798993	0.672796	0.641593	0.648691	0.35241	0.0910813	0.420189	0.825652	63.2231	0.011577	0.000739941
2958.78	0.00833333	1.15674	0.489499	0.955901	0.516515	0.222791	0.851198	0.585784	0.597745	0.412214	0.738654	0.447932	0.167866	0.332414	0.324304	0.559921	0.6395	41.8135	0.0189087	0.000478236
2958.78	0.00833333	0.0119966	0.877344	0.453797	0.957991	0.843038	0.949618	0.332557	0.908882	0.254933	0.128008	0.0613602	0.572878	0.887967	0.851642	0.317173	0.903898	54.506	0.0793961	0.000996051
2958.78	0.00833333	0.563631	0.979786	0.523268	0.73198	0.307596	0.550636	0.288947	0.431295	0.718318	0.511969	0.145122	0.372772	0.312	0.204805	0.7065	0.144294	39.2176	0.0968357	0.00060245
2958.78	0.00833333	0.523136	0.828907	0.495285	0.20763	0.316973	0.449631	0.743855	0.682243	0.802058	0.353684	0.933457	0.275671	0.756288	0.0720795	0.541168	0.987634	54.7409	0.0878516	0.000239562
2958.78	0.00833333	0.174001	0.332028	0.411081	0.557341	0.428919	0.315134	0.930856	0.182206	0.328246	0.796214	0.0912842	0.341491	0.656775	0.108183	0.754235	0.393289	35.5395	0.0562254	0.000153328
2958.78	0.00833333	1.04993	0.008035	0.779798	0.873551	0.088899	0.387866	0.772171	0.693635	0.241692	0.516181	0.280863	0.196167	0.61015	0.555475	0.901014	0.529656	56.327	0.0861136	9.50586e-06
2958.78	0.00833333	2.83295	0.964648	0.176087	0.735134	0.58529	0.364281	0.81111	0.266931	0.933556	0.491417	0.680636	0.321394	0.510917	0.271329	0.606141	0.0360149	91.0271	0.0281079	0.000918247
2958.78	0.00833333	1.51069	0.956582	0.547036	0.631599	0.145164	0.712443	0.704143	0.820613	0.587656	0.22734	0.0868874	0.90912	0.175031	0.846786	0.691599	0.23495	52.4562	0.00986436	0.000978588
2958.78	0.00833333	0.962625	0.112439	0.657189	0.484646	0.459364	0.427376	0.476701	0.520797	0.160433	0.61558	0.213163	0.635824	0.0982077	0.45105	0.14264	0.682625	44.4962	0.0338148	0.000944738
2958.78	0.00833333	2.91981	0.440298	0.584686	0.80149	0.0629982	0.605762	0.534191	0.376127	0.827647	0.00415829	0.657114	0.267283	0.640061	0.794395	0.253709	0.993951	70.5134	0.0584723	0.000928824
2958.78	0.00833333	0.94149	0.570625	0.821195	0.487783	0.681652	0.666801	0.969808	0.573765	0.755853	0.59414	0.60848	0.396899	0.0211858	0.402109	0.122199	0.559863	47.7078	0.0287516	0.000609899
2958.78	0.00833333	2.35364	0.68118	0.190172	0.460597	0.722338	0.355957	0.489044	0.863628	0.375165	0.782317	0.978256	0.627913	0.643206	0.10031	0.374059	0.681686	75.7851	0.0774667	0.000291659
2958.78	0.00833333	1.27247	0.788148	0.233973	0.280501	0.570796	0.280321	0.172698	0.349418	0.166719	0.0314931	0.5928	0.208432	0.457646	0.210592	0.578404	0.128834	46.3756	0.0564162	0.000736788
2958.78	0.00833333	1.60981	0.735102	0.198634	0.790083	0.644857	0.612222	0.811776	0.885142	0.423696	0.127882	0.406219	0.601438	0.0821047	0.407289	0.818184	0.845083	76.6549	0.0142427	0.000869063
2958.78	0.00833333	0.720618	0.994875	0.742304	0.501455	0.305272	0.49845	0.660423	0.649881	0.821517	0.456099	0.496224	0.192357	0.56209	0.208126	0.861347	0.980616	56.0112	0.0184629	0.000505625
2958.78	0.00833333	0.929968	0.813119	0.500999	0.374193	0.136231	0.234935	0.447647	0.881072	0.141161	0.589278	0.771983	0.333235	0.352467	0.191217	0.823751	0.20199	57.6605	0.0841625	0.000523648
2958.78	0.00833333	0.681009	0.625969	0.337431	0.578493	0.231354	0.0582557	0.129879	0.464819	0.56846	0.215998	0.36062	0.337754	0.631313	0.80704	0.937398	0.414427	67.9408	0.0781141	0.000656653
2958.78	0.00833333	1.86965	0.906086	0.137457	0.497419	0.715861	0.0696939	0.760235	0.737986	0.889951	0.0845747	0.476211	0.365994	0.842421	0.10907	0.0260171	0.892957	56.6914	0.084272	4.73733e-05
2958.78	0.00833333	1.09576	0.523406	0.0757459	0.420392	0.799123	0.42115	0.199292	0.275919	0.987739	0.203204	0.923575	0.520688	0.350105	0.0721053	0.684204	0.638779	35.4197	0.0748083	0.000548646
2958.78	0.00833333	1.19313	0.1487	0.726396	0.0278127	0.204594	0.947356	0.420835	0.581268	0.4354	0.157362	0.407378	0.695071	0.736639	0.175351	0.430115	0.39694	85.0164	0.0472294	0.000463965
2958.78	0.00833333	2.72295	0.864884	0.619807	0.713116	0.596397	0.567612	0.892399	0.676768	0.559135	0.111619	0.202425	0.204894	0.505017	0.454772	0.256767	0.754939	98.905	0.0971724	0.0008311
2958.78	0.00833333	2.31516	0.268559	0.610571	0.614337	0.313538	0.698134	0.0807275	0.597975	0.365236	0.946383	0.367948	0.100734	0.203409	0.606785	0.798399	0.360476	91.2583	0.0619916	0.000353442
2958.78	0.00833333	1.53517	0.470607	0.917287	0.437341	0.0711772	0.244238	0.384712	0.618012	0.642807	0.753217	0.824303	0.536959	0.51264	0.649194	0.943489	0.845745	71.0369	0.0605004	0.000501472
2958.78	0.00833333	1.74804	0.0479813	0.937098	0.202708	0.428675	0.241956	0.143887	0.414731	0.574041	0.691484	0.997324	0.451233	0.391838	0.0117911	0.592534	0.732814	92.7946	0.0359634	0.000522567
2958.78	0.00833333	0.64079	0.478916	0.421995	0.441331	0.246609	0.854964	0.950873	0.261175	0.05403	0.447019	0.680427	0.550465	0.817539	0.984568	0.337984	0.319115	91.3242	0.0549628	0.000954923
2958.78	0.00833333	0.864327	0.623426	0.806114	0.513897	0.606937	0.577146	0.0538487	0.376558	0.726977	0.0866977	0.305721	0.429637	0.156754	0.173261	0.818358	0.738397	76.222	0.027125	1.69501e-05
2958.78	0.00833333	0.954444	0.230826	0.986431	0.964091	0.634995	0.886379	0.626338	0.661644	0.377815	0.808556	0.532962	0.531944	0.634702	0.604273	0.679058	0.62065	75.6073	0.0213022	0.000260295
2958.78	0.00833333	0.867297	0.622846	0.507598	0.747119	0.0031549	0.237264	0.29433	0.264085	0.782597	0.826799	0.362204	0.442818	0.22403	0.284542	0.333358	0.815418	65.959	0.0847676	0.000357772
2958.78	0.00833333	1.2259	0.88497	0.752579	0.691992	0.430806	0.721156	0.296102	0.280847	0.321513	0.470917	0.184018	0.673835	0.498971	0.919758	0.84296	0.907503	48.5057	0.0413907	0.00091563
2958.78	0.00833333	0.819937	0.495754	0.219153	0.277977	0.798288	0.26881	0.988863	0.763747	0.573092	0.0973886	0.799978	0.252631	0.777774	0.156128	0.841166	0.233625	92.7288	0.0308655	0.000883279
2958.78	0.00833333	2.18754	0.978646	0.673937	0.23841	0.103318	0.32463	0.768554	0.874865	0.373429	0.647822	0.186782	0.177797	0.312463	0.489562	0.646453	0.580752	38.126	0.0161292	0.000168601
2958.78	0.00833333	0.474007	0.44094	0.83064	0.0858984	0.458317	0.139563	0.508252	0.524032	0.706869	0.478102	0.515177	0.0512962	0.526317	0.395267	0.720358	0.11606	59.5386	0.0489079	0.000709808
2958.78	0.00833333	1.18045	0.142866	0.707624	0.0880725	0.0247462	0.845891	0.174297	0.678914	0.264818	0.569096	0.746623	0.325655	0.387392	0.735039	0.690084	0.122204	65.0023	0.00220473	0.000492022
2958.78	0.00833333	1.76413	0.809489	0.582105	0.799465	0.262668	0.360204	0.730032	0.220815	0.897237	0.52058	0.230485	0.0591733	0.57886	0.0993352	0.938432	0.816203	96.2888	0.0553347	0.000363188
2958.78	0.00833333	2.05783	0.0441948	0.893818	0.768004	0.139686	0.20637	0.451811	0.667735	0.583585	0.346753	0.834619	0.450111	0.927624	0.701276	0.461702	0.590889	39.1812	0.0496161	0.000364886
2958.78	0.00833333	0.131304	0.996265	0.603928	0.105298	0.952699	0.347084	0.791832	0.39138	0.773839	0.338499	0.827295	0.416256	0.214148	0.3731	0.933601	0.266594	31.9247	0.0197015	0.000950032
2958.78	0.00833333	1.80436	0.831291	0.977312	0.936383	0.872329	0.619843	0.732498	0.0380822	0.547691	0.446101	0.475894	0.326778	0.390108	0.530353	0.284192	0.675953	46.9162	0.082822	0.000512
2958.78	0.00833333	0.705708	0.11662	0.657202	0.21482	0.372458	0.939536	0.25051	0.187542	0.530761	0.196975	0.275515	0.590188	0.935147	0.57055	0.638127	0.0967555	66.2498	0.0360531	0.000981895
2958.78	0.00833333	0.313387	0.838723	0.210592	0.0593199	0.378804	0.77827	0.0859082	0.216151	0.470466	0.37502	0.75017	0.758097	0.425282	0.893408	0.72331	0.999314	60.6251	0.0138633	0.000581063
2958.78	0.00833333	0.804492	0.841159	0.447092	0.932017	0.776556	0.086417	0.25651	0.488249	0.456644	0.522646	0.0975056	0.883406	0.0137574	0.919129	0.0946487	0.87771	37.389	0.0715448	0.00016823
2958.78	0.00833333	1.30373	0.964851	0.757296	0.126787	0.503453	0.895828	0.544091	0.617071	0.626525	0.807835	0.532523	0.429001	0.383877	0.736835	0.215611	0.48881	92.5803	0.0130825	0.000206197
2958.78	0.00833333	0.102387	0.980582	0.129667	0.2826	0.798903	0.229711	0.463707	0.635043	0.221087	0.602462	0.580825	0.525467	0.900389	0.700142	0.519569	0.983867	61.3165	0.029809	0.000673039
2958.78	0.00833333	1.33227	0.671133	0.535104	0.572722	0.620054	0.138176	0.524803	0.640499	0.513141	0.0253044	0.379135	0.355	0.695489	0.58993	0.250475	0.196522	64.1158	0.0268834	0.000594268
2958.78	0.00833333	1.37847	0.458307	0.0472699	0.520136	0.824445	0.51259	0.940956	0.388846	0.441059	0.794849	0.4279	0.556872	0.543142	0.260112	0.599855	0.748478	77.9867	0.0657545	0.000457497
2958.78	0.00833333	0.281835	0.437847	0.886436	0.420553	0.615038	0.190193	0.510603	0.26705	0.435934	0.0790881	0.297839	0.147652	0.13466	0.676024	0.732814	0.507468	93.15	0.0904835	0.000988853
2958.78	0.00833333	1.14895	0.35025	0.437685	0.0913864	0.432629	0.17207	0.566226	0.637606	0.665546	0.0655133	0.115483	0.774123	0.488279	0.972564	0.123406	0.340151	94.1897	0.0559925	0.000453236
2958.78	0.00833333	1.10659	0.453395	0.0497789	0.720743	0.82673	0.170592	0.695095	0.00177991	0.59914	0.366652	0.0393856	0.128896	0.620297	0.545792	0.595041	0.352882	80.692	0.0560278	0.000436377
2958.78	0.00833333	1.11347	0.0426644	0.172671	0.036531	0.113551	0.569164	0.25151	0.381911	0.756744	0.489275	0.580693	0.16947	0.0404068	0.412032	0.504669	0.632642	37.8331	0.0444087	0.000532008
2958.78	0.00833333	0.397743	0.627245	0.479147	0.139543	0.293128	0.793417	0.7674	0.652201	0.438641	0.149468	0.575041	0.280397	0.802985	0.229011	0.382308	0.183026	90.5329	0.042191	0.000921915
2958.78	0.00833333	2.8059	0.466056	0.450362	0.30466	0.611492	0.098346	0.414277	0.597029	0.549954	0.734797	0.522205	0.801383	0.679283	0.650843	0.336081	0.381818	59.0782	0.0124857	0.000152688
2958.78	0.00833333	1.70763	0.496026	0.271227	0.521595	0.289312	0.656813	0.874071	0.956616	0.977756	0.293313	0.529882	0.384923	0.672406	0.0430674	0.385523	0.0322511	38.5716	0.0246791	0.000524006
2958.78	0.00833333	1.90265	0.282237	0.363257	0.581222	0.273462	0.400461	0.712063	0.54234	0.786565	0.468638	0.442282	0.473119	0.489776	0.534608	0.850238	0.605865	87.8002	0.0181553	0.000221377
2958.78	0.00833333	2.29058	0.80184	0.521564	0.921829	0.821595	0.772232	0.940333	0.575318	0.674595	0.840136	0.589474	0.499071	0.532767	0.890473	0.9103	0.709715	65.0749	0.0370043	0.000622193
2958.78	0.00833333	1.63429	0.358836	0.783352	0.744616	0.319623	0.469705	0.283989	0.0090366	0.565162	0.738159	0.993821	0.213902	0.112879	0.811645	0.413285	0.779625	57.9578	0.00482105	0.000315803
2958.78	0.00833333	0.550018	0.597156	0.597514	0.240113	0.271317	0.971728	0.145384	0.178574	0.492929	0.864109	0.767798	0.0314559	0.203933	0.825576	0.507627	0.403992	48.9073	0.0609065	9.59629e-05
2958.78	0.00833333	1.02118	0.579023	0.422899	0.951505	0.7215	0.442815	0.667904	0.456683	0.0612928	0.89188	0.482201	0.852641	0.66859	0.316771	0.770072	0.833947	40.5458	0.0560305	0.000288861
2958.78	0.00833333	1.00094	0.359459	0.303514	0.588627	0.591906	0.510919	0.186392	0.77548	0.416155	0.570049	0.543521	0.700915	0.645042	0.0677255	0.357827	0.483274	89.0165	0.0456851	0.000963327
2958.78	0.00833333	2.68678	0.851403	0.824971	0.58831	0.712573	0.324079	0.860668	0.27979	0.918869	0.781655	0.326974	0.502934	0.00610077	0.380149	0.390857	0.746705	77.9997	0.0811907	0.000283409
2958.78	0.00833333	0.560371	0.214936	0.961862	0.428496	0.355073	0.152926	0.161847	0.777596	0.673165	0.270378	0.0993738	0.46369	0.996264	0.403457	0.361717	0.678902	61.0357	0.0629005	0.00026707
2958.78	0.00833333	0.958914	0.540651	0.904188	0.67979	0.347532	0.223956	0.640755	0.67853	0.0956922	0.34756	0.204724	0.838337	0.106499	0.481795	0.686665	0.400688	97.6865	0.0326814	0.000143407
2958.78	0.00833333	0.469497	0.975413	0.654665	0.478821	0.821262	0.442797	0.527516	0.501003	0.545811	0.568669	0.751106	0.397356	0.549377	0.537162	0.679157	0.438292	53.4786	0.067537	0.00066343
2958.78	0.00833333	0.86152	0.476168	0.274329	0.168837	0.7055	0.207906	0.725943	0.70829	0.866846	0.343416	0.326219	0.224823	0.287665	0.451622	0.191602	0.627998	97.4597	0.0996177	0.000837315
2958.78	0.00833333	0.722056	0.0956787	0.631099	0.926121	0.814544	0.366543	0.460693	0.648287	0.537957	0.189363	0.642554	0.0533662	0.735772	0.824069	0.560806	0.289089	67.4602	0.0433175	0.000284699
2958.78	0.00833333	0.752934	0.641229	0.263198	0.212926	0.863401	0.471682	0.192358	0.736512	0.405581	0.243357	0.604541	0.877363	0.246967	0.49058	0.873503	0.548517	80.4725	0.0617585	5.07903e-05
2958.78	0.00833333	0.522196	0.366588	0.911868	0.691425	0.498479	0.385936	0.11412	0.961824	0.553716	0.333065	0.962002	0.790141	0.0736967	0.529717	0.546345	0.621073	92.4966	0.0844549	0.000959496
2958.78	0.00833333	1.28186	0.726142	0.35432	0.99804	0.727333	0.732213	0.880667	0.435966	0.169418	0.587562	0.642883	0.331889	0.490475	0.322962	0.668671	0.775392	27.3347	0.0594525	0.000431372
2958.78	0.00833333	0.402562	0.809667	0.207134	0.00491185	0.304389	0.361665	0.757466	0.193686	0.804693	0.185523	0.646191	0.900136	0.389754	0.738015	0.755961	0.922404	31.0688	0.0739287	0.000720071
2958.78	0.00833333	0.842808	0.613044	0.164452	0.486223	0.930555	0.708832	0.974259	0.120945	0.360321	0.0276581	0.53791	0.122821	0.910419	0.676023	0.37007	0.551002	99.8345	0.0329248	2.02633e-05
2958.78	0.00833333	2.06174	0.360815	0.970741	0.350859	0.675357	0.443027	0.940044	0.0044111	0.239119	0.984937	0.806397	0.265913	0.54597	0.555654	0.208259	0.107209	53.2206	0.0367218	1.41274e-05
2958.78	0.00833333	2.99095	0.61132	0.732288	0.154117	0.843638	0.219781	0.890365	0.0203689	0.608836	0.0643089	0.707327	0.448345	0.891843	0.400377	0.541243	0.765841	91.3236	0.075839	0.000384754
2958.78	0.00833333	0.56528	0.216473	0.280521	0.89196	0.281328	0.846001	0.695389	0.0614616	0.0412361	0.366357	0.925729	0.514668	0.0541173	0.47694	0.537413	0.100334	73.4959	0.0474735	0.000251001
2958.78	0.00833333	1.3432	0.467903	0.91349	0.750311	0.39343	0.198798	0.877123	0.229175	0.817153	0.221935	0.131445	0.729654	0.34753	0.499418	0.238311	0.171775	51.0642	0.0479523	0.000524425
2958.78	0.00833333	2.3332	0.209727	0.0730224	0.342942	0.399423	0.400651	0.106123	0.470312	0.31955	0.575402	0.457615	0.334627	0.602931	0.118984	0.0708709	0.292717	63.982	0.0471727	0.000985563
2958.78	0.00833333	0.553048	0.436975	0.997829	0.969986	0.93298	0.886993	0.654862	0.59492	0.815701	0.80071	0.798205	0.752134	0.950576	0.443106	0.881344	0.782194	56.2473	0.043615	0.000413587
2958.78	0.00833333	1.37895	0.380848	0.135193	0.507538	0.123056	0.618125	0.0828643	0.000400096	0.373251	0.25838	0.259966	0.169719	0.575375	0.419893	0.310125	0.329131	46.2493	0.0608041	0.000378144
2958.78	0.00833333	2.05963	0.384893	0.125961	0.191513	0.819931	0.477483	0.785707	0.0183747	0.0240878	0.776243	0.139022	0.8325	0.642467	0.239299	0.26976	0.873224	76.2445	0.0865678	3.7332e-05
2958.78	0.00833333	2.17983	0.744272	0.331108	0.406282	0.140747	0.420095	0.264578	0.053056	0.0223791	0.862832	0.151811	0.0447887	0.317136	0.406818	0.781881	0.0183113	98.9374	0.0641916	0.000590977
2958.78	0.00833333	1.89163	0.701338	0.739273	0.319162	0.541737	0.880545	0.12886	0.948368	0.843616	0.318442	0.266825	0.572863	0.249083	0.417236	0.481989	0.258182	52.2792	0.0173712	0.000342759
2958.78	0.00833333	0.0466863	0.855425	0.564254	0.496354	0.708991	0.645981	0.972623	0.669928	0.74034	0.604779	0.707919	0.510134	0.60541	0.0189942	0.544525	0.535038	75.7512	0.0913826	0.000574561
2958.78	0.00833333	0.737611	0.744476	0.630741	0.311903	0.999345	0.768517	0.274489	0.632614	0.868318	0.110166	0.736414	0.152526	0.764529	0.704612	0.191958	0.238296	35.7484	0.0908214	0.000425439
2958.78	0.00833333	0.31198	0.0520808	0.710072	0.264287	0.0352625	0.0229397	0.0285355	0.407612	0.872335	0.149611	0.705296	0.515579	0.247829	0.397047	0.551764	0.969443	80.4859	0.0599243	9.70647e-05
2958.78	0.00833333	1.31366	0.747364	0.538402	0.604013	0.938844	0.0256675	0.371137	0.599493	0.967238	0.58188	0.871311	0.647504	0.266387	0.915893	0.255931	0.813304	70.5498	0.0707895	0.000556867
2958.78	0.00833333	2.05183	0.894498	0.79267	0.0665624	0.827333	0.0138341	0.584448	0.717226	0.214824	0.417262	0.410616	0.0596792	0.091701	0.563518	0.854179	0.683515	44.1211	0.0451187	0.000210205
2958.78	0.00833333	2.02069	0.573841	0.393349	0.491006	0.761867	0.963653	0.510688	0.0286208	0.0208051	0.561011	0.813639	0.296656	0.660888	0.906688	0.683611	0.378551	89.757	0.0631375	0.000755618
2958.78	0.00833333	1.71158	0.135815	0.785097	0.432616	0.739206	0.499491	0.569169	0.688144	0.774928	0.435892	0.124991	0.217823	0.783818	0.142221	0.549498	0.730006	76.5797	0.0635345	0.000895384
2958.78	0.00833333	1.22997	0.883914	0.20305	0.269099	0.600311	0.948514	0.479083	0.121368	0.143432	0.228665	0.486737	0.320583	0.1032	0.43285	0.55828	0.86434	56.5139	0.0400236	0.000789153
2958.78	0.00833333	1.15785	0.0578511	0.157097	0.0608971	0.741351	0.527939	0.895627	0.273333	0.677236	0.591638	0.605002	0.765486	0.967275	0.577013	0.0770498	0.878892	81.9895	0.0500982	0.000683698
2958.78	0.00833333	1.67356	0.0917252	0.359348	0.348171	0.958567	0.699105	0.566259	0.0858411	0.731899	0.257424	0.0943615	0.674133	0.370546	0.507515	0.292455	0.399546	85.5749	0.0585867	0.000467444
2958.78	0.00833333	1.38714	0.831303	0.352393	0.412451	0.962645	0.493371	0.239435	0.628765	0.250157	0.983333	0.996824	0.726496	0.117233	0.631558	0.669647	0.851715	31.9765	0.0385037	0.000435875
2958.78	0.00833333	2.51783	0.276061	0.158711	0.0129304	0.519433	0.550652	0.918966	0.652197	0.129757	0.799327	0.339195	0.418055	0.334858	0.582661	0.482197	0.45065	48.7852	0.00577375	0.000556384
2958.78	0.00833333	2.11794	0.459192	0.139802	0.614768	0.438833	0.440727	0.593189	0.498473	0.0512832	0.28548	0.434455	0.335729	0.34186	0.62224	0.972892	0.906474	55.6781	0.0512779	5.6682e-06
2958.78	0.00833333	0.810453	0.565623	0.941537	0.93562	0.321421	0.592191	0.562291	0.465179	0.830017	0.641987	0.171831	0.115364	0.880344	0.813507	0.727382	0.234877	68.7018	0.0506803	0.000811599
2958.78	0.00833333	1.69416	0.297309	0.72055	0.46905	0.503072	0.566839	0.898786	0.985888	0.0661855	0.122112	0.896597	0.604272	0.370881	0.982134	0.876142	0.0350883	70.7867	0.0206755	0.000668526
2958.78	0.00833333	1.74058	0.626181	0.375389	0.0152665	0.802666	0.976181	0.859635	0.463598	0.356552	0.0209355	0.191432	0.361463	0.504407	0.551321	0.133078	0.0338863	87.3893	0.0726059	0.000156182
2958.78	0.00833333	0.752524	0.266786	0.248877	0.455644	0.389428	0.529602	0.58616	0.48713	0.348195	0.855783	0.813811	0.636013	0.483883	0.81428	0.461726	0.917534	57.1308	0.0153534	0.000680893
2958.78	0.00833333	0.463147	0.225501	0.176743	0.0739834	0.715418	0.457474	0.615117	0.228268	0.725632	0.181053	0.831219	0.671251	0.677346	0.657476	0.596958	0.597065	87.5715	0.0184501	0.000624363
2958.78	0.00833333	1.74839	0.973788	0.322505	0.546812	0.680114	0.0820758	0.0681941	0.0374328	0.674915	0.434755	0.0727514	0.515627	0.571504	0.634851	0.286576	0.897131	63.6651	0.0755027	0.000969331
2958.78	0.00833333	0.178595	0.982441	0.18145	0.0322843	0.375633	0.632123	0.468418	0.850183	0.162928	0.352795	0.574146	0.427386	0.977215	0.150815	0.826612	0.156513	69.9565	0.0484183	0.000472303
2958.78	0.00833333	1.41685	0.113978	0.989282	0.447861	0.122768	0.695753	0.987298	0.754816	0.991122	0.737449	0.430119	0.320829	0.172181	0.292999	0.828107	0.956953	75.8631	0.0532658	0.000562348
2958.78	0.00833333	1.51745	0.391819	0.453472	0.6259	0.278781	0.154248	0.49594	0.905021	0.504454	0.86156	0.189151	0.644666	0.185473	0.146932	0.382202	0.510379	92.6497	0.0779432	0.000929476
2958.78	0.00833333	0.595686	0.742661	0.0173063	0.53668	0.365878	0.979213	0.990476	0.684134	0.730718	0.506899	0.69027	0.498018	0.193061	0.175028	0.581078	0.910349	33.5425	0.0492328	0.000868809
2958.78	0.00833333	1.64238	0.457589	0.936129	0.615164	0.181505	0.00522438	0.817476	0.439784	0.171715	0.620986	0.394983	0.17897	0.170769	0.169249	0.453687	0.370726	62.4332	0.0747707	0.000592707
2958.78	0.00833333	2.287	0.320712	0.0130068	0.289281	0.898229	0.646656	0.680441	0.13076	0.848377	0.401441	0.799094	0.741272	0.229935	0.608445	0.630508	0.764429	57.1509	0.0570431	0.000201526
2958.78	0.00833333	0.393217	0.574802	0.0866373	0.834678	0.694788	0.10644	0.170258	0.82328	0.388539	0.566225	0.5961	0.410593	0.0222208	0.288958	0.0183148	0.422639	53.1548	0.0103414	0.00049896
2958.78	0.00833333	2.91183	0.926547	0.89476	0.0238758	0.904029	0.268363	0.346242	0.410625	0.890373	0.0860995	0.36202	0.113366	0.0751756	0.251448	0.0491626	0.872736	96.8847	0.0532219	0.000498304
2958.78	0.00833333	0.586005	0.071168	0.229863	0.375696	0.573352	0.56591	0.121218	0.770001	0.462741	0.322012	0.608832	0.775679	0.190859	0.316599	0.190635	0.103487	29.6724	0.0012219	0.000244895
2958.78	0.00833333	2.86555	0.270864	0.840031	0.810039	0.874402	0.947779	0.685422	0.673902	0.699811	0.281548	0.275373	0.631757	0.315697	0.936959	0.352651	0.935723	64.6508	0.064393	0.000889389
