distance	weight	r0	r1	r2	r3	r4	r5	r6	r7	r8	r9	r10	r11	r12	r13	r14	r15	tp	dr1	dr2	dr3
2131.18	0.00833333	0.94866	0.750491	0.613495	0.879424	0.500479	0.00745787	0.0722017	0.797824	0.329239	0.0554484	0.809729	0.657607	0.226327	0.0277105	0.0580808	0.300686	99.7482	0.0991347	0.0213468	0.0416715
2131.46	0.00833333	0.922864	0.947495	0.719055	0.774806	0.426027	0.491156	0.330257	0.526942	0.109959	0.207789	0.414549	0.826174	0.00582767	0.0407667	0.628823	0.592164	100.416	0.0996512	0.00657431	0.0487709
2132.24	0.00833333	0.949197	0.543734	0.0592559	0.668876	0.691145	0.630093	0.545024	0.887267	0.397888	0.0800413	0.523897	0.276311	0.167455	0.460065	0.316844	0.250832	99.5043	0.0996822	0.0187798	0.0436485
2134.27	0.00833333	0.968687	0.320842	0.165484	0.0307372	0.921363	0.360691	0.441189	0.875937	0.246492	0.314247	0.684269	0.111825	0.224376	0.828261	0.392862	0.237328	97.2898	0.0994516	0.0234987	0.0383549
2134.95	0.00833333	0.947709	0.390829	0.370948	0.306936	0.377783	0.0927398	0.406621	0.031423	0.548871	0.332633	0.590236	0.438016	0.612831	0.963604	0.434385	0.594633	99.5955	0.0984149	0.0126636	0.0467293
2134.97	0.00833333	0.927283	0.263696	0.120776	0.692385	0.487555	0.874229	0.851748	0.047034	0.184367	0.424216	0.279008	0.709055	0.534666	0.0794934	0.766387	0.242386	101.695	0.0998703	0.0140102	0.0468881
2135.31	0.00833333	0.944021	0.966795	0.916122	0.580779	0.468016	0.589781	0.50136	0.5681	0.535196	0.0308458	0.810975	0.12555	0.439977	0.60183	0.611891	0.21207	100.995	0.0994015	0.0295693	0.0155343
2135.76	0.00833333	0.957176	0.366427	0.167896	0.241163	0.561042	0.614918	0.0161707	0.399621	0.053893	0.900661	0.87658	0.515344	0.760986	0.222459	0.000504643	0.407534	99.6332	0.0995819	0.0261675	0.0315095
2136.22	0.00833333	0.951841	0.193837	0.5654	0.358115	0.616674	0.546139	0.234623	0.62595	0.360848	0.369673	0.46106	0.579663	0.845832	0.896872	0.346492	0.334917	99.8224	0.0983274	0.0291948	0.00339048
2137.36	0.00833333	0.952144	0.543787	0.818582	0.235537	0.465532	0.564737	0.661289	0.919174	0.751553	0.100084	0.813904	0.227044	0.799695	0.879808	0.317899	0.505449	101.113	0.0978565	0.0283303	0.0220381
2137.43	0.00833333	0.940379	0.420661	0.58866	0.25378	0.056486	0.303262	0.618951	0.883603	0.256725	0.792585	0.491807	0.510229	0.0499293	0.698054	0.61885	0.684379	102.302	0.0997732	0.0254508	0.0348247
2137.45	0.00833333	0.937373	0.535483	0.960283	0.996434	0.883917	0.868118	0.597361	0.94227	0.579525	0.0370562	0.466543	0.332603	0.676599	0.158321	0.759658	0.600438	101.768	0.0994302	0.0213767	0.0418336
2137.64	0.00833333	0.945955	0.351438	0.286064	0.719722	0.377237	0.95513	0.874441	0.190892	0.113194	0.321888	0.411518	0.59349	0.945004	0.506358	0.115052	0.625745	102.494	0.0992088	0.0266552	0.0314595
2137.71	0.00833333	0.95494	0.556391	0.548467	0.68395	0.818254	0.374044	0.115699	0.469542	0.582032	0.757579	0.941016	0.0129563	0.991279	0.04464	0.150316	0.0458553	99.2583	0.0980916	0.013322	0.046333
2137.82	0.00833333	0.933392	0.387082	0.874509	0.497216	0.251898	0.0646201	0.623456	0.649489	0.488065	0.171527	0.441829	0.707053	0.657896	0.143562	0.82708	0.281843	99.1637	0.0994309	0.0100098	0.047835
2137.94	0.00833333	0.957579	0.717115	0.485916	0.330857	0.143542	0.606404	0.146352	0.422383	0.0843233	0.222983	0.661711	0.305053	0.428411	0.363835	0.0324039	0.281958	101.718	0.0980055	0.0228797	0.0384511
2137.97	0.00833333	0.971093	0.295826	0.111443	0.437015	0.843149	0.851923	0.137054	0.179943	0.202373	0.041672	0.601591	0.952123	0.222987	0.167931	0.461019	0.462938	98.594	0.0968821	0.0177874	0.0430466
2138	0.00833333	0.933491	0.728071	0.196481	0.684121	0.8819	0.28183	0.784789	0.937933	0.575596	0.408122	0.405515	0.252244	0.078877	0.602479	0.517064	0.365868	102.137	0.0999188	0.0298303	0.00188086
2138.16	0.00833333	0.928535	0.732137	0.857658	0.734418	0.778246	0.277065	0.517129	0.594913	0.59322	0.440533	0.320068	0.517619	0.454779	0.132252	0.588277	0.412784	100.895	0.0979722	0.00540054	0.047805
2138.17	0.00833333	0.972198	0.198453	0.349467	0.786424	0.462057	0.504047	0.406109	0.415142	0.336448	0.413985	0.165234	0.666283	0.59529	0.209713	0.346759	0.198585	102.797	0.0951152	0.0230766	0.035981
2138.21	0.00833333	0.928634	0.952326	0.273321	0.481574	0.700864	0.124884	0.96126	0.351014	0.0807756	0.0547165	0.670487	0.818866	0.755099	0.839301	0.320633	0.719138	103.371	0.0997532	0.0215474	0.041821
2138.22	0.00833333	0.954441	0.68307	0.418796	0.343074	0.135077	0.0701452	0.736077	0.591508	0.857511	0.522045	0.441267	0.483265	0.987095	0.791636	0.325403	0.106247	99.2653	0.0990211	0.0147089	0.045796
2138.27	0.00833333	0.962855	0.116411	0.33131	0.445898	0.378315	0.856676	0.544306	0.197002	0.485303	0.0377935	0.634494	0.60613	0.0761967	0.677218	0.00246626	0.257425	102.615	0.0957111	0.0267471	0.0268544
2138.28	0.00833333	0.957092	0.12479	0.864844	0.702396	0.207946	0.0805631	0.741147	0.593002	0.668078	0.582522	0.878817	0.409293	0.481658	0.856961	0.598492	0.34972	98.6786	0.0993372	0.0224827	0.0390764
2138.28	0.00833333	0.947683	0.0920748	0.0755882	0.72688	0.244025	0.273035	0.921494	0.494679	0.471259	0.374566	0.238098	0.41485	0.459418	0.586802	0.555336	0.231461	101.026	0.0977806	0.012502	0.046677
2138.69	0.00833333	0.932406	0.432689	0.939458	0.543024	0.273295	0.191528	0.581284	0.592724	0.170059	0.306573	0.164365	0.0184339	0.752266	0.126636	0.244495	0.1408	101.872	0.0988654	0.0186952	0.0442374
2138.7	0.00833333	0.983572	0.683959	0.13256	0.67766	0.389149	0.76859	0.126855	0.222973	0.380797	0.164727	0.754798	0.158943	0.514477	0.285906	0.660602	0.156045	99.1133	0.0966108	0.0247826	0.0331896
2138.74	0.00833333	0.953161	0.282292	0.730696	0.700084	0.374957	0.413302	0.604267	0.124404	0.876396	0.668561	0.443198	0.478376	0.808888	0.652743	0.180274	0.588861	101.527	0.0985786	0.023533	0.0373505
2138.76	0.00833333	0.962647	0.996281	0.86716	0.721214	0.690313	0.416048	0.756814	0.898889	0.448961	0.682749	0.584365	0.637262	0.754655	0.220464	0.299531	0.428515	103.177	0.0964308	0.0282381	0.0173322
2138.8	0.00833333	0.949067	0.71503	0.607251	0.617832	0.611457	0.100632	0.341552	0.572179	0.596944	0.307195	0.543826	0.819607	0.890321	0.647746	0.335309	0.319163	103.32	0.0971471	0.0287949	0.0173402
2138.84	0.00833333	0.949117	0.492393	0.504391	0.142814	0.78605	0.424929	0.254564	0.131295	0.00901785	0.293766	0.699524	0.352158	0.586776	0.451781	0.836078	0.31504	98.1946	0.099657	0.0292666	0.0221153
2138.9	0.00833333	0.928985	0.108513	0.21566	0.75984	0.443289	0.861018	0.870501	0.481233	0.352028	0.129022	0.259742	0.359876	0.538245	0.051275	0.047889	0.20326	100.236	0.0997034	0.0150923	0.0467306
2139.08	0.00833333	0.947146	0.106183	0.0433022	0.3483	0.0834967	0.997375	0.342862	0.132439	0.324897	0.0904534	0.516561	0.129498	0.934103	0.335804	0.420965	0.474272	103.055	0.0982416	0.0291305	0.0135158
2139.51	0.00833333	0.962015	0.353717	0.133361	0.540319	0.354236	0.654581	0.604095	0.761224	0.919881	0.454145	0.636127	0.32391	0.701626	0.056247	0.580836	0.431369	101.575	0.0968217	0.0287215	0.00842873
2139.68	0.00833333	0.952821	0.163169	0.275059	0.0179984	0.317385	0.593229	0.346772	0.516876	0.064678	0.410776	0.412126	0.192591	0.519084	0.962795	0.520436	0.314665	102.344	0.0976882	0.0243305	0.0351654
2139.86	0.00833333	0.974619	0.481129	0.212503	0.601193	0.564107	0.389928	0.308329	0.461381	0.618951	0.338962	0.501993	0.274744	0.858857	0.161509	0.0866738	0.020379	97.5214	0.0973906	0.0179485	0.0434904
2139.87	0.00833333	0.936572	0.193523	0.374716	0.737283	0.186741	0.373774	0.315925	0.54548	0.672126	0.714636	0.930596	0.446936	0.643818	0.166912	0.281943	0.452718	99.9706	0.0998426	0.029012	0.0219162
2140.44	0.00833333	0.9472	0.824045	0.495323	0.279204	0.20628	0.529655	0.284366	0.776131	0.553904	0.226401	0.538521	0.189938	0.574697	0.399534	0.080151	0.64134	98.4298	0.0998006	0.0163061	0.0453908
2140.55	0.00833333	0.95593	0.30923	0.997104	0.675078	0.023394	0.11876	0.579949	0.329313	0.657025	0.378075	0.405131	0.252852	0.145468	0.420458	0.244683	0.221156	101.415	0.0972681	0.0294132	0.00980893
2140.62	0.00833333	0.943548	0.220789	0.443397	0.282086	0.443563	0.649116	0.14732	0.447916	0.29665	0.221254	0.899804	0.538232	0.282095	0.779808	0.638117	0.670267	98.8106	0.0995642	0.0246602	0.0372438
2140.7	0.00833333	0.949104	0.30388	0.792781	0.299523	0.747153	0.74633	0.336786	0.153488	0.32192	0.91031	0.554847	0.246688	0.372354	0.698148	0.711389	0.667318	99.5142	0.0994632	0.0245597	0.0359274
2140.92	0.00833333	0.946096	0.404044	0.420254	0.0330218	0.826118	0.218664	0.566549	0.809479	0.337057	0.00326085	0.629259	0.846677	0.644538	0.641948	0.443042	0.348813	101.246	0.0978589	0.0294101	0.0148888
2141.17	0.00833333	0.903651	0.439043	0.303084	0.490869	0.278259	0.255149	0.241886	0.511561	0.628681	0.171341	0.129566	0.527952	0.465669	0.472906	0.519437	0.661608	101.566	0.0996225	0.00600794	0.0489425
2141.21	0.00833333	0.966044	0.106315	0.918571	0.15329	0.668011	0.515184	0.633658	0.607648	0.512166	0.216215	0.851989	0.533532	0.607455	0.626955	0.000522703	0.224278	100.225	0.0970121	0.0280197	0.0203253
2141.28	0.00833333	0.950134	0.649277	0.353433	0.331107	0.625027	0.316928	0.424014	0.785758	0.628686	0.664906	0.915264	0.5231	0.399538	0.521344	0.214991	0.183341	102.359	0.0973272	0.0274431	0.0270013
2141.39	0.00833333	0.924313	0.197123	0.806378	0.662464	0.128994	0.401745	0.298108	0.43034	0.121987	0.556945	0.322202	0.483635	0.495341	0.32478	0.548617	0.738872	103.851	0.0980207	0.0114521	0.0470944
2141.57	0.00833333	0.942699	0.0235517	0.75883	0.0669123	0.62749	0.577267	0.230803	0.841723	0.299745	0.659519	0.340178	0.54254	0.566666	0.129075	0.724186	0.388188	102.004	0.0982129	0.0279246	0.0263193
2141.63	0.00833333	0.966526	0.360166	0.569542	0.496229	0.486387	0.892443	0.325832	0.538235	0.947326	0.533476	0.970787	0.469736	0.779125	0.183234	0.65708	0.132965	99.6992	0.098271	0.0276061	0.0263508
2141.88	0.00833333	0.967947	0.100938	0.195561	0.892989	0.711742	0.418011	0.844016	0.324927	0.421217	0.370155	0.589995	0.113503	0.24672	0.790764	0.47534	0.434664	99.7763	0.097985	0.0200437	0.0410978
2141.92	0.00833333	0.963024	0.250281	0.402138	0.954028	0.518012	0.754975	0.475803	0.717507	0.602362	0.758005	0.425824	0.788445	0.22414	0.832357	0.577398	0.465496	95.7487	0.0993451	0.0288371	0.0218815
2142.02	0.00833333	0.947948	0.416756	0.361446	0.254564	0.199063	0.242702	0.381156	0.7531	0.482184	0.222781	0.728583	0.123114	0.648998	0.335734	0.0924568	0.185715	104.467	0.0975732	0.0258102	0.0310122
2142.02	0.00833333	0.957839	0.0561982	0.337866	0.169132	0.661742	0.806161	0.222287	0.274914	0.623794	0.843212	0.301363	0.266949	0.0900107	0.490701	0.50855	0.272265	99.9006	0.0977996	0.02685	0.0303531
2142.13	0.00833333	0.978485	0.506491	0.715834	0.583938	0.306116	0.805997	0.353209	0.46949	0.875612	0.130194	0.436401	0.580998	0.415851	0.94504	0.625212	0.582833	101.287	0.0959733	0.0232521	0.03569
2142.22	0.00833333	0.958064	0.785131	0.00753883	0.565946	0.0914339	0.212578	0.438668	0.443667	0.1363	0.915298	0.904709	0.206592	0.696613	0.948431	0.628713	0.307042	100.389	0.0988679	0.0194908	0.0420471
2142.25	0.00833333	0.950858	0.300091	0.938699	0.184047	0.409803	0.734324	0.820557	0.304253	0.429489	0.415633	0.383432	0.709139	0.383864	0.622425	0.406454	0.246142	102.531	0.0971428	0.0209995	0.0409998
2142.34	0.00833333	0.976495	0.514574	0.368335	0.999649	0.0692963	0.438748	0.618393	0.102359	0.581024	0.106942	0.949186	0.692428	0.270798	0.247766	0.796436	0.691475	97.9765	0.0969573	0.0275808	0.0247829
2142.38	0.00833333	0.901941	0.142648	0.803324	0.323116	0.809628	0.301669	0.0845382	0.552318	0.00299207	0.0880725	0.17855	0.399801	0.182066	0.454732	0.470083	0.822611	104.853	0.0990583	0.00340531	0.0485301
2142.42	0.00833333	0.941692	0.54755	0.210687	0.553231	0.386094	0.845032	0.839903	0.367098	0.489209	0.265477	0.994142	0.126798	0.598937	0.942964	0.484492	0.955272	101.693	0.0999201	0.0292075	0.0160135
2142.47	0.00833333	0.984013	0.234045	0.598804	0.947737	0.438402	0.456988	0.8683	0.123672	0.161975	0.161179	0.47036	0.69048	0.492805	0.418786	0.100416	0.195308	97.4559	0.0966732	0.0210402	0.0398528
2142.52	0.00833333	0.981911	0.32642	0.363503	0.802367	0.571706	0.62607	0.367076	0.249812	0.228963	0.954892	0.650606	0.828672	0.347474	0.251236	0.942162	0.0790301	99.574	0.0953269	0.0263339	0.0277918
2142.62	0.00833333	0.937311	0.442257	0.476985	0.0442313	0.409815	0.317469	0.582737	0.681178	0.117622	0.60431	0.894734	0.777196	0.330907	0.0208998	0.25093	0.680876	104.126	0.0997167	0.0251858	0.0346018
2142.75	0.00833333	0.938547	0.524575	0.457609	0.224629	0.283969	0.294666	0.697255	0.960158	0.782053	0.268327	0.737554	0.882322	0.867133	0.935825	0.451383	0.167383	103.574	0.0980285	0.028607	0.0188168
2142.87	0.00833333	0.960937	0.159461	0.317998	0.870767	0.0777945	0.601692	0.314977	0.4897	0.26904	0.569426	0.0736099	0.526254	0.110269	0.56386	0.525322	0.879349	101.169	0.0967619	0.028434	0.019641
2142.91	0.00833333	0.941989	0.268816	0.470286	0.708213	0.0453697	0.0659548	0.504881	0.912495	0.558277	0.62036	0.613437	0.125846	0.421403	0.944997	0.818486	0.25337	103.61	0.0988368	0.0288059	0.0166683
2143.05	0.00833333	0.964464	0.198174	0.453899	0.181031	0.703851	0.107981	0.307012	0.619705	0.200587	0.471202	0.526395	0.688778	0.541179	0.723209	0.49677	0.618294	103.835	0.0950997	0.018316	0.0419704
2143.08	0.00833333	0.916862	0.857726	0.521461	0.733619	0.38186	0.284004	0.589114	0.673538	0.375268	0.144787	0.682696	0.814689	0.262267	0.0864173	0.67128	0.523713	99.9392	0.0991168	0.00736688	0.0488124
2143.13	0.00833333	0.980916	0.717444	0.443107	0.199388	0.122868	0.598721	0.774968	0.307703	0.413006	0.31579	0.831651	0.385698	0.388766	0.113706	0.420084	0.344914	95.59	0.0970801	0.0290745	0.00858267
2143.17	0.00833333	0.974132	0.405193	0.855926	0.652522	0.00686002	0.528244	0.152527	0.596618	0.456932	0.0332512	0.583073	0.0602848	0.863797	0.553304	0.186102	0.403349	98.263	0.0978037	0.0285492	0.0145266
2143.29	0.00833333	0.960159	0.0488247	0.242574	0.455005	0.187764	0.832954	0.502759	0.16447	0.298735	0.281815	0.825332	0.341246	0.65617	0.138913	0.527198	0.354274	96.9956	0.0989566	0.0229499	0.0401356
2143.32	0.00833333	0.934265	0.531272	0.313436	0.518262	0.198323	0.71276	0.662001	0.843044	0.717426	0.0871515	0.23144	0.105412	0.560459	0.308249	0.13323	0.963165	103.35	0.0986498	0.0234534	0.0383994
2143.34	0.00833333	0.954679	0.828684	0.184885	0.876133	0.069808	0.747225	0.230727	0.707785	0.462542	0.0381835	0.579921	0.361962	0.469938	0.866413	0.97821	0.233362	104.662	0.0964106	0.0198989	0.0407455
2143.42	0.00833333	0.941703	0.283576	0.694206	0.782333	0.586507	0.452697	0.869568	0.3295	0.702859	0.158031	0.582219	0.110564	0.316812	0.458785	0.661989	0.105606	102.483	0.0981999	0.0197771	0.0421867
2143.45	0.00833333	0.954245	0.905863	0.0647084	0.834466	0.0768334	0.292157	0.381063	0.671264	0.184729	0.0733658	0.495949	0.376204	0.784497	0.110248	0.283671	0.558562	100.18	0.0977118	0.026303	0.0316302
2143.65	0.00833333	0.964147	0.274336	0.0940112	0.17796	0.298647	0.465016	0.935813	0.368217	0.763172	0.482105	0.693778	0.0558565	0.798906	0.598188	0.192086	0.844403	101.24	0.0978589	0.0212049	0.040162
2143.72	0.00833333	0.938716	0.285753	0.0386222	0.312134	0.413828	0.559782	0.718899	0.552053	0.626425	0.00957493	0.36052	0.673592	0.215622	0.550144	0.369223	0.276144	102.131	0.0986147	0.0251129	0.0360597
2143.77	0.00833333	0.984168	0.270983	0.28919	0.0651954	0.139593	0.550504	0.670863	0.594798	0.934759	0.600224	0.822102	0.066473	0.834421	0.500404	0.315866	0.322628	95.7652	0.0982855	0.0277726	0.0240748
2143.86	0.00833333	0.91042	0.277693	0.732293	0.470143	0.820267	0.300834	0.280371	0.296378	0.960068	0.706951	0.867947	0.93597	0.357742	0.766685	0.157319	0.57845	103.43	0.0993114	0.00271899	0.0481944
2143.92	0.00833333	0.944087	0.495077	0.228345	0.374575	0.175884	0.773579	0.313736	0.759314	0.215303	0.435793	0.719554	0.563557	0.820122	0.934192	0.376135	0.500789	101.649	0.0994509	0.0274837	0.0262533
2143.97	0.00833333	0.960442	0.686562	0.875053	0.437622	0.332442	0.486017	0.525645	0.378615	0.184333	0.417471	0.90717	0.752725	0.0336694	0.360661	0.223329	0.061254	100.489	0.0990887	0.022778	0.0378255
2144.11	0.00833333	0.970091	0.486498	0.75238	0.975449	0.763331	0.302271	0.728538	0.459535	0.0822057	0.337692	0.754002	0.124068	0.243777	0.416037	0.5404	0.146635	99.1209	0.0961273	0.015706	0.0441457
2144.16	0.00833333	0.967353	0.148719	0.318831	0.358342	0.0661311	0.952879	0.127951	0.562175	0.257959	0.837823	0.832301	0.348871	0.445275	0.391522	0.645461	0.587472	100.439	0.0972826	0.0190278	0.0421899
2144.18	0.00833333	0.954535	0.0446656	0.355906	0.0900615	0.102964	0.597567	0.970967	0.625915	0.709858	0.284629	0.183206	0.523663	0.292811	0.879835	0.620304	0.975498	103.298	0.0972182	0.0276107	0.023326
2144.31	0.00833333	0.94447	0.288666	0.945702	0.532219	0.356007	0.32743	0.493586	0.597938	0.158737	0.602466	0.343305	0.122935	0.0472282	0.932203	0.225844	0.128928	103.281	0.0978841	0.0204375	0.0422086
2144.43	0.00833333	0.972064	0.995178	0.609939	0.706663	0.796872	0.0750489	0.74668	0.248427	0.536663	0.604087	0.518671	0.403139	0.92588	0.658783	0.113668	0.200689	99.5706	0.0977139	0.0288293	0.013482
2144.45	0.00833333	0.924967	0.340983	0.451773	0.129023	0.210342	0.847202	0.138931	0.472659	0.220713	0.855597	0.475093	0.291795	0.0216621	0.00496313	0.702536	0.511423	100.459	0.0978048	0.00446323	0.0484231
2144.46	0.00833333	0.97442	0.443535	0.122021	0.279012	0.856	0.60878	0.116069	0.983135	0.35648	0.533406	0.810306	0.674539	0.844175	0.702961	0.0885919	0.302553	96.4923	0.0981259	0.0295714	0.00994437
2144.6	0.00833333	0.944691	0.24587	0.363887	0.632425	0.00854015	0.690724	0.37611	0.59881	0.441693	0.519179	0.0657646	0.553404	0.750154	0.392621	0.334702	0.740591	98.2381	0.0979402	0.00521967	0.0478304
2144.63	0.00833333	0.959362	0.564792	0.500639	0.231356	0.334714	0.42036	0.300081	0.198644	0.334735	0.481927	0.751303	0.647706	0.803211	0.3856	0.441663	0.0695308	104.767	0.0948047	0.0211047	0.0392397
2144.64	0.00833333	0.945687	0.270443	0.377696	0.172913	0.0180274	0.692631	0.526535	0.315771	0.559417	0.468513	0.706452	0.567983	0.41499	0.363466	0.796716	0.232646	97.8834	0.0994519	0.0291738	0.020969
2144.67	0.00833333	0.996156	0.786914	0.145731	0.922013	0.630402	0.606072	0.189635	0.128896	0.10733	0.291804	0.0474054	0.386475	0.623873	0.830374	0.347646	0.357554	98.5527	0.0947698	0.0264786	0.0250926
2144.68	0.00833333	0.942711	0.909547	0.26268	0.046307	0.648806	0.17072	0.753231	0.0835294	0.694188	0.481446	0.327827	0.55824	0.567837	0.797908	0.806925	0.0353866	102.533	0.0971694	0.0290126	0.0127728
2144.77	0.00833333	0.965764	0.665758	0.272244	0.580808	0.244656	0.815278	0.426828	0.827175	0.852149	0.597496	0.253448	0.701322	0.437074	0.368961	0.719926	0.0079232	95.6199	0.0999726	0.029858	0.0139612
2144.78	0.00833333	0.94845	0.431278	0.617915	0.689775	0.131816	0.519417	0.102333	0.292482	0.379357	0.422069	0.390929	0.134578	0.740331	0.988083	0.729626	0.552292	98.3392	0.0992137	0.0293707	0.0169537
2144.83	0.00833333	0.95158	0.314458	0.379198	0.430932	0.930308	0.0659559	0.871331	0.610575	0.480151	0.40737	0.800053	0.894122	0.597013	0.137355	0.681294	0.444939	100.412	0.0982932	0.0297525	0.00316382
2144.85	0.00833333	0.966318	0.448808	0.627487	0.609131	0.105706	0.719799	0.918148	0.361344	0.125549	0.414428	0.272188	0.000671342	0.843869	0.575549	0.293357	0.262519	101.567	0.0959743	0.0257068	0.0298941
2144.86	0.00833333	0.92442	0.588544	0.262391	0.716591	0.277635	0.213933	0.488036	0.694607	0.629845	0.43505	0.859125	0.577532	0.361014	0.489186	0.622978	0.0149081	100.064	0.0972345	0.00266345	0.048251
2144.94	0.00833333	0.942844	0.00706384	0.58923	0.417518	0.458354	0.0879243	0.0926535	0.677598	0.921934	0.606552	0.366867	0.642961	0.837769	0.595106	0.312616	0.803988	102.722	0.0977415	0.0276856	0.0264145
2144.98	0.00833333	0.965578	0.0264136	0.880693	0.378608	0.788948	0.241129	0.482284	0.902646	0.698605	0.611542	0.873989	0.279604	0.442941	0.568981	0.423846	0.705114	103.286	0.0954351	0.0257531	0.0306215
2144.98	0.00833333	0.952318	0.230753	0.0289411	0.161618	0.0765976	0.422595	0.784505	0.603712	0.265004	0.19948	0.311547	0.509997	0.437632	0.493169	0.721884	0.637286	96.901	0.0980504	0.00558878	0.0478112
2145.03	0.00833333	0.973783	0.680534	0.78432	0.131052	0.0933132	0.795331	0.862285	0.242483	0.446189	0.262179	0.628231	0.795844	0.789009	0.88548	0.515579	0.187034	102.992	0.0945902	0.0266642	0.0268706
2145.03	0.00833333	0.949035	0.626006	0.860796	0.397601	0.6009	0.274719	0.415172	0.610512	0.751587	0.756196	0.81178	0.699356	0.191594	0.516104	0.462865	0.329088	97.1247	0.099774	0.0290265	0.0242664
2145.04	0.00833333	0.917217	0.138053	0.366174	0.871671	0.0539528	0.751001	0.435154	0.864752	0.32104	0.374548	0.00538624	0.57976	0.373979	0.152132	0.421301	0.450851	103.051	0.0982414	0.00110781	0.0475027
2145.17	0.00833333	0.956047	0.392462	0.519578	0.605931	0.48735	0.720234	0.0446688	0.973934	0.334085	0.0730729	0.796863	0.961656	0.351966	0.291854	0.844541	0.677191	103.555	0.0954165	0.0167359	0.0429926
2145.25	0.00833333	0.962056	0.173369	0.505232	0.645382	0.536907	0.489468	0.306073	0.50546	0.684775	0.63689	0.360325	0.731994	0.604342	0.669887	0.486081	0.590424	99.1312	0.0981735	0.0280321	0.0222896
2145.43	0.00833333	0.919822	0.629936	0.291394	0.900065	0.0846911	0.0915752	0.653748	0.446254	0.342232	0.5329	0.454313	0.654071	0.496608	0.209903	0.243009	0.403142	105.338	0.0965941	0.0054883	0.0476286
2145.47	0.00833333	0.977738	0.328155	0.40523	0.606959	0.72985	0.102964	0.923001	0.457266	0.052392	0.00686514	0.898338	0.101908	0.433092	0.502548	0.652343	0.000949111	104.288	0.0918054	0.0129274	0.0435053
2145.47	0.00833333	0.96398	0.270429	0.80368	0.329742	0.600052	0.331806	0.366184	0.837689	0.876171	0.607597	0.822246	0.563173	0.640922	0.718084	0.572736	0.200432	102.451	0.094523	0.0110906	0.045352
2145.53	0.00833333	0.975388	0.0348737	0.0900374	0.897061	0.353254	0.757603	0.639354	0.277372	0.632764	0.441912	0.197153	0.654128	0.49281	0.426804	0.392602	0.488355	97.4187	0.0990189	0.0237663	0.0363968
2145.72	0.00833333	0.964756	0.720348	0.675053	0.562681	0.206911	0.705399	0.4856	0.356771	0.353829	0.791593	0.943123	0.307422	0.700781	0.428282	0.753454	0.670453	102.247	0.0955102	0.028493	0.011907
2145.74	0.00833333	0.926708	0.238411	0.255553	0.168868	0.358289	0.582946	0.788065	0.583991	0.940786	0.570486	0.512518	0.789286	0.856021	0.829734	0.810287	0.245841	96.7194	0.0999542	0.0032541	0.0492317
2145.74	0.00833333	0.96936	0.727127	0.426659	0.716264	0.2998	0.187856	0.14383	0.207043	0.538666	0.119408	0.378891	0.765155	0.447421	0.399231	0.708058	0.899908	99.4697	0.0969415	0.020568	0.0404464
2145.87	0.00833333	0.944532	0.364005	0.655002	0.616088	0.893535	0.837655	0.910724	0.82607	0.267539	0.183161	0.232041	0.410515	0.032897	0.305101	0.939692	0.598011	105.262	0.0953129	0.0138312	0.0452408
2146.05	0.00833333	0.913078	0.500515	0.518702	0.573915	0.701807	0.340626	0.624999	0.751889	0.487541	0.44218	0.328113	0.878641	0.612804	0.595195	0.492872	0.201166	98.7134	0.0999735	0.00724549	0.0497696
2146.09	0.00833333	0.979108	0.516118	0.651146	0.668471	0.339654	0.296249	0.31598	0.627144	0.265103	0.723076	0.463113	0.574419	0.093312	0.782128	0.384775	0.214	101.69	0.0939811	0.0249375	0.0313459
2146.15	0.00833333	0.93294	0.339679	0.250604	0.480781	0.893337	0.625417	0.363063	0.705975	0.103833	0.258616	0.573136	0.0216921	0.103035	0.602141	0.745703	0.55634	104.61	0.098335	0.0148243	0.0453923
2146.18	0.00833333	0.893692	0.534931	0.625107	0.474736	0.755638	0.222831	0.752876	0.2486	0.0841924	0.315147	0.402198	0.249679	0.846723	0.488551	0.270967	0.330042	104.078	0.0997842	0.00615747	0.0493846
2146.25	0.00833333	0.951733	0.783399	0.322692	0.371997	0.0623454	0.904708	0.417198	0.303747	0.416857	0.0866969	0.555191	0.673554	0.519135	0.264896	0.526704	0.1768	104.191	0.097695	0.0279677	0.0197883
2146.39	0.00833333	0.920959	0.794408	0.262453	0.968621	0.608992	0.0370191	0.765431	0.271651	0.796989	0.123562	0.314017	0.379492	0.196947	0.351612	0.802846	0.340837	99.5092	0.0992531	0.0105508	0.0483024
2146.4	0.00833333	0.949122	0.405077	0.48644	0.564688	0.790408	0.505433	0.792065	0.59189	0.480088	0.604405	0.412359	0.369072	0.409497	0.980504	0.658931	0.219713	100.257	0.0988691	0.0278415	0.0287717
2146.49	0.00833333	0.958749	0.618722	0.258733	0.673021	0.510179	0.310593	0.478458	0.0393175	0.575726	0.28436	0.13424	0.214673	0.00819194	0.712976	0.853891	0.30422	101.014	0.0966708	0.0277916	0.023184
