distance	weight	r0	r1	r2	r3	r4	r5	r6	r7	r8	r9	r10	r11	r12	r13	r14	r15	tp	dr1	dr2	dr3
2128.48	0.00833333	0.947655	0.428331	0.610419	0.145259	0.0186262	0.752165	0.687214	0.890984	0.285514	0.0811223	0.511105	0.849172	0.366748	0.073955	0.193597	0.387688	99.1462	0.0999353	0.0297413	0.0137992
2129.26	0.00833333	0.950463	0.730734	0.442664	0.0138724	0.359952	0.766235	0.377012	0.249681	0.379575	0.181206	0.904394	0.0764238	0.36799	0.0993714	0.678332	0.0496327	98.7522	0.0997425	0.0293407	0.0186101
2129.3	0.00833333	0.949129	0.919622	0.358775	0.558145	0.380814	0.188705	0.590005	0.384262	0.21598	0.664623	0.750475	0.592334	0.638967	0.404022	0.0075604	0.0488922	100.772	0.0992805	0.0285898	0.0218304
2129.5	0.00833333	0.935728	0.73799	0.945386	0.426063	0.216169	0.889476	0.157175	0.691711	0.956783	0.195891	0.468462	0.431946	0.677925	0.746585	0.0743214	0.274477	100.068	0.0999226	0.0300067	0.000939741
2129.74	0.00833333	0.952376	0.690933	0.898018	0.60064	0.139278	0.591995	0.649084	0.573194	0.0781277	0.17028	0.742725	0.818539	0.56241	0.151359	0.29509	0.174549	100.183	0.0994551	0.0285788	0.0232937
2129.75	0.00833333	0.946801	0.747424	0.135597	0.529272	0.800694	0.640692	0.0712442	0.33743	0.437466	0.831736	0.180944	0.118297	0.183679	0.288283	0.0392601	0.0196384	99.562	0.0998975	0.0292146	0.0200907
2129.95	0.00833333	0.960201	0.0107367	0.214436	0.101746	0.437848	0.599295	0.130021	0.219027	0.186868	0.111317	0.466887	0.537269	0.0848228	0.789546	0.232162	0.034174	97.7027	0.0990176	0.0288795	0.019453
2130	0.00833333	0.950323	0.0970975	0.126764	0.619683	0.809098	0.554503	0.449825	0.214299	0.527922	0.405092	0.592157	0.748989	0.27661	0.00139515	0.248784	0.36464	99.9198	0.099537	0.0262884	0.0326156
2130.08	0.00833333	0.965572	0.969104	0.484107	0.0309744	0.644841	0.488068	0.370652	0.254487	0.208805	0.314006	0.200844	0.954508	0.17999	0.408491	0.221173	0.101793	97.4843	0.0995932	0.0266109	0.0315316
2130.14	0.00833333	0.955038	0.792084	0.0921153	0.971292	0.666442	0.1735	0.605239	0.332742	0.496752	0.66829	0.432433	0.625668	0.778388	0.192306	0.223663	0.0217069	97.5012	0.0992185	0.0294345	0.0150628
2130.15	0.00833333	0.950595	0.142684	0.534063	0.417162	0.470071	0.0217335	0.133809	0.305384	0.456456	0.419597	0.657077	0.587928	0.110656	0.40711	0.518283	0.370958	99.0447	0.0993644	0.0295285	0.00968054
2130.38	0.00833333	0.962426	0.561855	0.306919	0.960667	0.335678	0.216605	0.928157	0.925172	0.403438	0.501515	0.485982	0.525246	0.682377	0.0993067	0.203811	0.0470448	99.4882	0.0984663	0.0291209	0.0127759
2130.42	0.00833333	0.953404	0.315385	0.856646	0.914168	0.662145	0.147541	0.58593	0.174045	0.719154	0.438197	0.142862	0.385882	0.151635	0.370871	0.227092	0.000275284	100.119	0.0988736	0.0294595	0.00934871
2130.43	0.00833333	0.949223	0.990395	0.67549	0.373466	0.365444	0.42396	0.73187	0.981966	0.0540621	0.0764391	0.313416	0.543566	0.546596	0.230179	0.51783	0.154138	100.577	0.099492	0.0240866	0.0370488
2130.5	0.00833333	0.957465	0.1421	0.489795	0.112071	0.206478	0.148823	0.117285	0.956201	0.630652	0.24814	0.507201	0.0774439	0.407723	0.883941	0.232987	0.307372	100.164	0.0992671	0.0261879	0.0317113
2130.5	0.00833333	0.958425	0.720616	0.465061	0.504825	0.261463	0.921459	0.547924	0.109378	0.138167	0.211905	0.630743	0.359749	0.217748	0.0668269	0.46398	0.152191	99.4424	0.0994427	0.0252185	0.0352025
2130.52	0.00833333	0.95806	0.198339	0.549776	0.527351	0.102325	0.168798	0.0316895	0.451293	0.961986	0.359008	0.269081	0.419196	0.728314	0.553171	0.0762673	0.421985	97.861	0.0997432	0.0283266	0.0256825
2130.59	0.00833333	0.958275	0.192171	0.404654	0.994638	0.484345	0.33449	0.576235	0.489557	0.559063	0.0583746	0.722994	0.465623	0.216988	0.258399	0.328007	0.0679304	100.494	0.0982371	0.0275386	0.0272572
2130.61	0.00833333	0.958361	0.15936	0.120679	0.411018	0.54317	0.133442	0.158939	0.0627175	0.959652	0.0449212	0.622156	0.458751	0.927251	0.446183	0.309745	0.495132	98.6836	0.0991345	0.0289897	0.0178728
2130.61	0.00833333	0.949697	0.288631	0.884544	0.682367	0.150752	0.157525	0.182261	0.791108	0.340428	0.602381	0.0863905	0.701078	0.166627	0.333603	0.130528	0.137005	99.5513	0.0989479	0.0291686	0.0187851
2130.62	0.00833333	0.951866	0.486236	0.285529	0.922946	0.26412	0.19871	0.68953	0.556241	0.2138	0.0927237	0.222231	0.741919	0.866514	0.620236	0.354967	0.1607	98.2284	0.0990667	0.0296754	0.0042152
2130.63	0.00833333	0.958759	0.20725	0.399991	0.173978	0.253052	0.502771	0.103559	0.465648	0.412399	0.024545	0.304297	0.837791	0.26575	0.479012	0.377261	0.304552	100.183	0.0986688	0.0267798	0.0295333
2130.67	0.00833333	0.95404	0.612039	0.96007	0.473001	0.421638	0.0788161	0.652428	0.335542	0.192765	0.238842	0.2065	0.549047	0.361145	0.418456	0.59614	0.140396	99.9585	0.0989361	0.0276356	0.02764
2130.69	0.00833333	0.951602	0.499869	0.463909	0.499974	0.556177	0.426331	0.309541	0.989238	0.299927	0.270181	0.231668	0.706931	0.546809	0.727448	0.0853467	0.441873	100.209	0.0990782	0.0217839	0.0406532
2130.7	0.00833333	0.953242	0.110579	0.345315	0.470435	0.00649564	0.204979	0.412819	0.148109	0.638364	0.0962877	0.401257	0.72884	0.522189	0.942507	0.597987	0.110711	99.1618	0.0997148	0.0266099	0.0323901
2130.81	0.00833333	0.954178	0.144533	0.183745	0.104187	0.131918	0.546901	0.254053	0.533287	0.531031	0.779442	0.704407	0.159826	0.717023	0.189401	0.419806	0.0564533	98.5125	0.0989156	0.0294746	0.00492666
2130.91	0.00833333	0.952074	0.59208	0.663333	0.775783	0.40216	0.234506	0.229459	0.0746408	0.898989	0.0202212	0.363754	0.638441	0.494855	0.313521	0.548898	0.153881	101.029	0.0981726	0.0292669	0.00771591
2130.96	0.00833333	0.948791	0.475227	0.103014	0.466329	0.426035	0.797253	0.805674	0.488863	0.685263	0.252579	0.898405	0.90074	0.517619	0.66146	0.351404	0.117319	100.09	0.0993416	0.0238822	0.0378338
2131.02	0.00833333	0.957058	0.639809	0.255762	0.424581	0.34512	0.0988366	0.306748	0.291367	0.0163412	0.0796677	0.244481	0.756361	0.880755	0.914712	0.312201	0.446791	98.6717	0.098989	0.0285739	0.0229725
2131.08	0.00833333	0.951184	0.00431561	0.225454	0.793002	0.722461	0.574012	0.885581	0.181596	0.755141	0.48092	0.734674	0.44329	0.30445	0.936036	0.133255	0.142348	97.7455	0.0999368	0.0294047	0.0157466
2131.09	0.00833333	0.958015	0.836638	0.678792	0.503282	0.19886	0.206634	0.250952	0.573227	0.370938	0.953107	0.514438	0.0361119	0.407489	0.937039	0.0441012	0.131752	99.4541	0.0994016	0.0247346	0.0358658
2131.1	0.00833333	0.942909	0.418406	0.521775	0.914536	0.124659	0.235708	0.171045	0.158156	0.399103	0.578692	0.16889	0.588045	0.166947	0.590811	0.634868	0.0764386	99.7439	0.0997171	0.0295531	0.0107718
2131.11	0.00833333	0.954286	0.517269	0.625089	0.919827	0.791805	0.773542	0.477529	0.870179	0.598481	0.112912	0.383346	0.193846	0.608204	0.0899121	0.435598	0.242847	99.6546	0.0991682	0.0253591	0.0346995
2131.13	0.00833333	0.958839	0.491748	0.159961	0.881058	0.994739	0.0367352	0.469866	0.0887459	0.911545	0.570907	0.251336	0.61812	0.598412	0.707601	0.477386	0.133158	99.194	0.099306	0.0288223	0.0203957
2131.18	0.00833333	0.947783	0.107242	0.795599	0.259158	0.488693	0.191818	0.111774	0.508367	0.88406	0.240167	0.317691	0.617924	0.443789	0.266198	0.762984	0.113914	99.8359	0.0995084	0.0292969	0.0185187
2131.2	0.00833333	0.954923	0.833619	0.895473	0.351499	0.69411	0.078459	0.561018	0.911339	0.082185	0.287336	0.640148	0.342588	0.0896088	0.425085	0.159958	0.181711	97.0512	0.0998371	0.0300244	0.00992609
2131.21	0.00833333	0.947899	0.563177	0.0694814	0.435038	0.673643	0.867785	0.386643	0.767586	0.426534	0.29375	0.521251	0.675128	0.612015	0.117837	0.55706	0.0824777	99.1638	0.0995961	0.0294001	0.0191003
2131.23	0.00833333	0.950208	0.954955	0.12468	0.569489	0.817622	0.619191	0.725236	0.402615	0.470552	0.197796	0.0623223	0.211046	0.40233	0.13937	0.0791375	0.360083	100.283	0.0999659	0.0282001	0.0261606
2131.28	0.00833333	0.948957	0.22604	0.128267	0.292829	0.661626	0.656525	0.628195	0.00104228	0.0818104	0.622327	0.834393	0.182324	0.085529	0.354194	0.702142	0.174672	100.241	0.099736	0.0268273	0.0305828
2131.33	0.00833333	0.9491	0.330721	0.689284	0.121101	0.721728	0.302932	0.38009	0.357169	0.288826	0.0224615	0.490368	0.864042	0.300691	0.471616	0.877801	0.322934	100.567	0.0994331	0.0242953	0.0368006
2131.36	0.00833333	0.953795	0.441699	0.847757	0.477527	0.550902	0.336984	0.67763	0.727453	0.413326	0.0744464	0.55716	0.0731921	0.271713	0.0593405	0.300113	0.293242	99.3796	0.0996129	0.0294574	0.00849885
2131.37	0.00833333	0.947168	0.132074	0.473501	0.10622	0.180117	0.411401	0.226964	0.314168	0.142638	0.381965	0.816874	0.676367	0.421064	0.742794	0.168948	0.464241	99.6494	0.0994021	0.0237983	0.0380941
2131.45	0.00833333	0.951312	0.614956	0.53137	0.481804	0.332189	0.135152	0.0889422	0.511069	0.366693	0.855423	0.953105	0.0606586	0.866108	0.860258	0.503361	0.262901	99.7139	0.0998857	0.0270052	0.0301841
2131.54	0.00833333	0.954853	0.971564	0.232597	0.919852	0.296618	0.314174	0.420753	0.890218	0.340158	0.384034	0.333434	0.330296	0.624368	0.520202	0.167173	0.115904	100.568	0.0983371	0.0269311	0.029526
2131.6	0.00833333	0.957539	0.573095	0.377967	0.590772	0.475361	0.528371	0.182282	0.659199	0.391431	0.457178	0.677556	0.189622	0.0150892	0.360857	0.117693	0.329271	99.7315	0.0990863	0.0288168	0.0187683
2131.6	0.00833333	0.961575	0.574135	0.659773	0.741509	0.00504534	0.205318	0.973419	0.989079	0.22437	0.122718	0.44955	0.104544	0.221356	0.470645	0.362056	0.100847	97.5224	0.0996986	0.0294475	0.012227
2131.6	0.00833333	0.955254	0.959404	0.108611	0.776116	0.879053	0.240889	0.597736	0.488402	0.260346	0.454055	0.123098	0.364307	0.473387	0.171233	0.857932	0.00957942	100.403	0.0989466	0.0236021	0.0375273
2131.61	0.00833333	0.947115	0.559022	0.384263	0.940446	0.944982	0.666556	0.636324	0.616654	0.0812818	0.145282	0.543698	0.149816	0.16971	0.542186	0.529476	0.401602	97.5444	0.0995039	0.0299121	0.00132739
2131.62	0.00833333	0.9498	0.793688	0.431965	0.854113	0.435419	0.527278	0.916247	0.768948	0.19234	0.48492	0.032153	0.161967	0.698936	0.0736663	0.140235	0.268776	101.274	0.0989474	0.0272499	0.0290418
2131.65	0.00833333	0.949039	0.0640126	0.314478	0.315079	0.472646	0.397224	0.55807	0.391464	0.596113	0.18615	0.92896	0.549759	0.693346	0.631279	0.794879	0.465053	99.6238	0.0998071	0.0285518	0.0232406
2131.77	0.00833333	0.947176	0.331973	0.998101	0.548361	0.0398244	0.650849	0.0228577	0.980622	0.923641	0.287469	0.251165	0.357126	0.16161	0.754176	0.169424	0.20566	101.334	0.0997564	0.0275634	0.028528
2131.77	0.00833333	0.951178	0.846921	0.749808	0.712066	0.024041	0.258095	0.250037	0.974501	0.972439	0.276139	0.330807	0.328517	0.482268	0.665081	0.407683	0.622732	99.2815	0.0993523	0.0295948	0.0114433
2131.78	0.00833333	0.950666	0.639228	0.749462	0.25222	0.420247	0.0223618	0.429355	0.96654	0.651681	0.109322	0.76982	0.704952	0.10632	0.490196	0.472443	0.0790652	99.3868	0.0994599	0.0278316	0.0283765
2131.79	0.00833333	0.955251	0.25367	0.847065	0.692702	0.212075	0.509236	0.549441	0.383351	0.955595	0.0826123	0.314612	0.410423	0.307603	0.635244	0.341234	0.0746329	98.7299	0.0996226	0.0215107	0.0408337
2131.79	0.00833333	0.953653	0.464323	0.248745	0.731646	0.491149	0.441566	0.285097	0.285077	0.242816	0.0480563	0.342355	0.629252	0.519558	0.372228	0.802681	0.186231	99.9104	0.0986054	0.0286274	0.0210379
2131.82	0.00833333	0.94394	0.548849	0.549824	0.772538	0.192367	0.541336	0.660561	0.373341	0.764518	0.203219	0.649295	0.00195098	0.693444	0.376252	0.0521164	0.375016	97.708	0.0998075	0.0299125	0.00596647
2131.83	0.00833333	0.949675	0.575022	0.229691	0.6614	0.714759	0.187676	0.509438	0.675272	0.467213	0.193859	0.663158	0.0332728	0.239222	0.53291	0.462491	0.257432	98.889	0.0990725	0.0158482	0.0458554
2131.84	0.00833333	0.947698	0.298976	0.598826	0.0804474	0.710519	0.29203	0.750726	0.744654	0.335336	0.164955	0.707277	0.27297	0.598487	0.608075	0.820952	0.183168	98.0573	0.0998711	0.0157385	0.0461253
2131.88	0.00833333	0.955777	0.146709	0.955041	0.578604	0.643863	0.185995	0.548299	0.187085	0.984556	0.371879	0.155068	0.590064	0.0521237	0.509026	0.143505	0.166391	98.1234	0.0996816	0.0293802	0.0132353
2131.91	0.00833333	0.954745	0.222861	0.10169	0.318768	0.194258	0.306333	0.306844	0.732278	0.394379	0.604446	0.582333	0.442659	0.283882	0.45761	0.361769	0.13007	98.809	0.0994839	0.0296326	0.011348
2131.93	0.00833333	0.956747	0.886517	0.526977	0.993024	0.433469	0.359154	0.799125	0.813068	0.655395	0.0352071	0.214522	0.273771	0.263087	0.877643	0.4351	0.345971	99.9952	0.0984151	0.0230019	0.0386103
2131.94	0.00833333	0.945766	0.526064	0.197981	0.61161	0.373596	0.214935	0.366275	0.569517	0.948741	0.0119082	0.946261	0.202695	0.889924	0.610801	0.577583	0.126543	101.048	0.0991808	0.0293961	0.00734644
2131.95	0.00833333	0.953248	0.194542	0.159867	0.724307	0.249501	0.741336	0.848773	0.911662	0.677766	0.58857	0.761241	0.296942	0.458247	0.0581619	0.22639	0.409538	98.217	0.0998163	0.029547	0.0173958
2131.96	0.00833333	0.944028	0.910546	0.557929	0.748627	0.464056	0.219044	0.0507033	0.835594	0.143366	0.354334	0.494067	0.713805	0.929412	0.0888173	0.112686	0.484912	100.681	0.0994461	0.0189468	0.0436203
2131.96	0.00833333	0.952008	0.352506	0.620998	0.910161	0.831352	0.260848	0.855213	0.0739841	0.739533	0.415479	0.902665	0.464044	0.810347	0.673839	0.0795186	0.333616	97.9786	0.0987951	0.0297328	0.000462949
2131.99	0.00833333	0.93991	0.645763	0.938136	0.510379	0.222652	0.425507	0.655759	0.261074	0.376943	0.20412	0.321038	0.70495	0.424129	0.207996	0.489391	0.103733	100.231	0.0985612	0.0111669	0.0473829
2132	0.00833333	0.962916	0.615328	0.378266	0.245584	0.514764	0.446027	0.839251	0.522777	0.47605	0.137769	0.34857	0.930167	0.288141	0.462402	0.260222	0.17307	97.8775	0.0989157	0.0279709	0.0249948
2132.01	0.00833333	0.963332	0.0307141	0.575016	0.804156	0.00477501	0.0891664	0.47874	0.113237	0.614908	0.599977	0.446436	0.503368	0.806874	0.793123	0.144442	0.372287	99.0225	0.0988658	0.0273575	0.0274128
2132.05	0.00833333	0.956519	0.924295	0.253293	0.810063	0.206565	0.339244	0.879646	0.520976	0.466364	0.117223	0.758966	0.11433	0.488279	0.873165	0.357494	0.245567	100.851	0.0975078	0.029118	0.00622613
2132.09	0.00833333	0.954553	0.423297	0.311587	0.286907	0.509693	0.583894	0.605469	0.915902	0.185113	0.30448	0.904287	0.789203	0.413954	0.235674	0.607013	0.236709	99.4214	0.0985755	0.0294509	0.0114993
2132.11	0.00833333	0.95544	0.360144	0.444788	0.225414	0.623771	0.214702	0.367679	0.329827	0.948124	0.209495	0.396739	0.333825	0.608875	0.870926	0.331522	0.244496	99.5405	0.0986129	0.0242737	0.0367496
2132.14	0.00833333	0.957119	0.603087	0.790167	0.755278	0.0958018	0.17347	0.872664	0.834684	0.116824	0.40051	0.422101	0.47465	0.489052	0.508166	0.304578	0.176433	96.4461	0.0999519	0.0297973	0.00398819
2132.17	0.00833333	0.942382	0.764946	0.598034	0.705178	0.815809	0.383333	0.323348	0.520606	0.553475	0.912912	0.571664	0.771961	0.828512	0.679764	0.0261952	0.255136	98.8807	0.099629	0.0297374	0.00441964
2132.19	0.00833333	0.956828	0.214514	0.759298	0.660863	0.486728	0.11855	0.337517	0.883368	0.556631	0.407556	0.259195	0.956703	0.258518	0.140983	0.422586	0.573649	99.5293	0.0990596	0.0240297	0.0367576
2132.2	0.00833333	0.951387	0.41921	0.490142	0.622744	0.983801	0.0597383	0.570631	0.159335	0.809332	0.301003	0.661995	0.46419	0.408276	0.25942	0.780574	0.502148	98.8	0.0999306	0.0262683	0.0332131
2132.26	0.00833333	0.950924	0.496668	0.823224	0.380559	0.731713	0.438028	0.832358	0.6805	0.286038	0.504867	0.779424	0.0956994	0.553132	0.382832	0.550993	0.457411	99.6949	0.0992425	0.0292591	0.0163766
2132.26	0.00833333	0.963909	0.762544	0.842153	0.856278	0.549518	0.334525	0.841096	0.783923	0.278061	0.319065	0.14276	0.778444	0.851449	0.0397675	0.290785	0.313267	100.328	0.0979315	0.0273541	0.0265582
2132.27	0.00833333	0.947952	0.987537	0.848874	0.740361	0.852227	0.492318	0.977535	0.915513	0.262386	0.0922407	0.44004	0.0800467	0.944026	0.0392225	0.27334	0.0875268	100.618	0.0992298	0.0292018	0.0131434
2132.29	0.00833333	0.946724	0.461037	0.755985	0.77228	0.568972	0.261056	0.496959	0.981609	0.700806	0.226203	0.445969	0.51202	0.0649339	0.451583	0.465943	0.548023	99.966	0.0997296	0.0286469	0.0241653
2132.29	0.00833333	0.9584	0.978766	0.514924	0.329925	0.675327	0.12551	0.650898	0.7168	0.296563	0.235568	0.162832	0.452713	0.205463	0.872202	0.562419	0.00347715	97.6669	0.0993096	0.0288719	0.02247
2132.33	0.00833333	0.958343	0.914129	0.489816	0.327127	0.489668	0.482414	0.493506	0.564757	0.321022	0.794752	0.291729	0.890135	0.595721	0.372027	0.408575	0.180821	99.715	0.0982659	0.0289451	0.0164776
2132.36	0.00833333	0.955963	0.309185	0.148891	0.0472189	0.202797	0.457147	0.789099	0.276992	0.863241	0.415726	0.65127	0.242779	0.796327	0.508825	0.813175	0.270124	98.2613	0.0997507	0.0285866	0.0229715
2132.38	0.00833333	0.94469	0.364573	0.769021	0.888699	0.571367	0.184079	0.507924	0.891184	0.485766	0.655515	0.651724	0.221948	0.48039	0.329083	0.453338	0.349277	98.7803	0.0996921	0.0296775	0.0151123
2132.4	0.00833333	0.956237	0.778167	0.818807	0.443896	0.572374	0.378158	0.432196	0.48889	0.285	0.0599926	0.170202	0.0533089	0.788522	0.163664	0.418934	0.166952	99.9855	0.0985861	0.0238886	0.0368335
2132.41	0.00833333	0.963549	0.0968529	0.262109	0.5847	0.159153	0.0913581	0.528169	0.961063	0.21403	0.257269	0.484709	0.124719	0.513265	0.486167	0.237738	0.48231	99.8159	0.0977112	0.0280599	0.0232762
2132.42	0.00833333	0.953488	0.164786	0.810911	0.854917	0.635685	0.10313	0.256282	0.514678	0.717701	0.970578	0.276112	0.234043	0.275944	0.277104	0.0786129	0.109017	101.039	0.0990134	0.0279571	0.0247625
2132.42	0.00833333	0.939422	0.985427	0.578784	0.0351676	0.720444	0.97159	0.512647	0.572216	0.181887	0.174787	0.884418	0.467221	0.587121	0.394868	0.600736	0.213005	100.131	0.0996426	0.0296327	0.00204983
2132.42	0.00833333	0.940144	0.322957	0.628363	0.985441	0.0461876	0.972438	0.3859	0.73595	0.999671	0.380287	0.949473	0.702216	0.356288	0.790823	0.162258	0.0567546	101.763	0.0994659	0.0293931	0.0155285
2132.44	0.00833333	0.960951	0.909152	0.209222	0.217897	0.106127	0.272903	0.387561	0.29875	0.366065	0.322735	0.392316	0.919613	0.0320775	0.910416	0.876455	0.384279	97.9291	0.0995892	0.0265796	0.0315199
2132.44	0.00833333	0.95299	0.720161	0.50814	0.832576	0.689822	0.233843	0.561693	0.966176	0.246313	0.130313	0.846359	0.519434	0.50947	0.678294	0.612852	0.165824	101.284	0.0980137	0.0292038	0.0137803
2132.46	0.00833333	0.951976	0.419735	0.429318	0.798159	0.541955	0.121924	0.653388	0.424035	0.668997	0.403674	0.248791	0.537968	0.500609	0.258015	0.236883	0.0750598	100.581	0.0992052	0.0290309	0.0173249
2132.51	0.00833333	0.946257	0.334846	0.736103	0.620276	0.399296	0.591396	0.416236	0.403343	0.691037	0.157606	0.452819	0.952569	0.994468	0.0519395	0.435706	0.275908	101.083	0.0990138	0.0289792	0.0179249
2132.53	0.00833333	0.95686	0.699219	0.129191	0.827242	0.220423	0.0959962	0.226725	0.750599	0.351238	0.440107	0.162103	0.106239	0.442389	0.72209	0.0536358	0.00954875	98.1391	0.0993681	0.0291755	0.021176
2132.53	0.00833333	0.946073	0.922225	0.601456	0.447066	0.543874	0.49308	0.733732	0.7632	0.728371	0.511545	0.386784	0.738031	0.947671	0.907367	0.517353	0.390185	98.9431	0.09968	0.0296925	0.00890786
2132.59	0.00833333	0.948455	0.952605	0.749242	0.156078	0.0329752	0.0871891	0.343251	0.214553	0.779981	0.176076	0.406929	0.396247	0.662971	0.489355	0.268712	0.617111	99.477	0.0996285	0.0178392	0.0450204
2132.59	0.00833333	0.957178	0.724056	0.535044	0.0893455	0.904487	0.340329	0.333065	0.897812	0.841591	0.759753	0.630717	0.472408	0.54235	0.395174	0.497317	0.0997354	99.1806	0.0989498	0.0287586	0.0198226
2132.63	0.00833333	0.949852	0.381731	0.141071	0.742623	0.633025	0.63381	0.316269	0.612073	0.709969	0.980943	0.251988	0.791531	0.0810751	0.019528	0.395644	0.357678	100.238	0.0997155	0.0271333	0.029736
2132.64	0.00833333	0.94855	0.889554	0.445882	0.137409	0.387017	0.392641	0.47172	0.378292	0.768858	0.218872	0.173074	0.698366	0.89099	0.137746	0.186869	0.559341	100.735	0.0990779	0.0245369	0.0364506
2132.67	0.00833333	0.945513	0.705945	0.636526	0.655324	0.51377	0.318891	0.241706	0.00676098	0.314711	0.465855	0.427987	0.150954	0.258699	0.291046	0.156897	0.131255	98.5188	0.0999863	0.02699	0.0321589
2132.74	0.00833333	0.944665	0.707514	0.499094	0.372113	0.303044	0.0569095	0.212334	0.563323	0.452403	0.56112	0.381446	0.345051	0.351636	0.168629	0.232508	0.269297	100.309	0.0992198	0.0293405	0.0162
2132.76	0.00833333	0.948693	0.389858	0.17439	0.505022	0.116862	0.478866	0.277448	0.31015	0.66779	0.907625	0.114567	0.00864303	0.418745	0.723535	0.410564	0.0482812	99.3803	0.0997962	0.0295145	0.00430309
2132.79	0.00833333	0.94392	0.214262	0.0699767	0.420339	0.422609	0.296788	0.42441	0.510519	0.119513	0.497109	0.246713	0.317648	0.495128	0.300687	0.507939	0.33865	100.166	0.0991517	0.0177217	0.0447825
2132.79	0.00833333	0.966661	0.163857	0.551396	0.540701	0.154674	0.51986	0.105167	0.593847	0.802955	0.151846	0.136121	0.391241	0.0532476	0.30924	0.263906	0.269006	99.3872	0.0976733	0.028606	0.0181035
2132.81	0.00833333	0.94984	0.290287	0.895036	0.73746	0.599189	0.194368	0.025935	0.42117	0.822133	0.0278595	0.789778	0.401717	0.536372	0.656244	0.175285	0.613154	100.663	0.0991743	0.0287675	0.0210158
2132.81	0.00833333	0.944372	0.569555	0.332624	0.500799	0.364434	0.670785	0.535416	0.70635	0.441915	0.12059	0.0120062	0.539735	0.0425446	0.515617	0.359618	0.523577	99.734	0.0993439	0.0216756	0.0412135
2132.87	0.00833333	0.951099	0.577455	0.447791	0.462422	0.0711975	0.27703	0.847148	0.14647	0.233117	0.682101	0.428862	0.50982	0.977015	0.11502	0.646178	0.169195	99.5854	0.0997453	0.0267815	0.0301749
2132.88	0.00833333	0.955563	0.419055	0.979603	0.631281	0.405234	0.0372294	0.142071	0.800906	0.309138	0.472018	0.430939	0.173147	0.878984	0.486819	0.538319	0.0144397	101.315	0.0981756	0.0257428	0.0326781
2132.94	0.00833333	0.947194	0.258363	0.628107	0.406461	0.793612	0.540097	0.438982	0.350854	0.756675	0.150225	0.400602	0.718672	0.9438	0.733135	0.134875	0.351873	100.951	0.0991909	0.0287327	0.0225681
2132.99	0.00833333	0.952789	0.401799	0.0670761	0.470501	0.835153	0.685308	0.685981	0.171074	0.249	0.128743	0.831942	0.610652	0.21142	0.349533	0.494414	0.202316	99.5556	0.0980525	0.0292492	0.00737734
2132.99	0.00833333	0.945386	0.14986	0.522328	0.170349	0.304002	0.523085	0.833509	0.287109	0.4383	0.40606	0.672765	0.177633	0.884663	0.374134	0.515498	0.492455	99.6108	0.0996675	0.0284243	0.0253859
2133	0.00833333	0.9659	0.302352	0.154024	0.376841	0.137703	0.744865	0.477228	0.936147	0.358118	0.040371	0.185926	0.825641	0.672703	0.0979935	0.487484	0.172906	99.5621	0.0975353	0.026721	0.0286039
2133.07	0.00833333	0.953524	0.746973	0.335552	0.285898	0.413792	0.599213	0.867548	0.53383	0.70706	0.541633	0.64206	0.0629458	0.221566	0.342676	0.417403	0.0624837	97.8132	0.0993324	0.0289677	0.0217276
2133.13	0.00833333	0.965501	0.48741	0.517447	0.611861	0.107536	0.862055	0.823428	0.942788	0.510267	0.319341	0.620824	0.283124	0.325162	0.425154	0.446217	0.0490429	99.5847	0.0982838	0.0262235	0.030934
2133.16	0.00833333	0.964798	0.568101	0.102633	0.999331	0.796697	0.338005	0.291973	0.338322	0.690206	0.211949	0.892189	0.859851	0.728192	0.548581	0.427139	0.241145	98.1418	0.0992049	0.0289339	0.0170111
2133.17	0.00833333	0.963558	0.481852	0.556281	0.684792	0.487182	0.590474	0.330512	0.537326	0.72447	0.459524	0.351016	0.670335	0.588148	0.500591	0.24565	0.363588	100.292	0.0978246	0.0284473	0.0197184
2133.19	0.00833333	0.953904	0.434876	0.390145	0.6675	0.923676	0.897994	0.709062	0.0186702	0.480413	0.425143	0.675232	0.268412	0.590954	0.752863	0.0981846	0.24453	98.2282	0.0996725	0.0261955	0.0330826
2133.21	0.00833333	0.952286	0.430754	0.408894	0.565445	0.15403	0.900713	0.573227	0.954684	0.516135	0.290212	0.00965759	0.883108	0.912747	0.326629	0.563084	0.606283	98.6907	0.0998882	0.0283684	0.0241717
2133.22	0.00833333	0.951186	0.584004	0.296399	0.787099	0.00430135	0.314766	0.380424	0.394259	0.902114	0.707473	0.513735	0.358898	0.569286	0.286145	0.859345	0.118221	98.3517	0.0997283	0.0297728	0.00033566
2133.22	0.00833333	0.947369	0.647702	0.22024	0.0839386	0.434265	0.40647	0.647934	0.767109	0.082205	0.172676	0.337697	0.251063	0.548975	0.0870796	0.233449	0.858142	100.278	0.0996121	0.0282009	0.0248848
2133.26	0.00833333	0.952696	0.487264	0.196762	0.073165	0.253216	0.394104	0.271647	0.846984	0.403482	0.702358	0.217284	0.154148	0.479379	0.300742	0.034219	0.71447	100.268	0.0997278	0.0281588	0.0254207
