distance	weight	r0	r1	r2	r3	r4	r5	r6	r7	r8	r9	r10	r11	r12	r13	r14	r15	tp	dr1	dr2	dr3
2124.76	0.00833333	0.9482	0.952963	0.320067	0.585513	0.0743799	0.0386362	0.143451	0.303562	0.253467	0.100102	0.491746	0.611355	0.329812	0.244844	0.0712632	0.0197283	99.4123	0.0999848	0.029732	0.0114671
2124.94	0.00833333	0.948827	0.271999	0.207601	0.624979	0.198097	0.037499	0.323014	0.560527	0.144193	0.0974679	0.446784	0.186007	0.445126	0.0303228	0.0750563	0.0222398	97.8475	0.0999859	0.0298541	0.00250617
2124.95	0.00833333	0.947877	0.323477	0.671568	0.196409	0.160016	0.00708623	0.305373	0.331581	0.18334	0.0260994	0.509685	0.240283	0.64704	0.767389	0.0205219	0.028993	98.9851	0.099959	0.0296812	0.0133575
2125.01	0.00833333	0.950231	0.341838	0.671309	0.973661	0.643456	0.341663	0.49512	0.258693	0.142991	0.138085	0.474621	0.10284	0.153785	0.10403	0.0514642	0.0165573	98.1948	0.0999177	0.0298768	0.00707337
2125.06	0.00833333	0.947857	0.351085	0.0432861	0.63436	0.652832	0.204587	0.597369	0.104692	0.148883	0.111578	0.636467	0.748857	0.133134	0.471244	0.0527551	0.00613218	97.9249	0.0998995	0.0298755	0.00195201
2125.27	0.00833333	0.944285	0.282536	0.0748408	0.245219	0.380431	0.0681914	0.91318	0.0121696	0.0170066	0.0609631	0.192012	0.611437	0.737089	0.256968	0.0919352	0.0189868	99.2527	0.0999948	0.029918	0.0064728
2125.28	0.00833333	0.947994	0.78905	0.363216	0.243402	0.638882	0.0341997	0.296751	0.615797	0.584955	0.0385107	0.305971	0.195535	0.446323	0.240693	0.0495294	0.0462837	98.7635	0.0998977	0.0297896	0.00806165
2125.29	0.00833333	0.945426	0.326967	0.674425	0.0208157	0.816295	0.0569695	0.290448	0.569958	0.057306	0.0260032	0.26693	0.978004	0.695801	0.125143	0.0142364	0.00384215	99.3109	0.099936	0.029798	0.00722011
2125.3	0.00833333	0.946835	0.51376	0.478426	0.521572	0.502368	0.0559287	0.401033	0.15728	0.0740717	0.12989	0.806975	0.0298111	0.470853	0.618858	0.0428076	0.0137332	99.4055	0.0999792	0.0297902	0.00988596
2125.32	0.00833333	0.94821	0.657656	0.907303	0.994711	0.5183	0.17452	0.351589	0.898221	0.15605	0.109281	0.302565	0.846934	0.470704	0.0414558	0.0391527	0.00784822	98.7587	0.0998313	0.0297607	0.00987738
2125.33	0.00833333	0.946844	0.0034005	0.286478	0.232809	0.50097	0.187616	0.145082	0.201653	0.194268	0.0292272	0.779703	0.48257	0.597599	0.225998	0.00302028	0.00947322	99.4278	0.0998429	0.0298034	0.00977809
2125.34	0.00833333	0.948834	0.631024	0.0799368	0.375881	0.148151	0.171096	0.480864	0.614592	0.468236	0.146225	0.566817	0.0169939	0.00759745	0.145222	0.00993075	0.022836	98.3864	0.0999742	0.0298555	0.00433221
2125.34	0.00833333	0.947584	0.649554	0.220165	0.97372	0.412082	0.207366	0.454342	0.46724	0.506114	0.0330128	0.114263	0.876634	0.408591	0.341482	0.0522648	0.0102469	97.8993	0.0999913	0.0298479	0.00214372
2125.34	0.00833333	0.950185	0.390023	0.560037	0.678293	0.516078	0.0606842	0.272916	0.29615	0.614761	0.201251	0.442863	0.77157	0.110693	0.109052	0.0245116	0.0366725	98.1337	0.0999505	0.0298633	0.00878953
2125.35	0.00833333	0.950963	0.835059	0.963063	0.937853	0.129585	0.0838516	0.536109	0.970848	0.105586	0.0360674	0.0548985	0.0643754	0.117215	0.00677344	0.0227358	0.0654692	98.7735	0.099647	0.0296027	0.0131753
2125.37	0.00833333	0.946204	0.40492	0.688316	0.401901	0.0334612	0.0351615	0.596673	0.565807	0.1433	0.0653405	0.256806	0.289426	0.0747308	0.588138	0.0148245	0.012219	97.759	0.0998746	0.0299316	0.000507917
2125.37	0.00833333	0.945693	0.362971	0.626533	0.30976	0.213756	0.0391329	0.34851	0.683813	0.315489	0.0696355	0.225838	0.508217	0.729759	0.13909	0.0905656	0.0179848	97.6774	0.0999962	0.0298967	0.00100768
2125.37	0.00833333	0.948606	0.476578	0.38577	0.638902	0.122247	0.0820362	0.625926	0.65316	0.31208	0.137356	0.28741	0.599933	0.492696	0.176567	0.0542191	0.00223416	97.6802	0.0998683	0.0299013	0.00828802
2125.37	0.00833333	0.949807	0.510529	0.280539	0.384351	0.158175	0.223663	0.607215	0.61061	0.00267514	0.0692976	0.472355	0.373119	0.0493234	0.128312	0.0512238	0.0418315	98.8138	0.0998924	0.0295953	0.013263
2125.38	0.00833333	0.952256	0.204301	0.106298	0.0106584	0.443727	0.103195	0.1191	0.0966858	0.303253	0.236451	0.283843	0.421749	0.237819	0.183753	0.084957	0.0201612	97.5256	0.0999195	0.0297313	0.0119002
2125.38	0.00833333	0.94875	0.0386401	0.286425	0.879872	0.459496	0.0581118	0.400371	0.0510453	0.176365	0.0510287	0.461738	0.147168	0.879639	0.319122	0.0684695	0.043965	98.3969	0.099955	0.0299371	0.0071244
2125.39	0.00833333	0.948241	0.423276	0.318843	0.533235	0.302842	0.0702694	0.549577	0.0677451	0.0324655	0.0784975	0.790918	0.184799	0.620863	0.0614533	0.076294	0.00305044	98.2589	0.0998599	0.0298574	0.000455837
2125.39	0.00833333	0.941944	0.492879	0.211305	0.195575	0.606713	0.079735	0.143833	0.384164	0.302842	0.1306	0.0968836	0.623397	0.594655	0.0426376	0.0778474	0.0894505	98.6877	0.0999518	0.0298435	0.000250726
2125.4	0.00833333	0.946185	0.790308	0.476441	0.919727	0.636308	0.024196	0.384917	0.344393	0.483978	0.0718306	0.416325	0.28714	0.280955	0.194989	0.0651774	0.00822202	99.1434	0.0999842	0.0297819	0.0116764
2125.41	0.00833333	0.946898	0.750696	0.315419	0.0447069	0.457423	0.00489217	0.659106	0.726614	0.366746	0.0245029	0.555102	0.284141	0.416005	0.127689	0.0727973	0.0692618	99.1273	0.0998763	0.0297495	0.00881074
2125.43	0.00833333	0.951693	0.658116	0.123208	0.797287	0.327689	0.0035881	0.129781	0.499713	0.137206	0.2166	0.561486	0.970585	0.0341017	0.00922838	0.0795962	0.0665855	97.9526	0.0999456	0.0297141	0.0137618
2125.44	0.00833333	0.94711	0.264366	0.088469	0.647503	0.635934	0.325295	0.827477	0.291693	0.0966676	0.046639	0.394516	0.356715	0.642159	0.098981	0.0263196	0.0134211	97.9411	0.0999464	0.0299003	0.00371505
2125.44	0.00833333	0.946404	0.395954	0.140958	0.211762	0.267888	0.190251	0.978488	0.58765	0.305271	0.00343175	0.920113	0.372685	0.522825	0.222676	0.135556	0.00237303	98.5181	0.0998581	0.0298568	0.00730338
2125.44	0.00833333	0.949507	0.0779832	0.0555534	0.0031215	0.196563	0.233593	0.952547	0.470535	0.252025	0.11179	0.819395	0.411502	0.302636	0.00254848	0.0536421	0.077111	99.086	0.0998994	0.0295509	0.0140722
2125.44	0.00833333	0.942643	0.461341	0.733886	0.121882	0.168163	0.0869663	0.33298	0.634564	0.322128	0.130822	0.343563	0.36641	0.432067	0.168243	0.0896848	0.104499	98.9665	0.0999716	0.0299066	0.00431753
2125.45	0.00833333	0.943089	0.132201	0.688816	0.460118	0.138704	0.239688	0.229734	0.183448	0.454652	0.0121739	0.178728	0.796058	0.706405	0.352974	0.101536	0.0512242	99.0956	0.099997	0.0298866	0.00750816
2125.45	0.00833333	0.950881	0.586662	0.0202922	0.648591	0.471284	0.346385	0.649364	0.204276	0.165436	0.0686648	0.819109	0.375446	0.470476	0.431508	0.0109734	0.0406888	98.9542	0.0998595	0.0293783	0.0163211
2125.46	0.00833333	0.943395	0.12373	0.384051	0.384674	0.98636	0.000351219	0.538791	0.70679	0.751416	0.0100487	0.346245	0.497542	0.266484	0.14816	0.0158192	0.0215715	98.7797	0.0999778	0.0299168	0.0040004
2125.46	0.00833333	0.951571	0.686002	0.465118	0.298343	0.61289	0.00387585	0.21228	0.18689	0.166111	0.0151363	0.550495	0.78769	0.0190284	0.129732	0.0402914	0.0607978	98.2507	0.0999114	0.0298103	0.00808358
2125.47	0.00833333	0.953165	0.295982	0.393037	0.875204	0.206304	0.154347	0.12175	0.113283	0.28431	0.305442	0.178263	0.431047	0.0737598	0.072734	0.0207522	0.0304965	98.4268	0.0998564	0.029723	0.0117396
2125.47	0.00833333	0.951455	0.450023	0.340369	0.0106939	0.302563	0.099543	0.0602158	0.514399	0.117301	0.177494	0.93813	0.491229	0.0869859	0.12233	0.0140572	0.00271518	99.3521	0.0998381	0.0294551	0.0152977
2125.47	0.00833333	0.946412	0.125365	0.576785	0.439379	0.255012	0.243537	0.575303	0.108553	0.0648122	0.143039	0.537135	0.685881	0.239985	0.109211	0.00723165	0.038523	99.0288	0.0999494	0.0298096	0.0079332
2125.48	0.00833333	0.945425	0.826274	0.158753	0.978214	0.528333	0.123899	0.066827	0.544192	0.169927	0.00743563	0.904911	0.239452	0.850045	0.0273982	0.0889675	0.0929102	99.2777	0.0998742	0.0298248	0.00391695
2125.48	0.00833333	0.949533	0.535019	0.108346	0.405894	0.235699	0.409689	0.260316	0.882563	0.408891	0.000840075	0.833164	0.60453	0.768671	0.279749	0.0629002	0.0174168	99.0298	0.0997477	0.0295478	0.014116
2125.48	0.00833333	0.940068	0.929713	0.439215	0.266417	0.324198	0.0114365	0.469103	0.877603	0.0439159	0.0266038	0.717629	0.597784	0.425352	0.110607	0.0221572	0.134234	98.934	0.0999271	0.0299879	0.000358752
2125.48	0.00833333	0.943237	0.750031	0.552367	0.808805	0.872285	0.0181539	0.210774	0.767918	0.383112	0.145105	0.17898	0.567117	0.761224	0.207857	0.0582181	0.0847691	98.9708	0.0999747	0.0298976	0.00376106
2125.48	0.00833333	0.947729	0.0339944	0.104278	0.450764	0.647392	0.0988053	0.367834	0.69538	0.343661	0.00112009	0.538454	0.676355	0.750116	0.35518	0.0220984	0.03801	98.4057	0.099985	0.0298922	0.00415573
2125.49	0.00833333	0.945208	0.176106	0.328592	0.565432	0.483919	0.0832909	0.253167	0.360408	0.220129	0.0595867	0.620659	0.448203	0.510237	0.426412	0.0861936	0.0295613	98.7983	0.0998567	0.0298356	0.00412921
2125.49	0.00833333	0.945173	0.867311	0.263205	0.285116	0.265328	0.100321	0.358957	0.447818	0.177403	0.130033	0.475265	0.0726841	0.19009	0.296602	0.00339882	0.0837694	98.7082	0.0999752	0.0298271	0.00569644
2125.49	0.00833333	0.947313	0.109496	0.158575	0.568285	0.492963	0.223559	0.875633	0.617558	0.316443	0.1691	0.67333	0.347201	0.795959	0.0781925	0.0684067	0.0149494	99.3409	0.0999904	0.0296563	0.0150555
2125.5	0.00833333	0.947608	0.559323	0.102059	0.0896297	0.70661	0.215521	0.401854	0.516992	0.563703	0.0741971	0.990365	0.0583439	0.267011	0.312538	0.0274963	0.0415832	98.9035	0.0999425	0.0296803	0.0105101
2125.51	0.00833333	0.946515	0.594053	0.375239	0.670996	0.35932	0.259049	0.563467	0.30269	0.113511	0.0697938	0.11519	0.417359	0.853187	0.520214	0.0603856	0.0460048	98.2941	0.0999809	0.0299517	0.00447338
2125.51	0.00833333	0.946847	0.924014	0.523179	0.486246	0.107004	0.412446	0.362801	0.785565	0.212372	0.0987836	0.69086	0.635824	0.471459	0.18042	0.0300464	0.0177201	99.2574	0.0999951	0.0298135	0.00840016
2125.51	0.00833333	0.943679	0.326044	0.248508	0.193162	0.715128	0.0122857	0.681347	0.496674	0.0623233	0.0356766	0.00258528	0.964515	0.024345	0.308413	0.120355	0.0136437	98.7672	0.0999453	0.0299094	0.00340612
2125.51	0.00833333	0.947997	0.0665903	0.521403	0.1245	0.348261	0.201864	0.652027	0.2974	0.0683765	0.0339333	0.474918	0.498164	0.386554	0.165021	0.0712172	0.0230166	98.8502	0.099915	0.0297273	0.00865064
2125.52	0.00833333	0.948909	0.137725	0.392111	0.791837	0.164334	0.0425898	0.354774	0.164275	0.316331	0.11305	0.468021	0.170813	0.630889	0.252715	0.159028	0.0291199	98.7608	0.0998888	0.0296654	0.0133348
2125.52	0.00833333	0.942177	0.730435	0.0222154	0.114959	0.491069	0.345484	0.0972735	0.209373	0.107088	0.0416293	0.695821	0.990169	0.204451	0.435737	0.0995849	0.0443421	99.4182	0.0999118	0.0298712	0.000455556
2125.53	0.00833333	0.952531	0.694122	0.151847	0.611376	0.369299	0.252729	0.0440113	0.327307	0.121637	0.106772	0.582842	0.337397	0.160033	0.0334611	0.03026	0.0491475	97.831	0.099799	0.0297588	0.00797041
2125.53	0.00833333	0.952276	0.617749	0.934683	0.50326	0.497311	0.219141	0.0229662	0.0256434	0.310859	0.0102662	0.142375	0.102471	0.193745	0.0445014	0.0664825	0.0294961	97.8168	0.0999246	0.0297213	0.012237
2125.53	0.00833333	0.948193	0.639612	0.0677193	0.684234	0.14094	0.101205	0.231799	0.575338	0.46524	0.116724	0.97969	0.93125	0.747304	0.0134035	0.0178066	0.0208557	99.411	0.0997477	0.0298121	0.00694784
2125.54	0.00833333	0.947513	0.166845	0.116793	0.746934	0.0401539	0.0723332	0.537554	0.300078	0.0748322	0.205354	0.0681987	0.437826	0.185067	0.0576687	0.149209	0.0329017	98.8141	0.0999183	0.0297629	0.0129049
2125.55	0.00833333	0.946939	0.352248	0.379108	0.856258	0.266593	0.0302411	0.781284	0.430388	0.268564	0.062902	0.495223	0.484882	0.431268	0.410592	0.00831629	0.0715361	98.9244	0.0998854	0.0297619	0.00837867
2125.55	0.00833333	0.946289	0.0880193	0.267063	0.796831	0.75165	0.0466164	0.963434	0.216684	0.133687	0.0163683	0.41803	0.579242	0.281837	0.0684584	0.049838	0.00960112	99.1912	0.0998431	0.0298426	0.00737554
2125.56	0.00833333	0.948217	0.34415	0.600616	0.998702	0.643179	0.0410966	0.64285	0.792364	0.0375082	0.180325	0.626412	0.792462	0.0297283	0.169839	0.0515041	0.0203801	98.9282	0.0998096	0.029697	0.0116513
2125.56	0.00833333	0.946748	0.843189	0.140117	0.25971	0.929467	0.283509	0.451364	0.0240152	0.120019	0.1371	0.70754	0.697345	0.82647	0.0100981	0.0296961	0.0230476	99.2716	0.0998395	0.029796	0.00976537
2125.56	0.00833333	0.949492	0.55216	0.0607112	0.0621647	0.297058	0.229259	0.165932	0.937851	0.544357	0.0742862	0.67891	0.359228	0.0731527	0.174199	0.0682961	0.00385426	98.1761	0.0999696	0.0298323	0.0095975
2125.56	0.00833333	0.944822	0.529706	0.107501	0.658631	0.0704862	0.3045	0.35782	0.731725	0.198567	0.116122	0.667686	0.583278	0.352246	0.212656	0.102369	0.014702	98.9512	0.0997094	0.0298227	0.00407725
2125.57	0.00833333	0.943382	0.255435	0.179773	0.251947	0.199138	0.21925	0.976571	0.175679	0.198206	0.135143	0.215175	0.514883	0.664584	0.236974	0.0311109	0.000802349	98.7818	0.0999694	0.029891	0.00286725
2125.57	0.00833333	0.952298	0.534218	0.357063	0.173902	0.357131	0.112342	0.0141349	0.205967	0.292375	0.158518	0.0846139	0.988648	0.493261	0.349187	0.0344719	0.0225321	98.3122	0.0999328	0.0297575	0.00860055
2125.58	0.00833333	0.948001	0.233169	0.197694	0.744332	0.219877	0.193119	0.612273	0.0561122	0.134655	0.123487	0.113274	0.478827	0.254382	0.487732	0.0888257	0.06609	98.716	0.0998933	0.0297071	0.00893804
2125.58	0.00833333	0.941582	0.918207	0.143555	0.918202	0.551934	0.00127553	0.544012	0.584468	0.252828	0.0397904	0.764677	0.257686	0.259091	0.151515	0.028974	0.10164	99.4216	0.09994	0.0299713	0.00314002
2125.58	0.00833333	0.952214	0.0554417	0.649912	0.607482	0.0685112	0.0743887	0.756599	0.948296	0.392546	0.0764826	0.0781448	0.627992	0.483644	0.31272	0.219302	0.0284574	97.7693	0.099909	0.0297077	0.0132309
2125.58	0.00833333	0.94549	0.360637	0.281576	0.937044	0.111413	0.283027	0.711019	0.50152	0.142612	0.123666	0.45736	0.382822	0.310274	0.320328	0.0907625	0.0566876	98.8506	0.099952	0.0297824	0.00753136
2125.58	0.00833333	0.946666	0.794594	0.485177	0.0493422	0.106232	0.32728	0.824225	0.571657	0.0466879	0.0470868	0.998128	0.363726	0.68885	0.446542	0.0522719	0.0579773	98.5205	0.0999565	0.029704	0.0131193
2125.59	0.00833333	0.951862	0.334821	0.0296724	0.610429	0.589965	0.208124	0.684612	0.0741717	0.279759	0.0238232	0.586735	0.404852	0.286971	0.767241	0.0878507	0.028682	98.0358	0.0999511	0.029755	0.00982119
2125.6	0.00833333	0.9482	0.668597	0.425068	0.943849	0.405119	0.172884	0.910437	0.585641	0.222856	0.065921	0.306987	0.111384	0.727855	0.199023	0.0324612	0.012121	98.3733	0.0999052	0.0299249	0.00716848
2125.6	0.00833333	0.944666	0.192748	0.264595	0.362874	0.432869	0.174173	0.626364	0.071241	0.328569	0.0268083	0.447926	0.619002	0.779849	0.451347	0.0104187	0.0304141	99.1737	0.0999957	0.0299018	0.00901102
2125.6	0.00833333	0.947735	0.550103	0.236163	0.0324023	0.39751	0.282427	0.589749	0.271933	0.307596	0.103271	0.442875	0.60871	0.334255	0.486128	0.0447148	0.00311902	99.4859	0.0998633	0.0297263	0.0110102
2125.61	0.00833333	0.948436	0.753858	0.638544	0.328668	0.791108	0.187328	0.599141	0.685713	0.396805	0.0119158	0.10455	0.228142	0.784718	0.0926163	0.0601202	0.0828809	98.67	0.0999938	0.0295693	0.0156399
2125.61	0.00833333	0.947058	0.988645	0.529597	0.37628	0.0948191	0.162655	0.697018	0.374051	0.15166	0.0227121	0.485731	0.367742	0.336953	0.285968	0.0700916	0.0402946	98.5387	0.0999911	0.0296612	0.0118966
2125.61	0.00833333	0.945647	0.641121	0.422684	0.597692	0.15787	0.073399	0.585075	0.79236	0.352771	0.0519292	0.893155	0.305438	0.504242	0.399034	0.0682101	0.130933	99.3524	0.0998367	0.0298096	0.00455434
2125.62	0.00833333	0.943147	0.584311	0.36421	0.186293	0.365434	0.152462	0.939771	0.901862	0.23244	0.0407332	0.213484	0.0171292	0.19263	0.731001	0.137338	0.069681	98.9305	0.09995	0.0299281	0.00723589
2125.62	0.00833333	0.948553	0.854382	0.698195	0.876547	0.513581	0.08136	0.0756755	0.249936	0.267021	0.127328	0.830826	0.396753	0.126221	0.0984377	0.0636546	0.0422349	98.6199	0.0999543	0.0296842	0.0108441
2125.62	0.00833333	0.949736	0.569968	0.660664	0.281374	0.537418	0.0463397	0.820014	0.847038	0.0584583	0.0704006	0.520786	0.866856	0.118808	0.324983	0.192085	0.0137547	97.7027	0.0999977	0.029835	0.00786641
2125.62	0.00833333	0.949354	0.935346	0.119965	0.417815	0.250378	0.1923	0.401702	0.498096	0.0831961	0.0418247	0.402162	0.386732	0.679775	0.208698	0.0035984	0.0338353	98.0199	0.0999316	0.0298649	0.0078874
2125.63	0.00833333	0.948269	0.547764	0.416602	0.654904	0.398292	0.159406	0.743321	0.845434	0.307531	0.234531	0.16333	0.0780342	0.0326073	0.101216	0.03905	0.0461951	99.2135	0.0998663	0.0297399	0.00996036
2125.64	0.00833333	0.947091	0.206625	0.360602	0.112679	0.589274	0.166331	0.265868	0.708933	0.217868	0.0150353	0.660136	0.366968	0.646024	0.113033	0.138355	0.00415059	98.6009	0.0999368	0.0295718	0.0155309
2125.64	0.00833333	0.945944	0.434567	0.624202	0.784992	0.102832	0.239275	0.289292	0.740089	0.0424176	0.107792	0.888031	0.595364	0.378233	0.0949645	0.176867	0.0141033	98.9123	0.0998697	0.0297709	0.00880431
2125.64	0.00833333	0.94508	0.516535	0.269031	0.485792	0.189735	0.0403276	0.420705	0.313826	0.186765	0.0494887	0.727946	0.356681	0.8304	0.158142	0.045609	0.0923031	99.2853	0.099926	0.0298386	0.0106056
2125.64	0.00833333	0.94377	0.673535	0.718664	0.711756	0.731724	0.151329	0.196533	0.328467	0.47152	0.301935	0.463373	0.375864	0.219752	0.408015	0.042859	0.0860343	98.7156	0.0999805	0.0299355	0.00749749
2125.64	0.00833333	0.944035	0.305091	0.438133	0.739209	0.352189	0.362337	0.394014	0.589522	0.0560852	0.0191811	0.329985	0.421092	0.476508	0.785391	0.0419661	0.0393708	98.7969	0.0999391	0.0298765	0.00659993
2125.64	0.00833333	0.946728	0.580773	0.246872	0.590556	0.317028	0.388125	0.836116	0.954087	0.204742	0.0276092	0.251754	0.599665	0.250521	0.324322	0.0383495	0.000594448	97.9112	0.0999002	0.02991	0.00124347
2125.65	0.00833333	0.950917	0.556783	0.296435	0.0942664	0.501773	0.0493441	0.168798	0.296965	0.0013973	0.0713109	0.224125	0.448688	0.447131	0.451937	0.137194	0.0605964	98.7382	0.0997744	0.0294999	0.013837
2125.65	0.00833333	0.948668	0.928973	0.788685	0.432563	0.283166	0.361436	0.271861	0.445903	0.261847	0.0193935	0.000434803	0.689804	0.0182037	0.223492	0.0119312	0.00088213	99.3509	0.0999779	0.0295714	0.0136239
2125.65	0.00833333	0.945548	0.317839	0.0583948	0.753445	0.033264	0.0463228	0.581351	0.0266004	0.150854	0.0897771	0.791254	0.356398	0.0836686	0.23111	0.0508779	0.00277504	99.4581	0.099956	0.0298253	0.0128952
2125.66	0.00833333	0.944779	0.382086	0.655835	0.215514	0.410022	0.291397	0.515809	0.913946	0.321098	0.0317151	0.644987	0.00789696	0.375253	0.0187509	0.0464777	0.0780998	99.0245	0.0999324	0.0298695	0.00687137
2125.66	0.00833333	0.947677	0.39283	0.180292	0.655858	0.351509	0.328941	0.472429	0.323783	0.392716	0.102018	0.838901	0.637715	0.234291	0.195161	0.0378159	0.0250742	99.1641	0.0998494	0.0297123	0.0124406
2125.66	0.00833333	0.951671	0.3868	0.248055	0.560328	0.201161	0.0997639	0.443563	0.671296	0.509047	0.0218495	0.0965091	0.376475	0.535469	0.510376	0.0213637	0.053526	97.5884	0.0998449	0.0297601	0.00697787
2125.66	0.00833333	0.945524	0.422991	0.0362465	0.594318	0.634141	0.313405	0.438042	0.107439	0.0756902	0.169962	0.273168	0.540653	0.116758	0.503548	0.074603	0.0602099	98.9447	0.0998899	0.0298229	0.00825517
2125.67	0.00833333	0.945073	0.788097	0.314043	0.0961463	0.261246	0.128279	0.0197172	0.23708	0.0355632	0.0418015	0.752322	0.219994	0.218727	0.509584	0.0027504	0.111464	98.5055	0.0999606	0.0299184	0.00760136
2125.67	0.00833333	0.948189	0.954809	0.263296	0.367635	0.514579	0.321724	0.849259	0.487672	0.393244	0.0651502	0.269508	0.745853	0.250323	0.479487	0.051206	0.104336	98.548	0.0998146	0.029704	0.0121069
2125.67	0.00833333	0.948069	0.235817	0.422299	0.839064	0.28283	0.335752	0.658708	0.25227	0.202811	0.0670553	0.456575	0.902266	0.685598	0.604381	0.0701951	0.0423242	97.7619	0.0999184	0.0299121	0.0029477
2125.67	0.00833333	0.95063	0.114329	0.689784	0.807907	0.610554	0.065587	0.296763	0.0888744	0.0735364	0.254781	0.545962	0.41421	0.30429	0.0466261	0.102551	0.0446737	98.0052	0.0999153	0.0298414	0.0108013
2125.67	0.00833333	0.943562	0.112411	0.930523	0.335169	0.467232	0.374367	0.30251	0.0772928	0.174925	0.0914641	0.649259	0.715143	0.52555	0.574691	0.11533	0.0228137	98.5444	0.0999777	0.0298303	0.00489706
2125.67	0.00833333	0.942447	0.632332	0.71733	0.2254	0.641336	0.217627	0.290924	0.287652	0.238124	0.153906	0.658916	0.466111	0.380443	0.165687	0.0597155	0.0523725	99.4366	0.0998174	0.0298401	0.000989026
2125.68	0.00833333	0.95055	0.210459	0.623334	0.518672	0.444107	0.105626	0.831639	0.462982	0.0511842	0.0210715	0.78459	0.607506	0.535866	0.444759	0.0618514	0.143358	97.7755	0.0999902	0.0297939	0.0081943
2125.68	0.00833333	0.948139	0.436793	0.39118	0.610758	0.304326	0.560788	0.354831	0.479109	0.361839	0.0861482	0.319455	0.602211	0.834499	0.432565	0.0746165	0.114574	97.9081	0.0999639	0.0298859	0.00466629
2125.68	0.00833333	0.94847	0.957316	0.673591	0.169855	0.156386	0.0838556	0.06488	0.340011	0.193913	0.130939	0.991455	0.528868	0.554302	0.00918469	0.0323068	0.0340482	98.0506	0.0998628	0.0298368	0.00119066
2125.68	0.00833333	0.945561	0.558354	0.0797432	0.95058	0.401154	0.768308	0.381987	0.181773	0.14535	0.152994	0.463623	0.733209	0.288855	0.145323	0.0029119	0.0194702	99.1665	0.0999898	0.0298533	0.0106175
2125.69	0.00833333	0.952716	0.157925	0.113766	0.677581	0.13954	0.00724653	0.214728	0.655702	0.343818	0.36101	0.14346	0.705129	0.290707	0.0121146	0.0956314	0.0446142	97.6814	0.099961	0.0297865	0.0108573
2125.69	0.00833333	0.950886	0.982158	0.250363	0.143172	0.336539	0.234067	0.176172	0.27941	0.448011	0.0440317	0.777883	0.222685	0.381325	0.0535444	0.0573485	0.039349	98.1774	0.0997307	0.0298419	0.0076473
2125.69	0.00833333	0.948577	0.644646	0.741854	0.249893	0.212928	0.278044	0.0360508	0.206879	0.570936	0.109455	0.360114	0.20392	0.433235	0.0196644	0.0914654	0.0417744	99.212	0.0999863	0.0296503	0.0122275
2125.69	0.00833333	0.946388	0.514695	0.266395	0.496999	0.7217	0.210032	0.514613	0.353378	0.462449	0.147376	0.483394	0.506779	0.250745	0.0347474	0.003645	0.117919	99.475	0.099946	0.0298351	0.00899589
2125.69	0.00833333	0.944111	0.504228	0.139916	0.763984	0.133516	0.203222	0.473849	0.539912	0.115568	0.100197	0.817597	0.772019	0.373063	0.300693	0.0395557	0.0747806	99.4361	0.0999585	0.0298546	0.00793631
2125.7	0.00833333	0.94383	0.885761	0.4405	0.279232	0.215377	0.1392	0.461124	0.768441	0.692581	0.176625	0.36114	0.187063	0.472466	0.095572	0.11027	0.00179855	99.3802	0.0998415	0.0298591	0.00475746
2125.7	0.00833333	0.949648	0.318829	0.191297	0.548023	0.2763	0.0800798	0.346787	0.20633	0.361523	0.0539421	0.638093	0.828574	0.489893	0.521032	0.0413052	0.0353113	98.9033	0.099907	0.0296496	0.013727
2125.7	0.00833333	0.944516	0.725233	0.292751	0.757323	0.518432	0.0277999	0.4794	0.578783	0.0917146	0.173514	0.535673	0.348642	0.520712	0.22084	0.15087	0.0426885	99.4376	0.0998863	0.0297891	0.00438497
2125.7	0.00833333	0.950458	0.321285	0.228285	0.854308	0.237428	0.436089	0.358428	0.831104	0.488967	0.0438286	0.785723	0.418816	0.333586	0.367859	0.00260416	0.0300083	97.7255	0.0999837	0.0298969	0.00993599
2125.7	0.00833333	0.946936	0.168757	0.178313	0.70421	0.725757	0.574243	0.999502	0.778677	0.540895	0.0359588	0.914815	0.162848	0.447103	0.183379	0.00176615	0.0498253	98.5029	0.0999956	0.0297611	0.0118108
2125.7	0.00833333	0.950196	0.288845	0.704642	0.206901	0.317802	0.15974	0.00690581	0.834176	0.246807	0.199274	0.217076	0.61416	0.562781	0.124623	0.0691267	0.0109369	98.3475	0.0999547	0.0297886	0.0100497
2125.7	0.00833333	0.943273	0.0156446	0.109359	0.638125	0.41469	0.200306	0.639895	0.340836	0.111168	0.0165482	0.472261	0.509353	0.0529738	0.00664235	0.125822	0.049884	99.0924	0.1	0.0299168	0.00276989
2125.7	0.00833333	0.953328	0.718028	0.651443	0.129313	0.523954	0.240739	0.489351	0.355012	0.0605313	0.111259	0.482822	0.714364	0.211705	0.0950761	0.0216354	0.0819744	98.1859	0.0999896	0.0296389	0.0139389
2125.7	0.00833333	0.945767	0.692444	0.298318	0.887857	0.117282	0.211283	0.0122087	0.181964	0.0703299	0.204174	0.587996	0.663562	0.113572	0.20412	0.154453	0.0317377	98.7712	0.099841	0.0298543	0.00860993
2125.7	0.00833333	0.947022	0.74697	0.246229	0.388408	0.353768	0.136909	0.547774	0.449288	0.644581	0.0950228	0.324867	0.449026	0.379425	0.104224	0.109381	0.0313488	98.7275	0.0998327	0.0298148	0.0102771
2125.71	0.00833333	0.943166	0.602797	0.158312	0.709234	0.354166	0.239361	0.750837	0.0831274	0.260682	0.022208	0.185098	0.713718	0.445911	0.258534	0.00418718	0.00541949	99.1071	0.0998805	0.0299268	0.0074701
