distance	weight	r0	r1	r2	r3	r4	r5	r6	r7	r8	r9	r10	r11	r12	r13	r14	r15	tp	dr1	dr2	dr3
2124.71	0.00833333	0.943591	0.480527	0.90142	0.434126	0.169625	0.139643	0.314266	0.601955	0.24407	0.0820328	0.785026	0.18321	0.0964623	0.102633	0.00421956	0.0719122	98.6128	0.0999967	0.0298958	0.00462832
2124.8	0.00833333	0.948944	0.814676	0.387867	0.289385	0.195144	0.463993	0.0817098	0.765575	0.301127	0.0654772	0.495826	0.955824	0.230993	0.169826	0.0167164	0.0314621	98.5803	0.0999205	0.0296929	0.0113662
2125.02	0.00833333	0.946273	0.658794	0.257066	0.230263	0.227029	0.0276364	0.288346	0.411991	0.477493	0.0339876	0.665933	0.117468	0.368277	0.0488489	0.0165891	0.0324355	99.2061	0.0999621	0.0298653	0.00927087
2125.03	0.00833333	0.944724	0.151957	0.41017	0.697537	0.40374	0.0281712	0.526036	0.34364	0.272991	0.0105895	0.520076	0.0805308	0.389845	0.0807284	0.0568374	0.00314838	98.847	0.0999949	0.0298668	0.00463847
2125.07	0.00833333	0.943841	0.242332	0.0421687	0.518348	0.038908	0.350513	0.59486	0.486387	0.253323	0.0152596	0.586826	0.0645148	0.540223	0.486809	0.155375	0.0175306	99.2603	0.0999888	0.0299129	0.00514425
2125.07	0.00833333	0.951363	0.233762	0.183372	0.605275	0.253766	0.255537	0.698032	0.733664	0.344208	0.00917266	0.121649	0.132335	0.432044	0.033663	0.0878894	0.0546228	97.7876	0.0998909	0.0298378	0.00880721
2125.1	0.00833333	0.946964	0.461062	0.618013	0.00701647	0.0135339	0.135381	0.172598	0.169354	0.291029	0.00199282	0.771043	0.463413	0.762342	0.774756	0.0761805	0.0514416	98.8283	0.0999639	0.0297606	0.0113405
2125.1	0.00833333	0.945192	0.854833	0.032625	0.28302	0.408671	0.118865	0.118272	0.305455	0.45766	0.136206	0.671811	0.00864995	0.20281	0.423654	0.00317736	0.016106	98.5819	0.0999842	0.0298655	0.00808256
2125.1	0.00833333	0.946303	0.170141	0.0497164	0.640393	0.660088	0.31712	0.7275	0.462006	0.577029	0.058551	0.921323	0.357382	0.249594	0.116089	0.0836269	0.0433613	99.1424	0.0998721	0.0297933	0.00983493
2125.11	0.00833333	0.941754	0.816081	0.174323	0.550425	0.0713813	0.325532	0.850081	0.835586	0.408392	0.0903346	0.988091	0.0310784	0.665332	0.192777	0.104799	0.0137056	99.0361	0.0999884	0.0298746	0.00124585
2125.11	0.00833333	0.947699	0.703784	0.520231	0.568053	0.045193	0.282968	0.148873	0.528578	0.701901	0.133202	0.495147	0.557157	0.302948	0.15259	0.124768	0.0102404	98.8934	0.0999575	0.0295705	0.015522
2125.11	0.00833333	0.950273	0.847785	0.537875	0.126186	0.0325105	0.276831	0.577737	0.463153	0.108953	0.026081	0.542575	0.035919	0.35119	0.00708761	0.00978913	0.000557441	97.923	0.0998983	0.0297861	0.00434806
2125.18	0.00833333	0.951141	0.613511	0.617382	0.711896	0.326175	0.000986134	0.411192	0.207528	0.273342	0.116081	0.176186	0.773664	0.377979	0.0374502	0.0421102	0.0534999	98.1487	0.0999599	0.0297751	0.0107336
2125.19	0.00833333	0.945717	0.353029	0.0399835	0.429569	0.288374	0.00936899	0.296146	0.442977	0.222327	0.294615	0.398699	0.109374	0.150317	0.162357	0.124915	0.0222286	98.7104	0.0998851	0.0298265	0.00704618
2125.19	0.00833333	0.947462	0.236444	0.332487	0.530797	0.934552	0.101864	0.560129	0.687011	0.106816	0.0414474	0.493704	0.405648	0.61001	0.474129	0.00503596	0.0618997	98.9991	0.0998684	0.0297755	0.0102373
2125.19	0.00833333	0.947795	0.441913	0.171056	0.322437	0.399758	0.0975958	0.565208	0.0177411	0.431412	0.132074	0.594386	0.789817	0.0804539	0.319006	0.0731931	0.013137	98.597	0.0998316	0.0297111	0.00980234
2125.19	0.00833333	0.949886	0.619741	0.435824	0.54161	0.25953	0.13199	0.407971	0.222797	0.160925	0.0387497	0.0139219	0.49328	0.207208	0.0885106	0.00779344	0.00703739	97.6496	0.0999121	0.0299008	0.00821792
2125.2	0.00833333	0.94567	0.390367	0.0446664	0.735411	0.962147	0.120976	0.674505	0.599047	0.239958	0.0404988	0.328608	0.318106	0.395578	0.0725463	0.00546206	0.00897218	99.0198	0.0999246	0.0297903	0.00736165
2125.21	0.00833333	0.944839	0.540924	0.138495	0.620837	0.133991	0.0573172	0.874734	0.1164	0.250787	0.084401	0.660245	0.289539	0.533977	0.45929	0.0127995	0.0140709	98.9865	0.099969	0.0298291	0.00667327
2125.21	0.00833333	0.948395	0.588628	0.291793	0.979721	0.0408258	0.24077	0.825213	0.625349	0.0418341	0.135493	0.240282	0.563462	0.202066	0.0628802	0.0513281	0.0231387	98.6672	0.0997809	0.0297453	0.00738809
2125.22	0.00833333	0.94994	0.600226	0.740276	0.706867	0.130421	0.0783819	0.810659	0.253561	0.252522	0.000971884	0.302154	0.729224	0.23162	0.569114	0.0333514	0.016572	99.0965	0.0999509	0.0296153	0.0140959
2125.22	0.00833333	0.94747	0.599453	0.22289	0.55564	0.0247741	0.00206363	0.471743	0.334067	0.0047612	0.147944	0.00833368	0.0682936	0.397405	0.0901294	0.0704769	0.0123881	98.1128	0.0999716	0.0299125	0.00467272
2125.22	0.00833333	0.947197	0.418992	0.445972	0.327791	0.140996	0.0983153	0.164246	0.607609	0.263701	0.022227	0.374238	0.28655	0.526045	0.195454	0.0257707	0.0585341	98.2833	0.0999569	0.0298975	0.00235074
2125.23	0.00833333	0.942133	0.43255	0.849432	0.800062	0.19874	0.0658763	0.191828	0.327382	0.279756	0.00445472	0.483958	0.505575	0.182421	0.0581541	0.139658	0.0364988	99.3293	0.0998959	0.0299335	0.00243033
2125.24	0.00833333	0.951521	0.579791	0.303452	0.0648249	0.192276	0.0456083	0.480921	0.311786	0.204242	0.123088	0.684932	0.327344	0.227305	0.347338	0.0789641	0.0364583	98.6059	0.099867	0.0293655	0.0165159
2125.24	0.00833333	0.949423	0.910748	0.305943	0.548203	0.43709	0.277422	0.491011	0.511734	0.0675984	0.0146616	0.180919	0.00830537	0.744503	0.207703	0.00748406	0.0112893	97.6208	0.0999367	0.029865	0.00546185
2125.24	0.00833333	0.945575	0.367373	0.564557	0.873817	0.561218	0.35774	0.434865	0.431363	0.30068	0.07886	0.399071	0.443903	0.0728221	0.146602	0.00763733	0.063454	99.0945	0.0998762	0.029829	0.00476353
2125.25	0.00833333	0.945166	0.06192	0.299279	0.237613	0.360605	0.117043	0.230515	0.393043	0.139727	0.0566367	0.511573	0.214711	0.0648951	0.0211585	0.0708441	0.0199876	99.1492	0.0997799	0.0298212	0.00494349
2125.25	0.00833333	0.949467	0.0744472	0.376413	0.445237	0.180762	0.0272585	0.204841	0.356299	0.194398	0.0334272	0.759568	0.243841	0.0896121	0.0344726	0.137254	0.0377051	98.0026	0.0999977	0.0298225	0.00681526
2125.25	0.00833333	0.951168	0.119231	0.0510389	0.281119	0.454165	0.100599	0.610708	0.383878	0.15368	0.0252835	0.52712	0.0938265	0.264163	0.166576	0.00484059	0.0160049	97.5536	0.0998815	0.0297968	0.00759485
2125.26	0.00833333	0.942219	0.186	0.0801818	0.929093	0.217312	0.323339	0.896514	0.168953	0.293272	0.0102657	0.554182	0.67571	0.149931	0.120168	0.0963327	0.00179707	98.7678	0.0999036	0.0298827	0.000112876
2125.26	0.00833333	0.945842	0.737445	0.444756	0.5622	0.789414	0.0142818	0.948568	0.399288	0.101493	0.107557	0.180347	0.758134	0.222181	0.131598	0.0518929	0.0593616	98.5307	0.0999903	0.0298326	0.00967016
2125.27	0.00833333	0.943503	0.635579	0.201928	0.970896	0.0352871	0.018265	0.974239	0.913119	0.454574	0.13451	0.238754	0.501062	0.328586	0.197825	0.0522189	0.0345695	98.7444	0.0999647	0.0299243	0.00370183
2125.27	0.00833333	0.947051	0.891064	0.102249	0.424338	0.337649	0.0535167	0.475448	0.34435	0.259362	0.00680086	0.90343	0.218932	0.100701	0.0939908	0.00685721	0.0283276	98.6079	0.0997802	0.0297519	0.00776441
2125.28	0.00833333	0.948272	0.628282	0.26084	0.566554	0.393987	0.0341218	0.16081	0.518629	0.0816567	0.136504	0.725428	0.216204	0.164782	0.113202	0.126269	0.0372832	98.6137	0.0998924	0.0296127	0.0145144
2125.28	0.00833333	0.949324	0.838111	0.493507	0.733851	0.0533684	0.314515	0.564952	0.853388	0.437278	0.0840938	0.037681	0.729637	0.0983084	0.0321386	0.0739539	0.0265737	99.1642	0.0999405	0.0295318	0.0160267
2125.29	0.00833333	0.949185	0.399871	0.163119	0.151799	0.496791	0.231843	0.323889	0.109764	0.347374	0.0208459	0.758156	0.849246	0.427955	0.3156	0.106903	0.0495392	97.772	0.0998567	0.0298582	0.00391231
2125.29	0.00833333	0.947755	0.00975409	0.492656	0.196846	0.689109	0.0286131	0.461429	0.812484	0.00425629	0.0921897	0.180508	0.345956	0.419251	0.368712	0.0148228	0.061552	98.7695	0.0998471	0.0297782	0.0100581
2125.31	0.00833333	0.947553	0.0806919	0.79598	0.67764	0.327796	0.0545757	0.698227	0.781675	0.0210132	0.128764	0.403124	0.279023	0.431767	0.478236	0.0871762	0.040111	98.7071	0.0999626	0.0296925	0.0120117
2125.32	0.00833333	0.947018	0.38178	0.228067	0.574354	0.649851	0.00783235	0.936874	0.281068	0.2484	0.111057	0.42458	0.604196	0.360504	0.0165604	0.0225603	0.0245429	98.8568	0.0998687	0.0298015	0.00605411
2125.32	0.00833333	0.949897	0.912255	0.0295439	0.327984	0.74116	0.0527059	0.765153	0.418716	0.41245	0.00185088	0.953517	0.0168866	0.538177	0.118112	0.116468	0.0774636	99.4508	0.0997649	0.0296787	0.011069
2125.33	0.00833333	0.94778	0.550393	0.485902	0.70024	0.341587	0.0468666	0.722987	0.4129	0.221975	0.0151562	0.735043	0.408665	0.206587	0.389191	0.0573156	0.0409568	98.5909	0.0999383	0.0297041	0.00977991
2125.33	0.00833333	0.944144	0.3061	0.0866865	0.61016	0.0971633	0.117822	0.184421	0.217506	0.0984809	0.122726	0.418623	0.542732	0.645928	0.371613	0.0361707	0.0183544	98.6752	0.0999724	0.0298555	0.00635918
2125.34	0.00833333	0.948656	0.000446662	0.367185	0.594226	0.264284	0.00254093	0.935385	0.634021	0.0948012	0.101317	0.260491	0.384948	0.119584	0.185427	0.167211	0.0560043	98.8323	0.0999658	0.0297153	0.00988321
2125.34	0.00833333	0.947768	0.471379	0.347373	0.888177	0.494933	0.116273	0.454788	0.117752	0.402033	0.0255217	0.506245	0.816254	0.760175	0.287466	0.0574804	0.0817305	98.7235	0.0998206	0.0297454	0.0108787
2125.35	0.00833333	0.950141	0.532587	0.0862578	0.711158	0.271191	0.0762343	0.716519	0.399904	0.170712	0.0014874	0.449525	0.137136	0.687312	0.258412	0.0429597	0.0653105	97.631	0.0999867	0.0298797	0.00563852
2125.35	0.00833333	0.951122	0.676358	0.391893	0.710537	0.49715	0.0451245	0.271321	0.036326	0.151487	0.109049	0.874064	0.755152	0.178136	0.37928	0.0246246	0.0845223	98.2176	0.0999425	0.0298506	0.00846749
2125.35	0.00833333	0.945938	0.315784	0.339746	0.695393	0.455214	0.058575	0.254772	0.184911	0.308856	0.047308	0.20081	0.14538	0.00641429	0.10802	0.150713	0.0689473	98.6367	0.0998825	0.0297683	0.00715592
2125.36	0.00833333	0.949379	0.083058	0.317979	0.190811	0.471116	0.14922	0.857541	0.21019	0.351527	0.0223132	0.533205	0.490642	0.241588	0.71097	0.0887175	0.00194262	97.5361	0.099988	0.0298197	0.0054303
2125.36	0.00833333	0.941276	0.755431	0.456469	0.0591669	0.864278	0.144892	0.631333	0.580646	0.153753	0.139412	0.258258	0.668375	0.227588	0.432837	0.0862866	0.00652256	98.5167	0.0999737	0.0299803	0.00344759
2125.37	0.00833333	0.946652	0.0252075	0.366085	0.167296	0.76185	0.0300625	0.423426	0.768441	0.0852351	0.0915353	0.502134	0.840699	0.448399	0.437166	0.000236453	0.0181562	99.0594	0.09989	0.0297178	0.00446394
2125.37	0.00833333	0.950936	0.786454	0.282245	0.32488	0.228919	0.00952426	0.511134	0.602832	0.772691	0.0106946	0.441438	0.732147	0.124029	0.125594	0.108123	0.00565087	98.1913	0.0999371	0.0298237	0.00624675
2125.37	0.00833333	0.945157	0.075656	0.49278	0.9132	0.807752	0.0192355	0.550137	0.302784	0.163002	0.0178138	0.565814	0.671274	0.431936	0.319814	0.100243	0.00705443	98.9339	0.0999479	0.0297918	0.0075421
2125.37	0.00833333	0.947884	0.3295	0.417159	0.914557	0.669067	0.202087	0.462264	0.695316	0.116804	0.05687	0.411674	0.986329	0.0444659	0.0335297	0.00556671	0.00919591	97.54	0.0999507	0.0299239	0.00569424
2125.37	0.00833333	0.948485	0.766128	0.108179	0.720134	0.40125	0.163165	0.62021	0.20595	0.0688649	0.0712659	0.839199	0.460732	0.496185	0.208424	0.00693003	0.107863	98.8087	0.0999043	0.029725	0.0113724
2125.38	0.00833333	0.946603	0.432667	0.0558446	0.911777	0.434046	0.150215	0.778816	0.634976	0.262446	0.0307943	0.716377	0.678097	0.698685	0.0702639	0.06366	0.0254755	98.9112	0.0999335	0.0297522	0.00918566
2125.38	0.00833333	0.949755	0.231518	0.108002	0.798977	0.440566	0.026791	0.0835076	0.550024	0.393505	0.0700218	0.247254	0.463846	0.563152	0.206181	0.0362806	0.0727857	98.1225	0.0999908	0.0298268	0.00335761
2125.38	0.00833333	0.946484	0.640058	0.220789	0.848381	0.711873	0.00474246	0.0563112	0.613502	0.199928	0.121729	0.351953	0.393823	0.953855	0.0770098	0.080188	0.0441532	98.9056	0.099925	0.0297988	0.0101556
2125.38	0.00833333	0.944892	0.92651	0.581963	0.252505	0.118491	0.368631	0.792728	0.880191	0.175061	0.0698751	0.776393	0.981498	0.350178	0.141277	0.0992169	0.0107913	99.1011	0.099988	0.02983	0.00783455
2125.38	0.00833333	0.951154	0.615444	0.52821	0.807536	0.394325	0.0151849	0.380476	0.446428	0.100686	0.25785	0.23434	0.483957	0.0909946	0.0925881	0.10041	0.000422386	99.3333	0.0996985	0.0295765	0.012504
2125.38	0.00833333	0.947134	0.89753	0.294107	0.965901	0.771258	0.118486	0.497272	0.626082	0.147135	0.0732573	0.453658	0.229072	0.36756	0.265826	0.0440017	0.0192063	98.5	0.0999205	0.0298395	0.00753179
2125.38	0.00833333	0.947058	0.114977	0.0536485	0.08232	0.973046	0.0514318	0.508361	0.774604	0.270646	0.0744822	0.541725	0.872489	0.836068	0.285954	0.0635947	0.0909891	98.4569	0.0998882	0.0298589	7.55559e-05
2125.39	0.00833333	0.94841	0.395871	0.184042	0.164525	0.214744	0.12423	0.470978	0.246021	0.0679798	0.0381808	0.901144	0.741628	0.121977	0.10049	0.0681807	0.0113031	98.4534	0.0999241	0.0299004	0.00564798
2125.39	0.00833333	0.950353	0.832448	0.507015	0.0852273	0.0141146	0.310548	0.543927	0.257042	0.138276	0.0737936	0.704587	0.0389253	0.647468	0.242558	0.000442886	0.0745213	98.3947	0.0999128	0.0297763	0.011363
2125.39	0.00833333	0.944546	0.533624	0.410548	0.0459504	0.46916	0.0800841	0.0923897	0.730244	0.362511	0.102918	0.340564	0.234782	0.152049	0.122835	0.00640454	0.0608486	98.673	0.0998938	0.029806	0.00163435
2125.4	0.00833333	0.944393	0.121223	0.39893	0.48868	0.568209	0.000227705	0.384719	0.74026	0.0700586	0.0733837	0.343142	0.263706	0.213025	0.0278088	0.0515928	0.0540498	98.9691	0.0998548	0.0298809	0.00691286
2125.4	0.00833333	0.944164	0.211914	0.109289	0.0681262	0.655639	0.13968	0.826167	0.892433	0.904087	0.00729075	0.772817	0.4315	0.374294	0.151603	0.00564828	0.000107007	99.176	0.0998624	0.029839	0.00201829
2125.4	0.00833333	0.946837	0.948154	0.190696	0.459901	0.86759	0.118636	0.491165	0.793989	0.25196	0.00459679	0.741179	0.410985	0.208726	0.404028	0.0779518	0.000199186	98.9235	0.0999878	0.0297852	0.0113656
2125.4	0.00833333	0.951816	0.488212	0.375737	0.636353	0.130283	0.0457219	0.263213	0.134653	0.154967	0.0288744	0.616936	0.74156	0.335991	0.734832	0.0905366	0.0409692	98.0915	0.0999126	0.029812	0.00766895
2125.4	0.00833333	0.945372	0.358882	0.58527	0.530592	0.151274	0.254549	0.645312	0.68291	0.115803	0.130506	0.741356	0.767889	0.517927	0.0421091	0.0624363	0.0971212	98.729	0.0998907	0.0298788	0.00752191
2125.4	0.00833333	0.949987	0.792606	0.402684	0.249818	0.371133	0.122479	0.132566	0.678776	0.29056	0.0194307	0.948283	0.541475	0.368966	0.0790292	0.0912982	0.0754407	97.9676	0.0999686	0.0298177	0.00647612
2125.4	0.00833333	0.953486	0.626552	0.686154	0.787154	0.437771	0.00785553	0.085932	0.418004	0.091418	0.0411933	0.191301	0.848561	0.412533	0.165211	0.0526752	0.0515565	98.3139	0.0998931	0.0297627	0.00896979
2125.4	0.00833333	0.943469	0.890462	0.602221	0.0426193	0.239108	0.152899	0.644874	0.10629	0.348326	0.113433	0.741336	0.142961	0.107397	0.35071	0.0183044	0.124595	99.4596	0.0998799	0.0299195	0.00465981
2125.41	0.00833333	0.951586	0.282789	0.414592	0.966548	0.228067	0.163427	0.705039	0.232288	0.354995	0.00871116	0.782913	0.22031	0.68441	0.157402	0.0925441	5.62891e-06	98.0736	0.0999634	0.0298387	0.00841608
2125.41	0.00833333	0.945046	0.572286	0.180022	0.574295	0.427741	0.211206	0.526234	0.380631	0.260224	0.047822	0.997884	0.226781	0.223286	0.266917	0.131819	0.0501833	99.3946	0.099765	0.0298088	0.00426099
2125.41	0.00833333	0.949629	0.500034	0.251116	0.892287	0.112494	0.0574652	0.508614	0.152498	0.255895	0.180548	0.844848	0.910672	0.186734	0.0264245	0.0643041	0.00772549	98.1435	0.0999323	0.0298721	0.0105964
2125.41	0.00833333	0.944188	0.145226	0.51863	0.878079	0.24934	0.201841	0.766899	0.129733	0.350455	0.0866455	0.866511	0.606119	0.25333	0.323904	0.0646558	0.0332286	98.5095	0.0999809	0.029848	0.0051576
2125.41	0.00833333	0.948384	0.772187	0.625073	0.867865	0.322654	0.0380673	0.251508	0.774392	0.0973512	0.0613676	0.0494446	0.39156	0.219442	0.185168	0.0367373	0.0699252	98.8899	0.0997804	0.0297071	0.0134931
2125.41	0.00833333	0.948051	0.227137	0.207098	0.33931	0.242729	0.087375	0.682596	0.136567	0.0908528	0.21558	0.19567	0.104429	0.0671108	0.1041	0.0361403	0.0215885	97.5349	0.0998999	0.029916	0.00222882
2125.42	0.00833333	0.949817	0.244129	0.148627	0.543443	0.0364925	0.0423986	0.753214	0.260672	0.0889534	0.00803852	0.440937	0.744538	0.427987	0.43867	0.0141812	0.0734285	98.8293	0.0998531	0.0295811	0.0147285
2125.42	0.00833333	0.95308	0.75997	0.324149	0.340712	0.0282813	0.338104	0.290312	0.215762	0.0582722	0.18215	0.373087	0.705251	0.15102	0.201061	0.0305932	0.0605999	97.9265	0.0999705	0.0296005	0.0133015
2125.42	0.00833333	0.943207	0.421342	0.43165	0.0560181	0.44306	0.0293337	0.93054	0.357192	0.390891	0.144516	0.554712	0.641646	0.239865	0.16789	0.09334	0.102597	98.5565	0.099864	0.0298641	0.00290897
2125.42	0.00833333	0.945824	0.828785	0.579505	0.699255	0.74865	0.0230718	0.650327	0.45781	0.428193	0.0109515	0.291027	0.871383	0.620368	0.0704356	0.0489028	0.000107862	98.2049	0.0999656	0.0299576	0.00294182
2125.42	0.00833333	0.944783	0.137352	0.342088	0.992017	0.313714	0.224241	0.0586869	0.107753	0.171825	0.186138	0.332809	0.213039	0.450182	0.28816	0.10932	0.00735627	98.599	0.0999868	0.0298388	0.00587005
2125.42	0.00833333	0.943534	0.10491	0.374275	0.488161	0.687717	0.0561459	0.727791	0.0930117	0.168361	0.0351305	0.57484	0.799195	0.314481	0.293924	0.165353	0.0686633	98.9693	0.0999493	0.0298754	0.000889096
2125.42	0.00833333	0.952048	0.740334	0.0736068	0.920432	0.209362	0.0552391	0.0951512	0.456055	0.26826	0.41842	0.299479	0.087411	0.0252002	0.199789	0.0327977	0.0120396	98.4879	0.0999568	0.029698	0.0138457
2125.42	0.00833333	0.952385	0.226534	0.083225	0.792141	0.0414634	0.247669	0.0397585	0.443909	0.164915	0.00763135	0.624268	0.213902	0.767774	0.305612	0.0788966	0.00757663	98.2523	0.0998797	0.0297729	0.00546722
2125.43	0.00833333	0.94487	0.105293	0.762916	0.359987	0.0048932	0.0203549	0.648484	0.8771	0.120677	0.0906473	0.398388	0.752475	0.551456	0.0737634	0.0390372	0.0825146	99.3249	0.0999603	0.0299318	0.00735469
2125.43	0.00833333	0.944965	0.797971	0.111031	0.207503	0.332729	0.0793466	0.384315	0.541588	0.2304	0.351423	0.284341	0.332314	0.398786	0.108772	0.00280325	0.0485386	99.4422	0.0999274	0.0298246	0.0056962
2125.43	0.00833333	0.95289	0.454468	0.771357	0.0125383	0.220142	0.329628	0.411455	0.231752	0.338025	0.0353784	0.205059	0.504683	0.41349	0.0823307	0.0259734	0.0272081	98.4143	0.0999842	0.0296655	0.0138042
2125.43	0.00833333	0.95162	0.740583	0.430004	0.719922	0.641502	0.0523013	0.0978176	0.491224	0.0301402	0.0337233	0.985087	0.41584	0.0604146	0.0430011	0.0411383	0.0316319	97.7703	0.0997777	0.0297478	0.00929589
2125.44	0.00833333	0.946664	0.906499	0.12486	0.63089	0.057121	0.472215	0.116743	0.701894	0.379651	0.105815	0.417627	0.472147	0.543079	0.496466	0.0972128	0.00304791	99.4046	0.0997952	0.0298081	0.006378
2125.44	0.00833333	0.946539	0.338178	0.126015	0.380693	0.222209	0.189868	0.941922	0.122171	0.0173684	0.0389528	0.814863	0.151464	0.155651	0.483308	0.021338	0.0282064	98.9882	0.0999456	0.0298123	0.0120872
2125.44	0.00833333	0.945267	0.380348	0.201106	0.647224	0.396796	0.00939745	0.520682	0.172049	0.081635	0.0730146	0.519295	0.693397	0.528625	0.203203	0.0972732	0.0438486	99.3596	0.09989	0.0298754	0.00781084
2125.44	0.00833333	0.946187	0.143738	0.719379	0.88403	0.0745161	0.395149	0.496167	0.0802035	0.0558181	0.0417908	0.840946	0.687144	0.125744	0.27909	0.036352	0.046271	98.9742	0.0999866	0.0296904	0.0147218
2125.45	0.00833333	0.94363	0.236254	0.332076	0.321006	0.555879	0.468652	0.668858	0.97747	0.480742	0.106755	0.504121	0.260885	0.353086	0.382333	0.0468012	0.00979068	98.7206	0.0999694	0.02988	0.00658935
2125.45	0.00833333	0.950194	0.237814	0.0209542	0.166492	0.20083	0.0819393	0.508793	0.254264	0.518162	0.232364	0.428884	0.0694349	0.213055	0.267055	0.0384245	0.0354528	98.6788	0.0999535	0.0294259	0.016474
2125.45	0.00833333	0.943825	0.126952	0.597773	0.325864	0.833312	0.0240329	0.190422	0.495769	0.211434	0.0476983	0.547917	0.855019	0.824211	0.0586219	0.0178991	0.0137983	98.5244	0.0999958	0.0299323	0.00418259
2125.45	0.00833333	0.952101	0.96454	0.197531	0.385905	0.505602	0.0235132	0.246923	0.49647	0.304555	0.0977641	0.404956	0.959418	0.193637	0.267888	0.0182137	0.0821191	98.0021	0.0999824	0.02983	0.00835882
2125.45	0.00833333	0.944102	0.550667	0.135429	0.345142	0.249863	0.028179	0.71344	0.321216	0.308017	0.145306	0.562038	0.84487	0.095101	0.590684	0.0109136	0.025198	99.2021	0.0999192	0.0298172	0.00351607
2125.46	0.00833333	0.951623	0.887871	0.742212	0.361598	0.121666	0.130583	0.372388	0.155659	0.430975	0.0170574	0.942862	0.837588	0.592131	0.239354	0.00666486	0.0515649	97.9532	0.0997562	0.0297562	0.007991
2125.47	0.00833333	0.944303	0.703552	0.587411	0.587048	0.884697	0.00323157	0.489744	0.521689	0.0494738	0.0636085	0.04586	0.584773	0.337402	0.0637135	0.101713	0.027635	98.7412	0.0999581	0.0298044	0.00295461
2125.47	0.00833333	0.942307	0.681174	0.298193	0.300393	0.501301	0.0660514	0.541041	0.216185	0.0858573	0.0356474	0.386799	0.689189	0.0543848	0.226533	0.119548	0.0139697	99.2568	0.0999579	0.0299662	0.00309005
2125.47	0.00833333	0.945566	0.260713	0.224023	0.0539975	0.340711	0.237681	0.255386	0.208636	0.443774	0.0554743	0.756039	0.334406	0.641741	0.113848	0.0334495	0.0650126	99.4705	0.0999592	0.0297812	0.00876928
2125.48	0.00833333	0.942949	0.457457	0.14932	0.105779	0.23338	0.185062	0.716621	0.789841	0.506949	0.0622435	0.139956	0.393607	0.404551	0.0212862	0.0809464	0.01468	99.2991	0.0999097	0.0299683	0.00588364
2125.48	0.00833333	0.949045	0.712092	0.183334	0.822751	0.0329906	0.299706	0.341332	0.489732	0.318251	0.292772	0.0774724	0.173984	0.18901	0.274897	0.0299469	0.019651	98.4436	0.0999159	0.0299018	0.00589442
2125.48	0.00833333	0.947751	0.427083	0.330027	0.0404688	0.463362	0.11056	0.531188	0.661378	0.0307768	0.0793781	0.982227	0.100246	0.481067	0.411196	0.0177329	0.0943508	99.3555	0.0998192	0.0297937	0.0084329
2125.49	0.00833333	0.94718	0.404667	0.0981195	0.524431	0.33659	0.0174636	0.42712	0.119705	0.303296	0.0872058	0.412561	0.495854	0.60053	0.179132	0.142621	0.103885	99.2144	0.0997974	0.0298182	0.00640994
2125.49	0.00833333	0.948751	0.444579	0.296622	0.405246	0.352066	0.198949	0.459919	0.958634	0.264489	0.110178	0.239005	0.431262	0.44426	0.160345	0.109507	0.00821434	98.3899	0.0999296	0.0297978	0.00180658
2125.49	0.00833333	0.946998	0.774677	0.562236	0.810933	0.36282	0.118602	0.525837	0.21031	0.107952	0.0197006	0.404209	0.142433	0.464114	0.259711	0.00592423	0.0374485	97.6836	0.0999963	0.0299706	0.00212503
2125.5	0.00833333	0.950116	0.328292	0.0202245	0.336968	0.559509	0.117662	0.738401	0.790467	0.189613	0.161143	0.00372028	0.480802	0.24425	0.231687	0.0120077	0.0455434	97.7754	0.0998499	0.0298748	0.00514743
2125.5	0.00833333	0.95269	0.141482	0.0698661	0.135979	0.3466	0.151775	0.66987	0.547585	0.125825	0.145092	0.41713	0.71294	0.315427	0.186874	0.0193874	0.0256113	98.2244	0.0999322	0.0296585	0.0128039
2125.5	0.00833333	0.947439	0.800872	0.854648	0.931643	0.414463	0.284878	0.64334	0.593204	0.115368	0.0370321	0.591153	0.111603	0.0656748	0.846745	0.0573335	0.0253344	99.0418	0.0999695	0.0297791	0.00856081
2125.5	0.00833333	0.943738	0.462389	0.321377	0.796536	0.309346	0.00842235	0.595827	0.764962	0.589631	0.0797776	0.724654	0.297698	0.53953	0.0892557	0.0393595	0.0324556	98.584	0.0998342	0.0299098	0.00337582
2125.5	0.00833333	0.950568	0.711528	0.515407	0.669917	0.315768	0.148484	0.483815	0.388176	0.337775	0.0352566	0.296874	0.496795	0.190978	0.225686	0.0144828	0.0141467	98.9527	0.0998686	0.0295928	0.0136133
2125.5	0.00833333	0.949773	0.66495	0.0172372	0.662277	0.227874	0.0280767	0.880913	0.18715	0.422871	0.115273	0.57223	0.35996	0.10795	0.177181	0.0188423	0.0513104	98.8876	0.099911	0.0296791	0.0102665
2125.51	0.00833333	0.942732	0.266787	0.393912	0.522968	0.316935	0.0605252	0.162472	0.396316	0.323868	0.0940893	0.433289	0.958247	0.469265	0.0789531	0.15316	0.0229435	99.3956	0.0998732	0.0298539	0.00184076
2125.51	0.00833333	0.947675	0.317705	0.226483	0.407437	0.332201	0.0081995	0.861836	0.34653	0.0243405	0.00699699	0.244438	0.233793	0.961975	0.253688	0.0403237	0.0533254	99.1425	0.0999555	0.0298039	0.00994649
2125.51	0.00833333	0.945741	0.142555	0.383767	0.777139	0.272921	0.274155	0.207568	0.601409	0.449161	0.159103	0.44405	0.436054	0.212387	0.303902	0.00587614	0.0281464	99.0677	0.0998526	0.0298297	0.00590821
2125.51	0.00833333	0.946136	0.481858	0.733915	0.681643	0.497199	0.267062	0.394688	0.473885	0.155056	0.0754343	0.935324	0.851043	0.162897	0.127611	0.0290442	0.0189483	99.1312	0.0998331	0.029801	0.00686975
