distance	weight	r0	r1	r2	r3	r4	r5	r6	r7	r8	r9	r10	r11	r12	r13	r14	r15	tp	dr1	dr2	dr3
2127.83	0.00833333	0.953797	0.865749	0.178857	0.376104	0.313715	0.710229	0.926005	0.320694	0.667895	0.0135138	0.621197	0.15178	0.630682	0.607849	0.127632	0.14722	98.9638	0.0994526	0.0293695	0.0143266
2127.98	0.00833333	0.948955	0.883853	0.638869	0.554798	0.356842	0.0658588	0.46165	0.439787	0.362826	0.243437	0.113142	0.670534	0.501901	0.843952	0.510205	0.0259527	98.4382	0.0995345	0.0297707	0.000714572
2128.13	0.00833333	0.958588	0.734055	0.139869	0.0947016	0.263092	0.467343	0.00700364	0.109284	0.54973	0.0362382	0.637205	0.483247	0.448823	0.992873	0.0997135	0.226422	98.9031	0.099299	0.0264389	0.0318913
2128.47	0.00833333	0.956177	0.539352	0.0638478	0.0779096	0.362998	0.24186	0.199031	0.585409	0.355643	0.360177	0.583414	0.457175	0.57463	0.582853	0.186608	0.197898	99.0661	0.0997707	0.0288962	0.0206828
2128.57	0.00833333	0.950349	0.712569	0.534269	0.960079	0.547482	0.933561	0.312423	0.431686	0.229628	0.023092	0.710132	0.494345	0.350157	0.425947	0.0413821	0.115106	99.7657	0.099287	0.0285668	0.0234201
2128.64	0.00833333	0.941467	0.65259	0.805908	0.876778	0.0560166	0.56484	0.225007	0.581277	0.649758	0.345697	0.262437	0.0369925	0.0962749	0.614017	0.424025	0.0312564	100.085	0.0999762	0.0294898	0.017534
2128.76	0.00833333	0.948809	0.951069	0.0473439	0.848359	0.00346783	0.0630144	0.602279	0.22937	0.124139	0.701962	0.580315	0.806527	0.849679	0.208426	0.283309	0.0642411	100.092	0.0999721	0.0283009	0.0254874
2128.77	0.00833333	0.944724	0.396822	0.679994	0.300245	0.597401	0.135087	0.144343	0.737481	0.331377	0.27591	0.396292	0.594324	0.0575344	0.747958	0.655068	0.103074	100.184	0.0999858	0.0282682	0.0260307
2128.79	0.00833333	0.951488	0.702833	0.572422	0.429045	0.707192	0.321533	0.889137	0.280291	0.289636	0.0723594	0.538184	0.713113	0.259182	0.612315	0.139417	0.11904	99.8569	0.0998737	0.027216	0.0289935
2128.82	0.00833333	0.961528	0.578002	0.298677	0.558464	0.154899	0.234851	0.610332	0.683281	0.341887	0.253954	0.56157	0.940347	0.839861	0.947019	0.0059121	0.274999	97.6358	0.0995763	0.0270584	0.0297702
2128.88	0.00833333	0.948941	0.46454	0.399644	0.142339	0.395978	0.34602	0.751424	0.640446	0.16477	0.642022	0.934935	0.543039	0.794196	0.617597	0.000943466	0.021788	99.7521	0.098958	0.0294878	0.0118294
2129.02	0.00833333	0.950065	0.589511	0.892029	0.577695	0.848643	0.420592	0.952007	0.86765	0.623948	0.400737	0.152147	0.409665	0.607029	0.0535136	0.326119	0.159844	98.8134	0.0996359	0.0291027	0.0199316
2129.08	0.00833333	0.94901	0.843446	0.58741	0.914683	0.670783	0.279898	0.4014	0.346028	0.0370412	0.273518	0.61208	0.0940673	0.112598	0.417178	0.580731	0.21435	99.5668	0.0996453	0.0273446	0.0292901
2129.11	0.00833333	0.940938	0.431124	0.166671	0.609799	0.403417	0.349076	0.168555	0.711823	0.404121	0.625392	0.482528	0.351107	0.0653112	0.43307	0.112248	0.247107	99.8058	0.0999615	0.0295889	0.0166698
2129.11	0.00833333	0.940195	0.269288	0.367667	0.0962526	0.54218	0.245889	0.448812	0.8921	0.221769	0.792786	0.666753	0.240015	0.147794	0.449804	0.401298	0.11398	100.247	0.0999102	0.0297597	0.00964948
2129.14	0.00833333	0.951199	0.263846	0.0731315	0.200988	0.291473	0.0539917	0.52558	0.219379	0.703956	0.203059	0.610625	0.00642002	0.742831	0.160195	0.13114	0.495857	98.8368	0.0997663	0.0280047	0.0271905
2129.18	0.00833333	0.947923	0.692635	0.18279	0.0859849	0.34557	0.669622	0.526652	0.136483	0.45575	0.0504987	0.879741	0.47158	0.540305	0.424525	0.326188	0.406027	99.107	0.0995248	0.0296931	0.00280664
2129.26	0.00833333	0.953864	0.987421	0.113504	0.877547	0.375183	0.242295	0.659387	0.642707	0.0292569	0.465209	0.62759	0.405981	0.826059	0.303098	0.363796	0.0653937	99.7111	0.0990348	0.027832	0.0266217
2129.31	0.00833333	0.960118	0.3442	0.944092	0.854664	0.246719	0.589719	0.562925	0.655882	0.413826	0.110678	0.864956	0.201494	0.485929	0.76923	0.327824	0.0163117	99.3074	0.0988261	0.0288879	0.0179508
2129.37	0.00833333	0.950713	0.970374	0.811951	0.15746	0.370144	0.37712	0.479901	0.726271	0.278236	0.664568	0.793192	0.238793	0.910317	0.90193	0.266686	0.173832	98.8811	0.0999123	0.0292933	0.0191068
2129.41	0.00833333	0.94476	0.592906	0.828697	0.626302	0.692753	0.349129	0.365367	0.902957	0.635141	0.361154	0.0815395	0.738838	0.450479	0.595402	0.0524306	0.0597297	101.417	0.099378	0.028974	0.0200293
2129.45	0.00833333	0.950339	0.820224	0.551161	0.306691	0.674991	0.111462	0.0227922	0.410676	0.559219	0.964435	0.312481	0.874606	0.911149	0.599894	0.0704756	0.00726856	99.4378	0.0989312	0.0295239	0.000580509
2129.45	0.00833333	0.953831	0.973139	0.0549612	0.359801	0.842218	0.263581	0.487213	0.0388446	0.0230923	0.212737	0.0869695	0.0213423	0.0591455	0.414798	0.728683	0.272507	98.806	0.0997814	0.028936	0.0201846
2129.49	0.00833333	0.947225	0.514988	0.351444	0.596932	0.33898	0.414984	0.389906	0.408337	0.249722	0.571627	0.509707	0.0501304	0.189858	0.594538	0.0449173	0.0924207	98.5545	0.0997348	0.0298934	0.0109805
2129.69	0.00833333	0.94972	0.775868	0.732177	0.0640065	0.713701	0.274423	0.737583	0.79598	0.130173	0.375953	0.376666	0.133267	0.0583005	0.0829492	0.417685	0.302068	99.5341	0.099716	0.0254355	0.0347657
2129.71	0.00833333	0.961156	0.361227	0.915502	0.528831	0.414147	0.277345	0.0642556	0.128131	0.547795	0.392032	0.524903	0.0397604	0.717818	0.0837438	0.364692	0.0485591	98.3938	0.0994774	0.0291637	0.0184128
2129.73	0.00833333	0.951963	0.683623	0.83514	0.391773	0.0925712	0.622068	0.872189	0.374614	0.77269	0.0799127	0.952454	0.312817	0.724464	0.201688	0.158366	0.471887	99.3581	0.0995927	0.0292796	0.0177718
2129.84	0.00833333	0.962801	0.994534	0.363421	0.99317	0.0686399	0.533413	0.531477	0.660241	0.0250533	0.302229	0.622399	0.65646	0.39902	0.291751	0.537184	0.146195	98.1836	0.0992936	0.0286619	0.0218634
2129.87	0.00833333	0.953972	0.148363	0.21778	0.669711	0.494572	0.275802	0.486556	0.520959	0.632612	0.45435	0.971376	0.0887711	0.210839	0.933336	0.0511184	0.0877954	97.0836	0.0996331	0.0297848	0.00758944
2129.88	0.00833333	0.956336	0.679286	0.645541	0.99158	0.217828	0.238122	0.908271	0.73523	0.369694	0.0858798	0.244727	0.647567	0.232132	0.376275	0.415226	0.020796	99.5794	0.0991694	0.0288956	0.017817
2129.89	0.00833333	0.954849	0.925944	0.44563	0.37261	0.613336	0.558635	0.248493	0.267773	0.338876	0.235376	0.667497	0.286841	0.252674	0.402651	0.653561	0.336783	99.4476	0.0997916	0.0259929	0.0334455
2129.9	0.00833333	0.960565	0.339842	0.540919	0.949467	0.384181	0.274506	0.332648	0.0184108	0.588938	0.000565842	0.477029	0.770736	0.787187	0.40358	0.0671804	0.214187	98.6858	0.099218	0.0291502	0.0162479
2129.97	0.00833333	0.95106	0.333291	0.782502	0.640875	0.570423	0.109592	0.634412	0.543718	0.355984	0.222213	0.810802	0.962576	0.786137	0.493582	0.460469	0.251549	99.6468	0.0989663	0.0290276	0.0192018
2129.98	0.00833333	0.95231	0.858243	0.204781	0.918877	0.483986	0.404598	0.23284	0.745778	0.298177	0.11935	0.116472	0.919826	0.379308	0.153745	0.253122	0.268877	98.0473	0.0997164	0.0178753	0.0447952
2130.05	0.00833333	0.947206	0.374164	0.522981	0.554901	0.0984085	0.213487	0.562529	0.884297	0.715046	0.0717019	0.367966	0.367887	0.0368292	0.202322	0.497475	0.18864	101	0.0996777	0.0279334	0.0265224
2130.06	0.00833333	0.951011	0.625844	0.420911	0.540327	0.933156	0.835954	0.0665053	0.766243	0.387842	0.430294	0.436528	0.954109	0.819795	0.478712	0.484981	0.082987	100.31	0.0991758	0.0289156	0.0205985
2130.06	0.00833333	0.948678	0.612165	0.5737	0.830469	0.496476	0.462696	0.306355	0.0809234	0.0500912	0.72472	0.029496	0.408696	0.747152	0.608533	0.0673653	0.0462746	100.095	0.0993024	0.0295052	0.00648368
2130.06	0.00833333	0.951864	0.166215	0.698502	0.478997	0.0820112	0.598465	0.537289	0.536681	0.277698	0.447288	0.523173	0.694699	0.172057	0.657633	0.577744	0.0649154	99.6512	0.0996806	0.028835	0.0201854
2130.12	0.00833333	0.946381	0.47404	0.528193	0.9315	0.867044	0.978864	0.83825	0.408518	0.383199	0.0478627	0.182248	0.225473	0.0521612	0.61031	0.164334	0.239717	98.1982	0.0997594	0.02991	0.0100881
2130.16	0.00833333	0.952317	0.422612	0.249975	0.576818	0.696995	0.343643	0.27679	0.0371689	0.371579	0.851104	0.331844	0.0089774	0.168035	0.252529	0.162555	0.0778618	99.9734	0.099788	0.0278555	0.0266659
2130.2	0.00833333	0.955152	0.221335	0.700693	0.680455	0.484298	0.648995	0.803441	0.846314	0.53847	0.117947	0.539379	0.449766	0.293747	0.375563	0.483094	0.0874774	100.099	0.0985483	0.0286699	0.0210996
2130.22	0.00833333	0.956603	0.542459	0.270598	0.57566	0.202237	0.324396	0.556319	0.679511	0.923317	0.429788	0.904543	0.125792	0.812097	0.594367	0.689171	0.0681819	97.8547	0.0998726	0.0293568	0.0153731
2130.22	0.00833333	0.954706	0.404839	0.659281	0.305759	0.148711	0.254447	0.0473017	0.659643	0.643429	0.423429	0.260287	0.295603	0.39346	0.691206	0.489814	0.184559	99.6871	0.0990821	0.0271841	0.0289519
2130.22	0.00833333	0.945537	0.662263	0.60498	0.824594	0.984673	0.270446	0.932776	0.587781	0.110348	0.0822926	0.62543	0.26616	0.700471	0.387691	0.182964	0.239588	100.812	0.0989649	0.0294181	0.0128639
2130.26	0.00833333	0.960898	0.0421776	0.341186	0.014266	0.344337	0.357407	0.520579	0.208107	0.0103042	0.231124	0.722976	0.641525	0.473133	0.193507	0.141908	0.121389	99.2628	0.0994951	0.0269444	0.0292437
2130.29	0.00833333	0.939108	0.616056	0.678211	0.185205	0.519512	0.879611	0.144727	0.962807	0.521871	0.224075	0.276049	0.678101	0.357235	0.676416	0.105389	0.0813593	100.904	0.098931	0.0297119	0.00473523
2130.3	0.00833333	0.954581	0.0518529	0.0561453	0.500907	0.026786	0.121919	0.523517	0.676503	0.213012	0.294157	0.143675	0.669661	0.969961	0.414194	0.303416	0.234271	97.3103	0.0999562	0.0295452	0.0181677
2130.34	0.00833333	0.958768	0.454975	0.455655	0.964579	0.113839	0.497566	0.13823	0.27282	0.654442	0.316143	0.59476	0.0441344	0.892855	0.0368377	0.792923	0.10937	98.0249	0.0998749	0.0289993	0.0197459
2130.38	0.00833333	0.953922	0.492925	0.308687	0.477551	0.595688	0.399612	0.0631621	0.757895	0.564529	0.340538	0.37435	0.291973	0.361229	0.317193	0.242872	0.136537	99.8563	0.0994547	0.0236093	0.0377529
2130.42	0.00833333	0.959379	0.560963	0.00701831	0.92852	0.592035	0.293618	0.374385	0.539145	0.754014	0.772604	0.567642	0.517899	0.210567	0.805566	0.12761	0.263035	98.9345	0.0990726	0.0278744	0.0260608
2130.44	0.00833333	0.955052	0.580571	0.900218	0.781201	0.130359	0.404579	0.652458	0.838356	0.361946	0.0959525	0.0218181	0.113829	0.124816	0.465798	0.397525	0.326731	96.626	0.0998015	0.0296988	0.0143234
2130.45	0.00833333	0.948461	0.419686	0.239395	0.205008	0.849039	0.553602	0.15781	0.612472	0.216392	0.507375	0.378181	0.209136	0.399326	0.401588	0.211949	0.273847	98.8807	0.0990473	0.0296576	0.00406811
2130.47	0.00833333	0.940032	0.838746	0.84424	0.400658	0.611679	0.9755	0.755311	0.650388	0.397217	0.521939	0.759933	0.581384	0.279231	0.35201	0.380269	0.0337311	98.6423	0.0995747	0.0299231	0.00112237
2130.56	0.00833333	0.961919	0.116234	0.529225	0.549213	0.209707	0.411195	0.942533	0.811826	0.235743	0.155847	0.311945	0.346343	0.196009	0.345931	0.0722347	0.36152	96.8538	0.0995462	0.0296433	0.0102543
2130.56	0.00833333	0.95421	0.443604	0.426468	0.308244	0.55092	0.220746	0.607281	0.729151	0.444399	0.192885	0.958515	0.0647428	0.468853	0.192959	0.127246	0.221546	100.208	0.0992986	0.0290306	0.0162096
2130.6	0.00833333	0.960294	0.777747	0.599377	0.258968	0.0595638	0.86541	0.193255	0.219696	0.446939	0.288812	0.965578	0.131968	0.586004	0.508142	0.282005	0.0528241	100.406	0.0986261	0.0282502	0.0229039
2130.6	0.00833333	0.954246	0.230689	0.493009	0.0580161	0.682149	0.934256	0.47382	0.0511808	0.379481	0.242622	0.18092	0.44909	0.413321	0.760161	0.468567	0.038535	98.7735	0.0999204	0.0290193	0.0188773
2130.62	0.00833333	0.947738	0.0642648	0.551785	0.0387431	0.229621	0.119553	0.627634	0.336573	0.190672	0.443288	0.350463	0.663341	0.525381	0.582275	0.748467	0.073452	99.9539	0.0992965	0.0291085	0.019162
2130.68	0.00833333	0.938763	0.522469	0.998159	0.0378982	0.970591	0.867372	0.366507	0.48125	0.122711	0.486823	0.865993	0.389522	0.732277	0.510978	0.630832	0.102411	100.151	0.0999946	0.0297667	0.0141466
2130.68	0.00833333	0.93741	0.876321	0.752242	0.29101	0.110642	0.878131	0.490115	0.984447	0.50742	0.215917	0.493987	0.361344	0.611209	0.337672	0.129559	0.151977	100.056	0.0999502	0.0298369	0.0151338
2130.7	0.00833333	0.951407	0.934532	0.646848	0.836042	0.908448	0.682354	0.188836	0.155602	0.140765	0.0878669	0.307362	0.114445	0.108625	0.672662	0.486009	0.124473	99.3558	0.0994856	0.0259205	0.0340383
2130.75	0.00833333	0.954248	0.0855836	0.88915	0.629103	0.856194	0.495263	0.184334	0.983679	0.601093	0.906217	0.591272	0.165127	0.292332	0.192789	0.298536	0.0515472	99.9819	0.0991795	0.028666	0.020922
2130.76	0.00833333	0.951502	0.341206	0.367648	0.532592	0.808261	0.0807797	0.169918	0.189087	0.254606	0.729779	0.478439	0.0815112	0.681597	0.597706	0.409482	0.264894	99.4728	0.0997153	0.0275003	0.0292725
2130.78	0.00833333	0.953317	0.181414	0.568979	0.0931025	0.834724	0.407845	0.920708	0.30929	0.279128	0.331614	0.745342	0.372295	0.160514	0.34582	0.406554	0.174308	97.6217	0.0996183	0.0298671	0.0106444
2130.8	0.00833333	0.954603	0.441121	0.506516	0.388319	0.427932	0.414201	0.325325	0.328565	0.106964	0.444386	0.754143	0.157813	0.419002	0.617032	0.390887	0.0907083	99.4813	0.0999618	0.0217413	0.0407421
2130.84	0.00833333	0.949541	0.463448	0.617594	0.544159	0.253336	0.442592	0.0444211	0.328469	0.0970899	0.0186524	0.398845	0.526983	0.735302	0.964058	0.477919	0.194561	97.9001	0.099257	0.0299087	0.00484703
2130.86	0.00833333	0.951762	0.744741	0.812578	0.675233	0.422155	0.352031	0.623249	0.22452	0.234575	0.544833	0.244582	0.479795	0.906629	0.0208675	0.0347335	0.332346	99.3985	0.0990071	0.029638	0.000694945
2130.89	0.00833333	0.954481	0.720852	0.252314	0.568401	0.379154	0.383229	0.258636	0.00330266	0.335823	0.304407	0.593927	0.323012	0.952784	0.554689	0.28015	0.185553	99.083	0.099168	0.0286753	0.0233225
2130.92	0.00833333	0.943169	0.95061	0.456174	0.104795	0.521942	0.787609	0.871153	0.243354	0.0618161	0.177236	0.573438	0.737093	0.894368	0.37284	0.284573	0.459062	99.509	0.0997518	0.0292086	0.018654
2130.94	0.00833333	0.943574	0.174231	0.919943	0.734964	0.160281	0.142979	0.0617279	0.0472331	0.778628	0.670613	0.24159	0.242956	0.505846	0.607377	0.53661	0.155043	99.0885	0.0999826	0.0296894	0.00330719
2130.96	0.00833333	0.958903	0.419588	0.952136	0.470513	0.207231	0.220284	0.258291	0.81136	0.247321	0.199021	0.813651	0.941094	0.540725	0.334443	0.173479	0.25419	99.962	0.0992566	0.0277789	0.0255029
2130.96	0.00833333	0.95674	0.801599	0.292415	0.765137	0.744048	0.569005	0.433635	0.277078	0.97144	0.126093	0.471404	0.569536	0.530059	0.597505	0.261295	0.269941	99.0911	0.0988946	0.0292514	0.0167086
2130.97	0.00833333	0.947604	0.460764	0.437391	0.112129	0.498781	0.560292	0.374911	0.392135	0.806625	0.247152	0.765049	0.366955	0.297761	0.288283	0.42017	0.514278	100.081	0.0997862	0.0294077	0.0152356
2130.99	0.00833333	0.963496	0.203265	0.151479	0.980053	0.559739	0.0237892	0.0638593	0.160954	0.960347	0.233631	0.40707	0.970587	0.177908	0.689737	0.328363	0.307807	97.6846	0.0995458	0.026352	0.0322295
2130.99	0.00833333	0.946956	0.512051	0.505611	0.211187	0.0461622	0.384819	0.485799	0.655446	0.369763	0.506842	0.32482	0.09584	0.252926	0.588835	0.255048	0.312548	101.118	0.0993197	0.0263	0.03226
2131	0.00833333	0.947508	0.681913	0.993483	0.781087	0.173196	0.418203	0.834909	0.573752	0.15089	0.240056	0.0104338	0.734023	0.696795	0.186128	0.70647	0.00832011	101.266	0.0992262	0.0223761	0.0398931
2131	0.00833333	0.960305	0.342205	0.392759	0.711177	0.156693	0.0978466	0.674975	0.558937	0.410909	0.218484	0.77324	0.968648	0.319753	0.664591	0.488263	0.209333	98.3255	0.0991702	0.0272229	0.0294399
2131	0.00833333	0.953218	0.486006	0.68038	0.448725	0.213929	0.883494	0.826427	0.862705	0.692105	0.0824875	0.870604	0.137223	0.303545	0.652274	0.124412	0.376544	96.9143	0.0999041	0.0300019	0.010038
2131.03	0.00833333	0.967301	0.431293	0.634631	0.387155	0.276857	0.253369	0.865315	0.110601	0.909124	0.229465	0.282665	0.428275	0.850321	0.636236	0.232041	0.119214	97.6524	0.0983697	0.0286912	0.0193844
2131.06	0.00833333	0.953184	0.740951	0.461449	0.391355	0.410152	0.531932	0.728367	0.452236	0.289992	0.0753922	0.665139	0.423932	0.295077	0.749167	0.0142693	0.0285476	99.6927	0.0982308	0.0290918	0.0167456
2131.08	0.00833333	0.948675	0.34379	0.453585	0.482911	0.86032	0.102028	0.362651	0.431095	0.49284	0.0531852	0.200497	0.758731	0.0101385	0.228112	0.803893	0.0356121	100.046	0.0985842	0.0294856	0.00921706
2131.08	0.00833333	0.947786	0.395305	0.228582	0.563591	0.658671	0.167094	0.167366	0.267982	0.0523188	0.38402	0.355666	0.513527	0.0500925	0.269477	0.0568937	0.220129	98.6257	0.0991424	0.029553	0.00415658
2131.09	0.00833333	0.951548	0.203361	0.346413	0.563937	0.204719	0.679136	0.334162	0.712777	0.364172	0.538877	0.51233	0.378405	0.761358	0.53266	0.168013	0.144811	100.25	0.0992461	0.0289255	0.0181216
2131.1	0.00833333	0.944539	0.377463	0.477381	0.446107	0.450124	0.899628	0.480907	0.536008	0.410403	0.434861	0.641858	0.750687	0.884559	0.361056	0.313272	0.126754	100.082	0.0989724	0.0297628	0.00636015
2131.1	0.00833333	0.949069	0.195078	0.259486	0.649151	0.33648	0.44914	0.697264	0.293485	0.711039	0.782944	0.961629	0.507157	0.235673	0.497199	0.297791	0.347643	100.342	0.0995015	0.0290911	0.0184596
2131.18	0.00833333	0.96629	0.488703	0.883103	0.950103	0.146877	0.167975	0.687394	0.0293338	0.654315	0.228816	0.778939	0.44698	0.885992	0.432461	0.275111	0.247227	98.2269	0.0990167	0.0279769	0.0246957
2131.2	0.00833333	0.95371	0.729623	0.914145	0.0779369	0.40611	0.158242	0.822104	0.735036	0.427176	0.634722	0.181415	0.00244915	0.551935	0.996692	0.415413	0.185853	99.3469	0.0999838	0.0292554	0.0180916
2131.21	0.00833333	0.944505	0.621689	0.588719	0.885422	0.514486	0.147971	0.109971	0.737078	0.31565	0.811325	0.422131	0.386326	0.824146	0.625314	0.678725	0.180959	98.5445	0.0998895	0.0296033	0.0157284
2131.28	0.00833333	0.941789	0.778665	0.942841	0.798769	0.433809	0.11321	0.433439	0.325145	0.508584	0.348949	0.391267	0.528416	0.0375634	0.315483	0.421049	0.150893	101.292	0.0991223	0.0296431	0.00200279
2131.28	0.00833333	0.94894	0.0932413	0.897881	0.999727	0.823635	0.177701	0.7749	0.791943	0.553967	0.64769	0.864387	0.623411	0.817379	0.18576	0.540125	0.0557547	99.04	0.0996197	0.0296858	0.00197668
2131.29	0.00833333	0.957227	0.133543	0.0932994	0.641635	0.499801	0.140997	0.0762505	0.585618	0.118548	0.538742	0.168057	0.296308	0.130458	0.0531591	0.34337	0.596134	99.4358	0.099799	0.0243762	0.0365072
2131.33	0.00833333	0.952106	0.906945	0.182783	0.684893	0.988678	0.126592	0.693615	0.321817	0.580381	0.343592	0.486785	0.448123	0.857593	0.789032	0.822377	0.0928668	99.056	0.0989512	0.0295284	0.011212
2131.34	0.00833333	0.95911	0.642683	0.859569	0.785264	0.83072	0.146091	0.69566	0.634155	0.0637198	0.482132	0.230169	0.464148	0.517164	0.0192945	0.287587	0.00426117	96.6455	0.0988506	0.029546	0.000904697
2131.34	0.00833333	0.962146	0.444327	0.148996	0.988945	0.285303	0.587839	0.234471	0.163318	0.0493909	0.340499	0.374917	0.309595	0.713527	0.102341	0.359565	0.081206	98.136	0.0986484	0.0295137	0.0114052
2131.36	0.00833333	0.9531	0.249315	0.700713	0.196686	0.30338	0.28856	0.0718795	0.186801	0.618134	0.637206	0.699805	0.398857	0.0241927	0.597587	0.682044	0.292642	98.8484	0.0996198	0.0294164	0.0149883
2131.36	0.00833333	0.944587	0.562193	0.311149	0.758826	0.949149	0.51301	0.986818	0.977141	0.39823	0.391149	0.472777	0.0417511	0.568452	0.257087	0.937242	0.105426	99.602	0.0998938	0.0275747	0.0292704
2131.36	0.00833333	0.952189	0.49427	0.627813	0.244613	0.0588163	0.658923	0.44165	0.629328	0.104055	0.385285	0.843707	0.341045	0.342621	0.385399	0.350026	0.129383	98.1387	0.09979	0.0294811	0.0132507
2131.36	0.00833333	0.956626	0.484286	0.740513	0.400748	0.503597	0.566875	0.766907	0.169889	0.115223	0.0503603	0.853065	0.808387	0.12186	0.560865	0.606641	0.12968	98.8975	0.0997691	0.0292477	0.0157778
2131.38	0.00833333	0.95455	0.879713	0.957525	0.965998	0.318389	0.486506	0.568206	0.879133	0.146964	0.495418	0.109245	0.0569107	0.637373	0.532423	0.213396	0.183257	96.8764	0.0994297	0.0297121	0.00101741
2131.38	0.00833333	0.952451	0.778117	0.788115	0.659293	0.231481	0.14545	0.417424	0.72982	0.70327	0.778377	0.561182	0.147635	0.849762	0.37883	0.222748	0.186174	99.945	0.0991188	0.025646	0.0339491
2131.39	0.00833333	0.944013	0.621114	0.291734	0.967294	0.196703	0.0164888	0.708664	0.368983	0.461707	0.363792	0.763082	0.447388	0.255837	0.526516	0.512397	0.113454	99.7377	0.0998363	0.0292817	0.0162394
2131.39	0.00833333	0.948539	0.539343	0.341576	0.956572	0.471159	0.538433	0.291554	0.201997	0.682724	0.0992585	0.511009	0.915381	0.643752	0.358423	0.336345	0.0718067	100.153	0.099007	0.0284882	0.0240342
2131.39	0.00833333	0.945227	0.55429	0.237021	0.329573	0.629346	0.0634121	0.182781	0.636039	0.548919	0.565037	0.160546	0.23205	0.204609	0.0415835	0.549176	0.345427	100.354	0.0997793	0.0294236	0.0132595
2131.39	0.00833333	0.955701	0.839175	0.403455	0.499626	0.196995	0.165868	0.205755	0.372788	0.304868	0.0859187	0.379683	0.642369	0.489165	0.569995	0.483405	0.131584	98.6683	0.0990357	0.0266387	0.0309763
2131.41	0.00833333	0.957885	0.739869	0.801833	0.739132	0.450093	0.428974	0.302959	0.294607	0.38036	0.582505	0.578038	0.0650212	0.330884	0.468703	0.427634	0.258712	99.2005	0.0990987	0.0289874	0.0194428
2131.42	0.00833333	0.954884	0.470293	0.304824	0.00964043	0.428987	0.454898	0.732722	0.0811616	0.975843	0.188806	0.558672	0.365804	0.10202	0.0320606	0.754546	0.159936	98.2471	0.0997522	0.029342	0.0147982
2131.44	0.00833333	0.956039	0.70479	0.600136	0.739944	0.946235	0.453188	0.704058	0.45612	0.540406	0.493704	0.101829	0.410706	0.268042	0.619446	0.384284	0.246708	99.9394	0.0987064	0.0275158	0.0272557
2131.46	0.00833333	0.941301	0.334671	0.271382	0.0504254	0.402256	0.644429	0.6606	0.551129	0.828143	0.574171	0.875159	0.307048	0.791794	0.233026	0.439987	0.230686	100.463	0.0997946	0.0298541	0.0117541
2131.48	0.00833333	0.956207	0.547531	0.463661	0.994707	0.448075	0.540829	0.611459	0.578161	0.496687	0.217321	0.304115	0.448273	0.956287	0.409679	0.294393	0.113465	98.9835	0.099227	0.0292992	0.0176105
2131.52	0.00833333	0.951915	0.558502	0.641733	0.281101	0.228852	0.260093	0.888475	0.806247	0.133558	0.252428	0.101921	0.728211	0.479611	0.618912	0.556928	0.00331023	98.1579	0.0997513	0.0280733	0.0273347
2131.53	0.00833333	0.942593	0.979394	0.855698	0.340219	0.396909	0.61862	0.496536	0.630982	0.847745	0.170593	0.492798	0.863228	0.587005	0.908509	0.0540589	0.569046	100.656	0.0995264	0.0290692	0.0190599
2131.55	0.00833333	0.947731	0.704757	0.196784	0.300805	0.699808	0.879313	0.939316	0.153665	0.718864	0.487724	0.352792	0.314234	0.440119	0.478138	0.244541	0.125112	98.5696	0.0989561	0.0297419	0.0073538
2131.56	0.00833333	0.964718	0.509043	0.60355	0.652944	0.0420922	0.206964	0.164031	0.587099	0.754456	0.0519148	0.43424	0.735869	0.271626	0.440282	0.107992	0.492146	98.1234	0.098448	0.029347	0.0112875
2131.57	0.00833333	0.945729	0.532716	0.233561	0.874167	0.491952	0.654577	0.900545	0.9809	0.910449	0.0355667	0.360746	0.602577	0.355804	0.0874707	0.418074	0.183422	98.5336	0.0999175	0.0296794	0.0175956
2131.58	0.00833333	0.949779	0.452702	0.455373	0.271043	0.474816	0.457217	0.672917	0.00874427	0.477082	0.272688	0.856321	0.627596	0.358724	0.486893	0.480968	0.09645	98.6298	0.0988663	0.0295025	0.00402343
2131.59	0.00833333	0.953922	0.68113	0.488313	0.0248371	0.187299	0.226041	0.0609403	0.849914	0.663792	0.32404	0.860804	0.355718	0.57606	0.558187	0.555296	0.184339	98.5506	0.0990313	0.0293456	0.0119328
2131.62	0.00833333	0.951457	0.0153568	0.271614	0.737419	0.537512	0.521575	0.5488	0.0493821	0.0644475	0.344057	0.936441	0.602953	0.153074	0.15694	0.968321	0.243709	100.118	0.0997885	0.0280742	0.025872
2131.62	0.00833333	0.957297	0.989518	0.531483	0.766619	0.446086	0.30331	0.85586	0.57757	0.208249	0.695192	0.279496	0.43614	0.639376	0.311979	0.385083	0.303851	98.7088	0.098781	0.0294252	0.011142
2131.64	0.00833333	0.955942	0.177588	0.634689	0.861315	0.688319	0.330161	0.302139	0.821705	0.910541	0.572938	0.572558	0.932729	0.491536	0.550963	0.263581	0.330149	99.0503	0.0994978	0.0241037	0.0371428
2131.64	0.00833333	0.952897	0.950823	0.226075	0.575669	0.342851	0.427703	0.529682	0.990842	0.73527	0.585668	0.557527	0.0876851	0.363591	0.491736	0.0751862	0.0149499	99.6593	0.0992671	0.0284418	0.021913
