distance	weight	r0	r1	r2	r3	r4	r5	r6	r7	r8	r9	r10	r11	r12	r13	r14	r15	tp	dr1	dr2	dr3
2125.06	0.00833333	0.948165	0.932204	0.274374	0.686531	0.250146	0.304642	0.386423	0.546525	0.0847534	0.0069864	0.00575039	0.33065	0.0918798	0.556429	0.0999763	0.0655151	99.3645	0.0998842	0.0296851	0.0119661
2125.14	0.00833333	0.948936	0.8702	0.342985	0.683427	0.613077	0.0119192	0.343522	0.316195	0.330666	0.229416	0.700811	0.490437	0.936688	0.270968	0.0414573	0.0823257	98.972	0.0998752	0.0296476	0.0134074
2125.21	0.00833333	0.949979	0.716818	0.278299	0.813655	0.871043	0.161122	0.0916354	0.661114	0.245761	0.0124402	0.0254874	0.588847	0.651108	0.0531439	0.0261837	0.076831	97.8684	0.0999906	0.0298924	0.00869876
2125.26	0.00833333	0.9463	0.262854	0.214204	0.135014	0.803919	0.140873	0.768529	0.232114	0.0935659	0.0870246	0.74432	0.677249	0.328744	0.33804	0.129575	0.0125003	98.7974	0.0998274	0.0298123	0.00960221
2125.29	0.00833333	0.949358	0.539933	0.0453909	0.294528	0.242286	0.0690506	0.750639	0.311906	0.244638	0.113344	0.509415	0.0757356	0.585294	0.714664	0.00852264	0.114096	98.4519	0.0998977	0.0299005	0.00664968
2125.36	0.00833333	0.94619	0.74637	0.143039	0.737567	0.118036	0.199006	0.576419	0.665094	0.347497	0.115473	0.675814	0.82635	0.715462	0.227906	0.0697697	0.0520421	98.5599	0.0998849	0.0297742	0.0114905
2125.39	0.00833333	0.945703	0.115471	0.0221209	0.226212	0.222401	0.0671046	0.782324	0.236968	0.0647127	0.0078098	0.647812	0.481707	0.190883	0.705859	0.0396916	0.0371359	98.9381	0.0997783	0.0298267	0.00266888
2125.41	0.00833333	0.947828	0.270295	0.595914	0.877531	0.514962	0.200295	0.249693	0.39546	0.290689	0.00273234	0.460108	0.280869	0.702279	0.418442	0.0413339	0.0217397	98.7687	0.0998314	0.0296266	0.0137084
2125.41	0.00833333	0.942784	0.271908	0.552582	0.788131	0.0089554	0.228283	0.263354	0.433311	0.36523	0.0283381	0.529674	0.633495	0.378529	0.251223	0.0753774	0.0654294	98.5948	0.0998598	0.0299088	0.00417789
2125.42	0.00833333	0.948388	0.029433	0.506834	0.333786	0.596021	0.134895	0.566948	0.70484	0.0904624	0.0566423	0.606138	0.000934859	0.0594666	0.324544	0.0680221	0.0082928	98.6247	0.0999747	0.0296434	0.0137642
2125.43	0.00833333	0.9446	0.453059	0.378183	0.913211	0.0470458	0.161224	0.742765	0.285751	0.101742	0.157324	0.394733	0.0962153	0.849242	0.329919	0.043414	0.0272433	98.6894	0.0999391	0.0298614	0.00849111
2125.43	0.00833333	0.945534	0.412022	0.533995	0.70077	0.266647	0.0983878	0.777391	0.0913821	0.181736	0.0204115	0.220183	0.0913761	0.135041	0.137177	0.0345748	0.0465697	98.9967	0.0997598	0.0297905	0.00198043
2125.43	0.00833333	0.950749	0.276008	0.148737	0.889126	0.464429	0.083263	0.0340976	0.239881	0.354301	0.0556139	0.96042	0.606088	0.0693259	0.404225	0.00154957	0.226026	99.3352	0.0998418	0.029374	0.0173108
2125.46	0.00833333	0.948785	0.646716	0.545024	0.264879	0.117786	0.181773	0.312815	0.112102	0.239093	0.215251	0.852923	0.906683	0.43034	0.0195858	0.0546944	0.00613341	98.8741	0.0997876	0.0297023	0.0111228
2125.47	0.00833333	0.947875	0.191091	0.186415	0.784575	0.485585	0.0288617	0.442608	0.41172	0.262308	0.194679	0.515123	0.914368	0.648177	0.281224	0.00160081	0.11298	98.6269	0.0999246	0.0297699	0.00971353
2125.48	0.00833333	0.94743	0.0800836	0.0958319	0.112067	0.290457	0.284964	0.393163	0.0144614	0.0930266	0.00638691	0.452648	0.344481	0.898974	0.359194	0.0494246	0.0242043	98.7158	0.0998731	0.0297736	0.00740902
2125.49	0.00833333	0.947157	0.625882	0.901495	0.997422	0.0459439	0.0596191	0.30594	0.784822	0.0171854	0.125747	0.18148	0.446632	0.108448	0.206894	0.0605657	0.124225	98.6563	0.0997858	0.0297684	0.0110849
2125.5	0.00833333	0.948056	0.314893	0.259801	0.629528	0.213277	0.00781444	0.78143	0.538108	0.342962	0.23164	0.329483	0.743231	0.109485	0.267995	0.183377	0.0206158	97.543	0.0999342	0.0298536	0.00322395
2125.52	0.00833333	0.950099	0.203373	0.202796	0.561419	0.172992	0.0143642	0.949373	0.592712	0.300126	0.40237	0.3324	0.261852	0.162733	0.00509527	0.166321	0.0476274	97.991	0.0999407	0.0298905	0.00917992
2125.56	0.00833333	0.943778	0.983527	0.160144	0.139611	0.0321507	0.137118	0.775825	0.555909	0.421163	0.153232	0.0965359	0.121363	0.0672158	0.0140228	0.0952064	0.0267523	99.2875	0.0999641	0.0299178	0.00794835
2125.57	0.00833333	0.949996	0.508753	0.792769	0.418892	0.468272	0.174346	0.220007	0.117143	0.586314	0.0693205	0.545577	0.301972	0.26019	0.0181844	0.0498024	0.0328416	98.0063	0.0999322	0.0298622	0.00669106
2125.58	0.00833333	0.943313	0.345696	0.338256	0.0660892	0.401793	0.312809	0.00250983	0.188686	0.0644689	0.0424153	0.670507	0.487078	0.905814	0.332647	0.186493	0.0145359	98.5252	0.0999074	0.0298559	0.00518243
2125.58	0.00833333	0.948587	0.609018	0.0315808	0.936779	0.284442	0.133867	0.665595	0.137642	0.22389	0.116629	0.412322	0.827629	0.533425	0.221147	0.0150826	0.018333	98.0748	0.0999039	0.0298752	0.00217575
2125.58	0.00833333	0.94845	0.349805	0.857459	0.85367	0.970554	0.36427	0.411483	0.390271	0.0835503	0.0178716	0.48999	0.394857	0.153672	0.0849667	0.0448929	0.0699779	99.1001	0.0998234	0.0297207	0.0115992
2125.58	0.00833333	0.948272	0.365157	0.457412	0.352905	0.563921	0.469757	0.659703	0.678411	0.25491	0.0309608	0.503659	0.515945	0.175646	0.0964994	0.0149166	0.042255	99.2019	0.0999123	0.0297108	0.0117997
2125.6	0.00833333	0.944767	0.829486	0.414761	0.615088	0.179807	0.307381	0.326983	0.361558	0.0906267	0.0763686	0.178452	0.289633	0.252421	0.350353	0.0129199	0.0405708	99.1148	0.0998989	0.0299248	0.00762262
2125.6	0.00833333	0.951824	0.224641	0.662269	0.371556	0.0986624	0.0218836	0.209519	0.0613062	0.02555	0.0560722	0.530222	0.800431	0.0352772	0.291003	0.10271	0.0496456	98.0089	0.0998847	0.0297493	0.0125464
2125.61	0.00833333	0.950818	0.0141881	0.184977	0.828824	0.151946	0.490704	0.341322	0.0497878	0.0151584	0.139915	0.00589469	0.721911	0.439368	0.761143	0.0309773	0.00452107	97.5917	0.0999444	0.0297705	0.0108992
2125.61	0.00833333	0.945327	0.702172	0.847291	0.441791	0.580497	0.0778717	0.216823	0.020453	0.460179	0.0357069	0.490986	0.039587	0.519206	0.1578	0.152425	0.0166696	99.4034	0.099987	0.0298209	0.0113372
2125.63	0.00833333	0.942552	0.429674	0.579473	0.321707	0.942095	0.0536155	0.142604	0.107569	0.283374	0.218405	0.519807	0.564816	0.386126	0.230944	0.0283949	0.0297596	99.4947	0.099989	0.0298614	0.00305442
2125.63	0.00833333	0.942674	0.973513	0.0887888	0.813243	0.30541	0.120275	0.290396	0.873236	0.0705044	0.220077	0.410058	0.334978	0.0414497	0.700003	0.0308308	0.0646519	98.5003	0.0999303	0.0298673	0.000890134
2125.64	0.00833333	0.953518	0.807909	0.53685	0.319537	0.782098	0.145278	0.585233	0.161582	0.161456	0.0308522	0.771162	0.600482	0.147299	0.0592456	0.00189288	0.105482	97.9111	0.0999994	0.0297783	0.0110027
2125.65	0.00833333	0.949593	0.584278	0.634076	0.720219	0.0189157	0.399236	0.459158	0.0274359	0.621676	0.193996	0.545462	0.021058	0.145623	0.281711	0.00403334	0.00710399	97.7329	0.0999456	0.0298149	0.0056181
2125.65	0.00833333	0.943806	0.423716	0.667645	0.593353	0.0342012	0.0785874	0.0796556	0.116234	0.00162018	0.205862	0.339567	0.604809	0.92565	0.277024	0.0483446	0.0587413	98.8521	0.0999073	0.0298471	0.00263597
2125.65	0.00833333	0.948904	0.298888	0.327543	0.437926	0.776382	0.463634	0.0981289	0.342281	0.0335562	0.208963	0.669023	0.321378	0.173234	0.309071	0.0535185	0.0402305	99.0593	0.0999731	0.0293964	0.018216
2125.66	0.00833333	0.942353	0.0696823	0.798854	0.734066	0.283466	0.158141	0.678197	0.359923	0.0905192	0.039583	0.590377	0.363707	0.289901	0.348195	0.136455	0.0317495	98.5897	0.0999678	0.02992	0.00507122
2125.66	0.00833333	0.948343	0.698208	0.877749	0.702884	0.446284	0.17264	0.418637	0.510665	0.167329	0.0738487	0.0198545	0.407602	0.812166	0.0484474	0.0170789	0.0428827	98.834	0.0999612	0.0296921	0.0118627
2125.66	0.00833333	0.950245	0.274814	0.175311	0.900476	0.526038	0.0365301	0.22606	0.886984	0.223993	0.115282	0.0962421	0.676749	0.166008	0.220144	0.0102309	0.0260462	97.6997	0.0998342	0.0298646	0.00896647
2125.67	0.00833333	0.94583	0.105112	0.026603	0.45086	0.490466	0.325934	0.117275	0.489946	0.526119	0.113633	0.613929	0.65382	0.697739	0.126688	0.13576	0.0688369	98.5772	0.0999118	0.0298503	0.00674224
2125.68	0.00833333	0.94433	0.900152	0.848537	0.027017	0.110177	0.109325	0.728193	0.518865	0.161485	0.114243	0.930274	0.896688	0.12232	0.225298	0.0179923	0.0766322	99.2987	0.0999966	0.0298197	0.00442061
2125.68	0.00833333	0.943694	0.290074	0.0743087	0.396176	0.26798	0.0265079	0.294845	0.762521	0.460374	0.182024	0.410632	0.542393	0.894746	0.168627	0.0392464	0.0669496	99.3307	0.099948	0.0298747	0.00256377
2125.68	0.00833333	0.949256	0.971664	0.376927	0.414189	0.520179	0.105081	0.528873	0.863639	0.151213	0.254465	0.905309	0.140604	0.613014	0.434674	0.0151397	0.109319	99.3873	0.0999477	0.0294948	0.0153143
2125.69	0.00833333	0.943102	0.17442	0.503798	0.463131	0.366297	0.355125	0.89119	0.586282	0.341498	0.141878	0.295804	0.0724732	0.209503	0.221011	0.0940405	0.0209487	98.5963	0.09999	0.0298748	0.000765304
2125.69	0.00833333	0.949557	0.233005	0.367948	0.356805	0.3958	0.0862842	0.141748	0.705197	0.211298	0.0851449	0.845882	0.933044	0.0586456	0.293957	0.105361	0.000145901	99.4428	0.0998119	0.0296772	0.00777204
2125.69	0.00833333	0.951574	0.49304	0.782214	0.5294	0.43453	0.402791	0.622288	0.495767	0.271067	0.0876257	0.482923	0.515702	0.0793443	0.00426993	0.0455002	0.0665759	97.6186	0.0998759	0.0298355	0.00915042
2125.69	0.00833333	0.949449	0.233413	0.388551	0.922628	0.438889	0.352081	0.205419	0.477364	0.457139	0.0361616	0.453191	0.778015	0.468873	0.356638	0.0446621	0.0438972	98.8197	0.0997503	0.0294933	0.0152662
2125.69	0.00833333	0.948912	0.552234	0.0592997	0.854822	0.0539786	0.31884	0.550666	0.835153	0.414458	0.105869	0.322116	0.348076	0.428985	0.0169687	0.0837633	0.0407422	98.8679	0.0999679	0.0297159	0.0125672
2125.71	0.00833333	0.944236	0.502844	0.342539	0.688922	0.769902	0.187886	0.702608	0.369484	0.199268	0.0551465	0.328904	0.611171	0.225432	0.143077	0.112406	0.0449098	98.9515	0.0999601	0.0299302	0.00256858
2125.71	0.00833333	0.950412	0.240878	0.00903779	0.586464	0.985687	0.65233	0.401464	0.364229	0.210486	0.243718	0.402945	0.166469	0.0785352	0.144446	0.0326342	0.0652295	99.337	0.099983	0.0290907	0.0201037
2125.71	0.00833333	0.947962	0.388862	0.453783	0.691544	0.411071	0.102106	0.788407	0.225704	0.431857	0.017014	0.0313691	0.303146	0.278854	0.0752736	0.0235663	0.0269719	98.3893	0.0998139	0.0299217	0.00575597
2125.71	0.00833333	0.951258	0.662961	0.321981	0.374271	0.288607	0.219483	0.509039	0.496449	0.260792	0.0965547	0.696865	0.576068	0.862869	0.465029	0.142271	0.0157814	99.3484	0.0998502	0.0293745	0.0172197
2125.72	0.00833333	0.945174	0.276635	0.455286	0.282703	0.467091	0.0409279	0.256576	0.235845	0.529254	0.204548	0.352397	0.825987	0.345929	0.117662	0.0291283	0.082453	98.9078	0.09993	0.0298512	0.00422959
2125.73	0.00833333	0.948318	0.417695	0.584743	0.133842	0.28646	0.157135	0.192969	0.807055	0.300117	0.118166	0.361329	0.628024	0.883083	0.0915137	0.165025	0.0526088	99.3422	0.0998239	0.0296592	0.0128227
2125.73	0.00833333	0.951079	0.904393	0.128252	0.356018	0.270255	0.0864112	0.246236	0.476863	0.22187	0.0131282	0.850414	0.131855	0.195586	0.32675	0.0256074	0.00586934	97.5727	0.099905	0.0298807	0.00359912
2125.73	0.00833333	0.94741	0.445172	0.585698	0.333669	0.456632	0.0960177	0.922144	0.243283	0.00447488	0.0760698	0.882752	0.436269	0.464403	0.141565	0.00426725	0.0234988	99.1869	0.0999857	0.0296702	0.0144056
2125.74	0.00833333	0.944088	0.190597	0.726851	0.707654	0.476995	0.657064	0.36209	0.586927	0.390615	0.0225276	0.218448	0.803168	0.139296	0.228127	0.0689689	0.0899663	98.8708	0.0999718	0.02992	0.00533599
2125.74	0.00833333	0.946429	0.65347	0.413209	0.773647	0.394227	0.0947978	0.541082	0.75937	0.0399295	0.357698	0.313537	0.0492907	0.519854	0.457545	0.0871457	0.00420775	99.3094	0.0998981	0.0297401	0.0105303
2125.75	0.00833333	0.949896	0.0620503	0.150406	0.502608	0.21798	0.188242	0.163721	0.180691	0.160775	0.170281	0.153059	0.47903	0.367005	0.341769	0.02987	0.0751514	98.4951	0.0999975	0.0298606	0.00577161
2125.75	0.00833333	0.949203	0.376191	0.212603	0.756697	0.352482	0.0702316	0.0361182	0.50712	0.313669	0.0232093	0.778849	0.841106	0.295022	0.43069	0.0582151	0.104978	98.8136	0.0997007	0.029728	0.0113884
2125.75	0.00833333	0.948554	0.0238638	0.227353	0.467773	0.547758	0.294933	0.444938	0.694394	0.253195	0.0229903	0.245181	0.745851	0.338379	0.0525439	0.0838455	0.0581964	98.4523	0.0999414	0.0297964	0.000114465
2125.75	0.00833333	0.945902	0.253284	0.179436	0.386958	0.226031	0.0413239	0.597305	0.160342	0.0536185	0.118446	0.383298	0.607615	0.383631	0.069824	0.0782126	0.0499516	98.6263	0.0999613	0.029793	0.0101202
2125.76	0.00833333	0.946433	0.86358	0.0162044	0.342996	0.82825	0.180047	0.204776	0.566144	0.0753818	0.0538182	0.564323	0.756797	0.540567	0.750528	0.0445517	0.0241936	98.6335	0.0999229	0.0297848	0.00396299
2125.76	0.00833333	0.942182	0.631081	0.355976	0.129092	0.225267	0.433491	0.0663622	0.575269	0.434275	0.131375	0.528004	0.260465	0.0399701	0.0599917	0.0108152	0.0326958	98.5094	0.0999093	0.0299014	0.000956839
2125.76	0.00833333	0.947906	0.554235	0.284496	0.579198	0.365663	0.183326	0.800325	0.792398	0.0428752	0.185787	0.342276	0.395339	0.115127	0.499558	0.101372	0.0297669	98.9605	0.0997341	0.0297413	0.00768738
2125.76	0.00833333	0.946467	0.217138	0.90802	0.848042	0.544677	0.26351	0.280104	0.352911	0.60381	0.030809	0.211309	0.674179	0.3544	0.0240421	0.00512921	0.0309596	98.2106	0.0998962	0.02993	0.00129443
2125.77	0.00833333	0.952612	0.0912842	0.562487	0.535029	0.194012	0.305524	0.492315	0.0459689	0.0380632	0.14438	0.786955	0.311445	0.324847	0.204367	0.0504554	0.0880722	98.3035	0.0999515	0.0296032	0.0138403
2125.77	0.00833333	0.953389	0.655202	0.350636	0.538482	0.082049	0.374092	0.194674	0.707018	0.0733534	0.0828512	0.829953	0.33121	0.96498	0.224573	0.0101491	0.0352403	97.9182	0.0999535	0.0297458	0.00980158
2125.78	0.00833333	0.948465	0.831229	0.0553331	0.565471	0.559312	0.351461	0.541046	0.403761	0.669594	0.118698	0.510256	0.380753	0.874946	0.306349	0.0232937	0.0343891	99.1868	0.0999561	0.0296193	0.0136962
2125.78	0.00833333	0.947675	0.714068	0.417647	0.426268	0.176902	0.146784	0.439255	0.957606	0.21659	0.0877796	0.42245	0.192242	0.340501	0.503543	0.0360971	0.00112712	98.462	0.0997738	0.0298736	0.000101496
2125.78	0.00833333	0.942344	0.679116	0.292908	0.531301	0.464924	0.0137742	0.650182	0.713947	0.139437	0.0818955	0.297244	0.339565	0.653313	0.486645	0.0627163	0.0465204	99.0995	0.0999523	0.0299089	0.00277041
2125.78	0.00833333	0.949829	0.086333	0.824338	0.884272	0.0425588	0.0750801	0.444943	0.163524	0.139614	0.0750439	0.461312	0.381971	0.662865	0.0982706	0.0580776	0.0340279	98.3046	0.0999206	0.0299336	0.00696781
2125.78	0.00833333	0.951258	0.782385	0.446893	0.56503	0.309529	0.309751	0.453087	0.206294	0.867143	0.147883	0.746998	0.565664	0.368835	0.158223	0.0680495	0.000646789	97.9342	0.0999522	0.0297854	0.00846725
2125.78	0.00833333	0.945837	0.688832	0.495935	0.918402	0.179081	0.288145	0.0674046	0.550404	0.152138	0.117216	0.747016	0.258632	0.541483	0.253577	0.0460798	0.0476597	98.6064	0.099956	0.0298788	0.0074209
2125.79	0.00833333	0.949059	0.402751	0.129242	0.449911	0.00977105	0.254267	0.135902	0.0414096	0.137721	0.134805	0.899102	0.609027	0.725343	0.181275	0.199946	0.0414117	98.8077	0.0999352	0.0296758	0.0120012
2125.79	0.00833333	0.95322	0.634065	0.421025	0.185305	0.196581	0.29671	0.193121	0.463927	0.450906	0.108458	0.631059	0.389059	0.0957397	0.351414	0.000945251	0.0600805	98.3614	0.0999889	0.0296838	0.010328
2125.79	0.00833333	0.947743	0.381956	0.326419	0.231169	0.457596	0.0554119	0.5782	0.807643	0.24268	0.0198135	0.0742986	0.870615	0.313488	0.102408	0.13477	0.0103102	97.9208	0.0999947	0.0299338	0.00800013
2125.79	0.00833333	0.9511	0.479262	0.293398	0.414827	0.409051	0.137153	0.89755	0.509579	0.186078	0.00982282	0.160638	0.680104	0.345967	0.771639	0.0011935	0.0776165	98.0379	0.0999615	0.0297444	0.0121498
2125.79	0.00833333	0.947631	0.0270376	0.0282877	0.473963	0.599255	0.357927	0.0746029	0.416632	0.278032	0.139648	0.474642	0.979994	0.383165	0.365084	0.121027	0.00311752	98.8781	0.0998902	0.0298102	0.0113025
2125.79	0.00833333	0.949521	0.340574	0.250468	0.0627569	0.118423	0.297022	0.461223	0.381098	0.0396737	0.0665309	0.932826	0.386781	0.8602	0.179884	0.223307	0.0789088	98.8161	0.0999236	0.0293344	0.0182153
2125.8	0.00833333	0.944381	0.294654	0.785806	0.416813	0.788621	0.223986	0.180849	0.791708	0.0129833	0.00357355	0.2718	0.674686	0.511073	0.423288	0.0866026	0.0207726	98.9677	0.0999118	0.0298124	0.0039568
2125.8	0.00833333	0.947744	0.296396	0.438699	0.655303	0.401242	0.214177	0.291038	0.630559	0.748112	0.200525	0.721531	0.693943	0.0884869	0.311938	0.0109877	0.00848525	97.8538	0.0998661	0.0299492	0.00349321
2125.8	0.00833333	0.954229	0.562723	0.679646	0.199782	0.526446	0.0410151	0.302081	0.799958	0.396805	0.11633	0.103568	0.740425	0.0178073	0.351506	0.0137288	0.0448049	97.6058	0.0999292	0.0295805	0.0140425
2125.8	0.00833333	0.952047	0.345107	0.143867	0.239085	0.315912	0.0189454	0.779383	0.247433	0.467734	0.00999114	0.700486	0.305714	0.189041	0.713419	0.0609055	0.042667	97.6764	0.0999769	0.0296539	0.0137207
2125.8	0.00833333	0.945043	0.512982	0.233173	0.387506	0.340402	0.178209	0.674308	0.534589	0.273711	0.0224435	0.100125	0.417326	0.339794	0.185772	0.104552	0.0361776	98.6253	0.0998985	0.0298789	0.00777028
2125.8	0.00833333	0.952033	0.483359	0.126998	0.51051	0.311265	0.0756404	0.695447	0.134236	0.841357	0.0934672	0.577294	0.806197	0.127009	0.111002	0.0263088	0.0979784	97.5842	0.09988	0.0297252	0.012039
2125.8	0.00833333	0.947565	0.412115	0.565135	0.0380593	0.463805	0.0992869	0.922493	0.250977	0.240945	0.0863591	0.660391	0.586237	0.114299	0.303573	0.0522727	0.115011	99.3183	0.0998447	0.0296107	0.0138201
2125.81	0.00833333	0.945469	0.0547965	0.363147	0.0318934	0.149718	0.213131	0.224846	0.351402	0.149128	0.0969836	0.41092	0.51431	0.260221	0.525622	0.000938015	0.0130958	98.6146	0.0998904	0.0298745	0.0105402
2125.82	0.00833333	0.948507	0.482906	0.178502	0.502721	0.553896	0.0514008	0.0808779	0.4826	0.0311262	0.0437417	0.798625	0.507929	0.413674	0.470824	0.119169	0.0849228	98.6028	0.0998567	0.0295235	0.0164429
2125.82	0.00833333	0.945987	0.93496	0.357135	0.85824	0.0672451	0.535626	0.18005	0.451938	0.316178	0.0278329	0.0228657	0.894659	0.0889995	0.478701	0.0700997	0.0182697	99.3815	0.0998831	0.0298175	0.0114158
2125.82	0.00833333	0.949732	0.915208	0.725743	0.276537	0.0414033	0.00854428	0.34236	0.545611	0.170986	0.0826941	0.78821	0.623596	0.444465	0.259885	0.0303195	0.0704447	98.3454	0.0998727	0.0297632	0.00115976
2125.82	0.00833333	0.947435	0.276344	0.979159	0.200516	0.52089	0.0233397	0.689072	0.664082	0.328613	0.128865	0.584787	0.290154	0.0849986	0.913543	0.0244805	0.0348547	98.6564	0.099966	0.029729	0.012472
2125.82	0.00833333	0.949619	0.779343	0.0133589	0.787168	0.623961	0.134143	0.492683	0.565135	0.546807	0.158286	0.520823	0.196992	0.744992	0.16166	0.064932	0.0614703	99.0979	0.0998309	0.0295239	0.0151612
2125.83	0.00833333	0.949132	0.402415	0.505537	0.585421	0.237653	0.0132044	0.0737544	0.558395	0.139725	0.0634126	0.597415	0.992532	0.336321	0.0923842	0.103332	0.0721292	98.4206	0.0999996	0.0299457	0.0049906
2125.83	0.00833333	0.949622	0.55677	0.0313121	0.176956	0.0439494	0.334131	0.502317	0.936356	0.530072	0.0109676	0.944817	0.099823	0.495688	0.330726	0.0576762	0.0825177	98.796	0.099912	0.0296593	0.0111303
2125.84	0.00833333	0.944392	0.779522	0.326544	0.585946	0.131052	0.224611	0.0521521	0.374189	0.181824	0.0726648	0.988795	0.749022	0.576753	0.333992	0.0294809	0.0512536	98.7197	0.0999942	0.0298416	0.00429066
2125.84	0.00833333	0.942983	0.509074	0.762862	0.0347918	0.233393	0.256047	0.825656	0.0142139	0.10233	0.24524	0.244398	0.856373	0.731066	0.227156	0.0131706	0.0206727	98.7439	0.0999453	0.0298975	0.0052901
2125.84	0.00833333	0.942534	0.528793	0.00251276	0.966212	0.0572914	0.498872	0.716435	0.352047	0.35039	0.0100336	0.266114	0.244281	0.481469	0.246602	0.170769	0.078066	99.3461	0.0999779	0.0299125	0.00361014
2125.84	0.00833333	0.945061	0.671606	0.392675	0.266277	0.307485	0.21435	0.995925	0.241715	0.136651	0.152384	0.655494	0.826599	0.493441	0.497501	0.0542425	0.0581473	99.1258	0.0999068	0.0298476	0.0028134
2125.84	0.00833333	0.94802	0.747185	0.455189	0.917597	0.48222	0.183438	0.524209	0.227297	0.249723	0.00857781	0.990023	0.624216	0.115476	0.230802	0.0730092	0.0330537	98.694	0.0999709	0.0294405	0.017681
2125.85	0.00833333	0.947911	0.626567	0.135521	0.560107	0.0837109	0.174401	0.664209	0.0177532	0.370838	0.13452	0.638495	0.840167	0.448077	0.204273	0.096625	0.047232	98.1232	0.099804	0.0298296	0.0021939
2125.85	0.00833333	0.946779	0.0951034	0.806822	0.662669	0.209267	0.205274	0.280694	0.0387177	0.417644	0.0902276	0.946181	0.417828	0.613244	0.330922	0.0406196	0.0725712	98.8979	0.0999537	0.029637	0.0145805
2125.85	0.00833333	0.949588	0.603123	0.268729	0.892835	0.0877014	0.0291874	0.0973209	0.48405	0.0801477	0.236781	0.321375	0.722931	0.293527	0.104433	0.0748827	0.0110533	98.2788	0.0999747	0.0298151	0.0100236
2125.85	0.00833333	0.947742	0.716785	0.627658	0.51269	0.42914	0.114831	0.708491	0.690813	0.263754	0.170316	0.148282	0.703838	0.470606	0.155837	0.0774884	0.093095	98.7377	0.0999473	0.0296157	0.0139965
2125.85	0.00833333	0.945137	0.444142	0.618418	0.353847	0.607627	0.0110253	0.888201	0.344172	0.275513	0.082738	0.0732478	0.0250818	0.850408	0.247557	0.064051	0.021008	98.8297	0.0997883	0.0297954	0.00363057
2125.85	0.00833333	0.941106	0.886974	0.677428	0.421717	0.126899	0.0396179	0.324822	0.56585	0.0688995	0.0873593	0.569634	0.0507119	0.0339126	0.351687	0.018625	0.104114	99.0765	0.0999593	0.0298925	0.000100681
2125.86	0.00833333	0.945819	0.195171	0.672615	0.426608	0.969683	0.0699555	0.387523	0.216114	0.206566	0.0841999	0.334803	0.734195	0.785047	0.294239	0.127145	0.0355822	98.5181	0.0999649	0.0298954	0.00717765
2125.86	0.00833333	0.952961	0.471923	0.705672	0.558129	0.793715	0.311418	0.1195	0.384554	0.146212	0.0734719	0.0674936	0.139665	0.510785	0.0377725	0.00161641	0.00863658	98.359	0.0997255	0.0297098	0.0106858
2125.87	0.00833333	0.945569	0.341999	0.884053	0.169496	0.563185	0.21607	0.986861	0.186948	0.0137521	0.255087	0.920373	0.621993	0.360801	0.363817	0.0539004	0.0285207	99.1806	0.0999723	0.0298089	0.0104214
2125.87	0.00833333	0.94408	0.298603	0.578061	0.810222	0.102162	0.0615122	0.293336	0.304423	0.593966	0.21999	0.983543	0.708461	0.0733635	0.00187686	0.150672	0.00423176	98.688	0.0999355	0.029851	0.00488367
2125.88	0.00833333	0.94407	0.10471	0.345607	0.43959	0.630871	0.00518814	0.492607	0.262641	0.205177	0.0846937	0.32537	0.466431	0.973099	0.234718	0.0716239	0.0868116	98.7086	0.0999707	0.0298907	0.00669023
2125.88	0.00833333	0.948237	0.877653	0.543206	0.488361	0.188258	0.0334596	0.987552	0.341022	0.367408	0.109061	0.49183	0.617053	0.989811	0.555212	0.0954514	0.0535036	99.2184	0.099892	0.0296342	0.0144256
2125.88	0.00833333	0.952259	0.174017	0.0704129	0.103144	0.566971	0.175373	0.17684	0.521359	0.115172	0.0152335	0.501606	0.0944903	0.61501	0.731298	0.139574	0.0278744	98.0913	0.0999379	0.0296852	0.0106785
2125.88	0.00833333	0.949467	0.227124	0.0911898	0.506914	0.156188	0.212016	0.37567	0.744099	0.0771543	0.152752	0.701406	0.463484	0.474386	0.182479	0.0471224	0.0192734	97.8328	0.0998936	0.0298797	0.00361142
2125.89	0.00833333	0.94634	0.259224	0.373395	0.991089	0.540362	0.302569	0.747908	0.271404	0.49556	0.208591	0.688831	0.549035	0.780031	0.182959	0.0042694	0.00973149	99.2142	0.099899	0.0298532	0.00822463
2125.89	0.00833333	0.942969	0.177449	0.662724	0.34178	0.916405	0.0224534	0.314391	0.339174	0.436341	0.0335906	0.141634	0.149936	0.276517	0.253264	0.0409739	0.0631875	99.091	0.0999988	0.0299069	0.00240226
2125.89	0.00833333	0.945009	0.448898	0.428718	0.967322	0.00389472	0.264293	0.380776	0.685584	0.129955	0.0701763	0.487596	0.821764	0.571047	0.436703	0.153776	0.053158	98.5548	0.0997903	0.029848	0.00517535
2125.89	0.00833333	0.944023	0.503151	0.0177655	0.613013	0.625259	0.0850999	0.344465	0.302628	0.312118	0.121497	0.696945	0.612625	0.582007	0.134069	0.00852286	0.0657623	98.7583	0.0998997	0.0298363	0.0008415
2125.9	0.00833333	0.944415	0.66488	0.378699	0.848206	0.347545	0.102885	0.95798	0.771915	0.320184	0.0253193	0.0637477	0.123728	0.0261342	0.0495541	0.15848	0.0678246	99.2482	0.0999255	0.0298808	0.00707776
2125.9	0.00833333	0.944677	0.972267	0.488381	0.207175	0.427385	0.0704906	0.176362	0.64661	0.397644	0.0242544	0.629602	0.327641	0.190216	0.0591251	0.0433764	0.0143015	98.8964	0.0999575	0.0298833	0.0120775
2125.9	0.00833333	0.951578	0.409798	0.217254	0.802447	0.00620213	0.220301	0.820666	0.817269	0.173149	0.220054	0.583742	0.973892	0.761087	0.146776	0.0540989	0.0309992	98.3578	0.0999893	0.0297757	0.00716974
