distance	weight	r0	r1	r2	r3	r4	r5	r6	r7	r8	r9	r10	r11	r12	r13	r14	r15	tp	dr1	dr2	dr3
2125.56	0.00833333	0.943795	0.221109	0.0887645	0.0421837	0.574403	0.203733	0.652349	0.61165	0.509554	0.0718777	0.702383	0.873296	0.208162	0.447019	0.214007	0.0167801	98.9964	0.0999708	0.0298192	0.00162148
2125.68	0.00833333	0.950571	0.731228	0.0829432	0.578306	0.673617	0.0284424	0.561766	0.642246	0.519393	0.0204696	0.368916	0.663108	0.757575	0.791627	0.00931701	0.0211263	98.7028	0.0999396	0.0294097	0.0165793
2125.86	0.00833333	0.945835	0.170456	0.159665	0.424021	0.289228	0.402953	0.431298	0.139276	0.00776643	0.180537	0.359668	0.535301	0.306924	0.327258	0.0316237	0.0633541	97.6735	0.0997809	0.0299333	0.000713675
2125.87	0.00833333	0.95344	0.759259	0.615316	0.76456	0.296139	0.0645059	0.580019	0.86455	0.302312	0.151211	0.0161517	0.878132	0.331003	0.246393	0.0470394	0.010434	98.3274	0.0997815	0.0297376	0.0108157
2125.93	0.00833333	0.948649	0.394276	0.484017	0.155652	0.529972	0.0637202	0.430735	0.484404	0.394902	0.165734	0.941692	0.426712	0.649004	0.324051	0.188338	0.00289571	97.6952	0.0999159	0.029861	0.00375615
2125.94	0.00833333	0.947994	0.0287726	0.147705	0.622563	0.70415	0.297716	0.629679	0.567748	0.346605	0.0377534	0.881085	0.374413	0.717138	0.142381	0.157207	0.0157966	99.1956	0.0997813	0.0297617	0.00860757
2126	0.00833333	0.950871	0.0201393	0.799261	0.810401	0.780589	0.140804	0.69079	0.281469	0.0660504	0.0506192	0.670409	0.538915	0.554238	0.551729	0.143347	0.00254146	98.215	0.099828	0.0298279	0.0054025
2126.01	0.00833333	0.948472	0.432326	0.658298	0.146962	0.406035	0.155771	0.436104	0.239331	0.165617	0.0801217	0.309689	0.415249	0.254058	0.158706	0.0191592	0.0699579	98.3619	0.0997403	0.0299078	0.003841
2126.02	0.00833333	0.950886	0.992406	0.375333	0.371771	0.186778	0.113197	0.582015	0.828693	0.261132	0.0931744	0.111797	0.542439	0.0075937	0.438537	0.0946236	0.0420181	98.4532	0.0997079	0.0298209	0.00974983
2126.05	0.00833333	0.956968	0.825736	0.618422	0.258883	0.402553	0.141181	0.205383	0.707593	0.391053	0.0573285	0.449643	0.0160304	0.713754	0.829634	0.0589797	0.00145555	98.4696	0.0994614	0.0295892	0.0119477
2126.06	0.00833333	0.948193	0.938565	0.696899	0.947215	0.212608	0.0581541	0.424967	0.779993	0.256665	0.0604707	0.224906	0.465582	0.282012	0.169087	0.0665693	0.156232	97.9917	0.0999363	0.0298434	0.00520165
2126.07	0.00833333	0.949279	0.375079	0.0746822	0.743994	0.350181	0.0791759	0.29576	0.38764	0.406984	0.112741	0.877436	0.860373	0.605191	0.255084	0.114157	0.00934493	98.2524	0.0999388	0.0297628	0.0119053
2126.09	0.00833333	0.948024	0.603713	0.487768	0.470476	0.142152	0.450589	0.521411	0.913413	0.238463	0.0217915	0.424291	0.337549	0.494639	0.638646	0.253843	0.00392213	98.3798	0.099998	0.0299244	0.00863328
2126.12	0.00833333	0.950303	0.273433	0.44014	0.129628	0.222999	0.120163	0.97023	0.638404	0.247441	0.0733421	0.484931	0.325036	0.103047	0.440826	0.0287545	0.045214	99.0528	0.0998861	0.0292232	0.0192547
2126.17	0.00833333	0.944355	0.569201	0.102361	0.737931	0.630553	0.180007	0.660183	0.947954	0.236755	0.0780384	0.0118402	0.971543	0.498285	0.0695378	0.100121	0.00800347	98.9877	0.0999288	0.0298877	0.00380229
2126.2	0.00833333	0.953318	0.714745	0.176253	0.418602	0.541349	0.211291	0.398813	0.39629	0.0924658	0.0805909	0.589595	0.66653	0.233816	0.00464341	0.155354	0.173596	98.0266	0.0999316	0.0295181	0.0165204
2126.22	0.00833333	0.95676	0.997497	0.492427	0.522925	0.400313	0.0155039	0.537812	0.929486	0.611816	0.285038	0.593347	0.14839	0.390903	0.179729	0.00396285	0.113748	97.6105	0.0999694	0.0291539	0.0197119
2126.23	0.00833333	0.947521	0.676269	0.76322	0.434939	0.0613742	0.145148	0.241367	0.30699	0.427818	0.330837	0.381272	0.524361	0.191495	0.389896	0.0257	0.00299424	98.8913	0.0997981	0.0297882	0.0054787
2126.23	0.00833333	0.951874	0.253657	0.262242	0.366199	0.208575	0.303252	0.496743	0.725112	0.244116	0.0211159	0.217965	0.927681	0.430179	0.331773	0.0813938	0.0752336	98.5331	0.0999246	0.0292782	0.0175623
2126.24	0.00833333	0.950916	0.856495	0.404375	0.919572	0.440717	0.072773	0.37688	0.348088	0.841988	0.0941688	0.377269	0.0574013	0.0666995	0.192531	0.0998862	0.0381491	98.6643	0.0999618	0.0294849	0.0144511
2126.24	0.00833333	0.949782	0.577354	0.642725	0.757734	0.0318159	0.449733	0.460551	0.807082	0.0482072	0.197835	0.750071	0.47775	0.939337	0.262908	0.023913	0.0109808	98.6799	0.0998249	0.0294694	0.0164377
2126.28	0.00833333	0.948235	0.668494	0.71755	0.103304	0.068011	0.0854352	0.669222	0.000177413	0.671034	0.0427843	0.270986	0.489557	0.737023	0.390723	0.0977911	0.136862	99.4074	0.0997068	0.029732	0.0110965
2126.29	0.00833333	0.955817	0.472764	0.179434	0.135795	0.523343	0.185391	0.776526	0.519232	0.732925	0.363353	0.615021	0.400127	0.284303	0.113297	0.0554277	0.012189	97.5334	0.0999399	0.0292734	0.0189983
2126.29	0.00833333	0.950229	0.0822656	0.264058	0.734727	0.917799	0.264558	0.265043	0.452502	0.0459197	0.0185651	0.307158	0.602318	0.207728	0.220139	0.00796229	0.0833308	98.1096	0.0999373	0.0298493	0.00307567
2126.3	0.00833333	0.953518	0.280566	0.615485	0.0174291	0.429109	0.108585	0.923599	0.507084	0.436303	0.15536	0.434128	0.447283	0.325794	0.0517484	0.199755	0.0884459	98.8768	0.0997288	0.0292056	0.018367
2126.3	0.00833333	0.949244	0.653527	0.754708	0.589914	0.0808078	0.185591	0.759054	0.52353	0.482531	0.0191424	0.433233	0.459469	0.113601	0.175174	0.047568	0.243497	99.3592	0.0998464	0.0295898	0.0135073
2126.31	0.00833333	0.947368	0.609567	0.575181	0.0650863	0.589448	0.69198	0.462092	0.12797	0.119176	0.118557	0.0892568	0.159429	0.647421	0.7362	0.0559666	0.0303173	98.646	0.0999859	0.0296629	0.014636
2126.34	0.00833333	0.952718	0.568153	0.0430179	0.658318	0.498905	0.492662	0.215665	0.0251173	0.593233	0.207283	0.229876	0.169959	0.294968	0.777032	0.0247146	0.0921221	98.1325	0.099856	0.0297506	0.0108055
2126.34	0.00833333	0.949241	0.662515	0.601444	0.269168	0.114242	0.115362	0.00953602	0.384555	0.108911	0.18813	0.334246	0.863738	0.0855723	0.0118566	0.0419265	0.0959579	98.9917	0.0999883	0.0296386	0.0093808
2126.34	0.00833333	0.954458	0.331914	0.475394	0.894113	0.100391	0.189501	0.82416	0.66512	0.395524	0.100024	0.971242	0.837944	0.154009	0.594212	0.0047587	0.0416819	98.2066	0.0999279	0.0290438	0.0206274
2126.35	0.00833333	0.947594	0.364884	0.40738	0.253813	0.477488	0.277276	0.0365904	0.477262	0.275058	0.149511	0.601003	0.0657068	0.521789	0.55745	0.11993	0.0465516	98.7343	0.0998271	0.0296625	0.00940433
2126.36	0.00833333	0.954504	0.32358	0.0860437	0.393232	0.122334	0.0881588	0.471962	0.292077	0.689055	0.0596657	0.59335	0.899412	0.519814	0.639662	0.146648	0.0278481	98.0063	0.0998842	0.0295933	0.0127417
2126.37	0.00833333	0.952312	0.791927	0.196284	0.263254	0.214516	0.0831955	0.455117	0.570428	0.050152	0.0573131	0.379424	0.312129	0.540405	0.130622	0.0981713	0.0852913	98.7036	0.0999077	0.0295341	0.0145984
2126.39	0.00833333	0.943728	0.511868	0.759441	0.682397	0.49891	0.0565792	0.474979	0.369808	0.240645	0.0896161	0.554946	0.739946	0.0611166	0.635063	0.0323436	0.141396	98.1521	0.0999859	0.0299856	0.00104718
2126.39	0.00833333	0.949223	0.954537	0.319674	0.87736	0.948184	0.2463	0.855721	0.744502	0.426542	0.227907	0.199136	0.601347	0.523586	0.238299	0.0185302	0.0784847	99.3373	0.099738	0.0296078	0.0127555
2126.39	0.00833333	0.952297	0.152803	0.394573	0.257977	0.699746	0.686827	0.0498303	0.574096	0.731884	0.120081	0.761108	0.428756	0.486866	0.0861802	0.0851057	0.00338218	97.7125	0.0998206	0.0297572	0.0109522
2126.39	0.00833333	0.942897	0.245049	0.186759	0.0699624	0.392405	0.764955	0.0668119	0.928842	0.308504	0.173898	0.362822	0.422622	0.669008	0.474907	0.0682543	0.00180912	98.7508	0.0999243	0.0299476	0.00427676
2126.39	0.00833333	0.948656	0.607607	0.756253	0.654878	0.136126	0.286788	0.303747	0.359473	0.122003	0.0859981	0.434895	0.996487	0.202365	0.00377723	0.13504	0.0421005	98.8109	0.0998917	0.0295041	0.0171854
2126.42	0.00833333	0.955198	0.218243	0.104942	0.872166	0.37456	0.115976	0.475149	0.905542	0.717758	0.00453708	0.854814	0.30353	0.085749	0.786045	0.0150755	0.174339	97.945	0.0998571	0.0294927	0.0158728
2126.43	0.00833333	0.948207	0.879961	0.916895	0.765263	0.188639	0.214403	0.0627807	0.610748	0.520697	0.106037	0.517585	0.640383	0.480443	0.177491	0.0083006	0.0150862	98.3482	0.0998995	0.0298657	0.000146857
2126.44	0.00833333	0.953108	0.977401	0.80897	0.92671	0.107442	0.134932	0.567867	0.219623	0.280882	0.21975	0.37219	0.999785	0.415103	0.313129	0.0898947	0.102278	98.0184	0.0999045	0.0297032	0.0118731
2126.44	0.00833333	0.946161	0.575741	0.405694	0.26381	0.0885289	0.391285	0.376966	0.248828	0.157947	0.0803057	0.551827	0.787275	0.430777	0.00265161	0.147332	0.054649	98.8818	0.0999306	0.0297122	0.00893453
2126.45	0.00833333	0.946706	0.197194	0.843781	0.445131	0.215434	0.0146959	0.287383	0.407192	0.417249	0.192238	0.945613	0.093237	0.935757	0.392259	0.165693	0.0126068	99.1341	0.0997427	0.0297838	0.00663871
2126.45	0.00833333	0.945297	0.538411	0.809435	0.103158	0.461896	0.240988	0.26344	0.462695	0.187798	0.0813171	0.276922	0.0967433	0.310997	0.540473	0.125948	0.191881	98.6221	0.0999197	0.0297606	0.00830542
2126.45	0.00833333	0.952786	0.588111	0.481406	0.568424	0.221796	0.166758	0.158487	0.261818	0.649926	0.197016	0.075324	0.64869	0.233287	0.0117956	0.209192	0.0327892	97.5052	0.0997371	0.0297701	0.0109284
2126.45	0.00833333	0.945804	0.245149	0.68388	0.643401	0.461268	0.342996	0.422976	0.187837	0.664666	0.0010182	0.485107	0.890504	0.674091	0.492426	0.00384226	0.0802026	99.2375	0.0998166	0.0298774	0.00853277
2126.46	0.00833333	0.944539	0.341768	0.455678	0.0656749	0.345257	0.191861	0.809449	0.490922	0.410719	0.130252	0.592375	0.556641	0.253175	0.435376	0.0961425	0.145066	98.6822	0.0999484	0.029825	0.00384051
2126.47	0.00833333	0.949211	0.432543	0.496184	0.560218	0.407151	0.0221226	0.414533	0.811946	0.492647	0.298052	0.780919	0.395749	0.134273	0.457376	0.281782	0.0255831	99.3244	0.0999457	0.029302	0.0188422
2126.47	0.00833333	0.949557	0.731271	0.615899	0.817356	0.194529	0.17628	0.13297	0.431823	0.58258	0.221985	0.754988	0.585776	0.766264	0.0863447	0.12711	0.159237	98.8558	0.0999312	0.029452	0.0172395
2126.48	0.00833333	0.954322	0.623081	0.629972	0.435473	0.512803	0.235181	0.423574	0.163464	0.0159024	0.155154	0.992415	0.369145	0.246311	0.968848	0.0216064	0.0314357	97.9275	0.0999522	0.0289904	0.0217128
2126.48	0.00833333	0.949166	0.727871	0.181989	0.931566	0.170753	0.381264	0.242077	0.766398	0.471077	0.260509	0.102408	0.368941	0.145023	0.0348054	0.2985	0.0800177	98.3562	0.099954	0.0299384	0.00781626
2126.48	0.00833333	0.942925	0.368625	0.868248	0.412386	0.919705	0.0501268	0.303792	0.908418	0.151898	0.000300393	0.264269	0.573016	0.664991	0.723001	0.129282	0.0730061	98.8587	0.0999769	0.0299492	0.00526063
2126.48	0.00833333	0.949279	0.193334	0.486116	0.183273	0.138438	0.432905	0.36575	0.342036	0.165017	0.0916019	0.771785	0.75221	0.238227	0.629524	0.0834884	0.099781	98.6212	0.0997412	0.0297203	0.0109316
2126.49	0.00833333	0.953414	0.453203	0.444491	0.0639658	0.34786	0.795656	0.626001	0.92841	0.170637	0.00137396	0.399994	0.869046	0.526491	0.396592	0.0348036	0.125728	97.6809	0.0996674	0.0296111	0.0138836
2126.49	0.00833333	0.946507	0.963891	0.653949	0.398031	0.221917	0.192995	0.593497	0.863295	0.240479	0.0697245	0.915061	0.549491	0.68628	0.359797	0.1324	0.191447	98.5539	0.0996903	0.0297715	0.00261222
2126.49	0.00833333	0.951326	0.528149	0.496142	0.733697	0.346867	0.445945	0.0469935	0.0965358	0.0726176	0.16297	0.145531	0.808445	0.363698	0.503418	0.139938	0.0797872	98.3101	0.0998492	0.0296401	0.0149983
2126.49	0.00833333	0.941941	0.757468	0.411363	0.88603	0.755497	0.431548	0.348346	0.3706	0.398947	0.107205	0.47567	0.337317	0.866412	0.345439	0.012212	0.0654506	99.0713	0.0999886	0.0298219	0.00122915
2126.49	0.00833333	0.947761	0.872874	0.118668	0.143053	0.544109	0.190996	0.64207	0.645558	0.204811	0.123605	0.254749	0.900186	0.425156	0.153908	0.195777	0.155542	97.713	0.0999346	0.029859	0.00208449
2126.5	0.00833333	0.940167	0.728409	0.733458	0.53935	0.232291	0.0395298	0.606343	0.830468	0.954776	0.0285319	0.169282	0.981814	0.556748	0.653533	0.0527926	0.114234	98.5777	0.0999526	0.029953	0.00176854
2126.51	0.00833333	0.946539	0.385723	0.329383	0.275467	0.672422	0.15809	0.430285	0.228592	0.657113	0.254638	0.586863	0.272007	0.73851	0.338142	0.22313	0.0697212	99.3459	0.0998702	0.0297595	0.0124103
2126.51	0.00833333	0.942593	0.304154	0.312881	0.308851	0.301565	0.299432	0.380548	0.360799	0.707207	0.0392273	0.225542	0.909338	0.138516	0.14775	0.141401	0.0248989	98.5949	0.0998695	0.0297855	0.000720226
2126.52	0.00833333	0.950873	0.276973	0.835702	0.750953	0.309466	0.196221	0.785344	0.398005	0.742038	0.0888991	0.434175	0.849416	0.290302	0.41216	0.0242274	0.0483329	99.3754	0.0996652	0.0295692	0.0137254
2126.52	0.00833333	0.946129	0.15042	0.748491	0.414664	0.158181	0.16434	0.493511	0.556982	0.523269	0.13489	0.347941	0.434559	0.189412	0.354573	0.198371	0.00180995	99.104	0.0999674	0.0295883	0.0142975
2126.53	0.00833333	0.945732	0.636771	0.199675	0.810483	0.188279	0.465577	0.776878	0.657821	0.00593247	0.157298	0.349443	0.67296	0.382018	0.349673	0.0780102	0.120882	98.029	0.0999355	0.0299685	0.00503913
2126.53	0.00833333	0.94689	0.313357	0.0978017	0.243225	0.609343	0.321708	0.742839	0.798007	0.802278	0.156836	0.824258	0.661414	0.493961	0.429196	0.00183388	0.115205	99.1698	0.0999939	0.0296972	0.00913876
2126.54	0.00833333	0.941172	0.179831	0.56279	0.0418605	0.0423341	0.267694	0.501399	0.514333	0.739142	0.217296	0.671252	0.432912	0.136077	0.469913	0.130746	0.0635241	99.2829	0.0999487	0.0298712	0.00209677
2126.54	0.00833333	0.95567	0.701641	0.127072	0.73242	0.61662	0.039949	0.755371	0.419754	0.612096	0.273224	0.60472	0.644846	0.580719	0.556913	0.0683034	0.0752154	97.5474	0.0998636	0.0296269	0.0122249
2126.54	0.00833333	0.953082	0.492368	0.0443123	0.164779	0.96951	0.227466	0.306419	0.270078	0.290989	0.260866	0.339278	0.0514137	0.303802	0.371074	0.0850948	0.0813167	97.7029	0.0999706	0.0294057	0.0174124
2126.55	0.00833333	0.950597	0.634449	0.247773	0.854609	0.0652411	0.449276	0.461928	0.688698	0.16442	0.109799	0.0518333	0.114281	0.219834	0.177638	0.0385403	0.109135	97.762	0.0996365	0.0297896	0.00595247
2126.55	0.00833333	0.94851	0.433787	0.283872	0.918049	0.627155	0.0125455	0.921831	0.861173	0.453646	0.00652083	0.727499	0.950392	0.313061	0.360679	0.182324	0.0404109	98.111	0.0999166	0.0299261	0.00657366
2126.55	0.00833333	0.949266	0.395525	0.311965	0.681503	0.382864	0.281241	0.417192	0.136522	0.481293	0.0578574	0.247775	0.444102	0.117819	0.620283	0.0391878	0.0201219	99.1224	0.0998826	0.0296955	0.00723075
2126.55	0.00833333	0.945999	0.909525	0.591116	0.379609	0.673749	0.210686	0.197398	0.261503	0.600203	0.22475	0.125677	0.561152	0.496925	0.0776918	0.113411	0.013575	99.4229	0.0998227	0.0298392	0.00678577
2126.56	0.00833333	0.953692	0.493973	0.327083	0.753791	0.638107	0.122624	0.283306	0.119389	0.706548	0.234803	0.460104	0.900329	0.441535	0.00382343	0.232882	0.0266911	98.1652	0.0999699	0.0295592	0.0152599
2126.59	0.00833333	0.945344	0.499429	0.637696	0.727563	0.205973	0.18668	0.311126	0.105171	0.331323	0.141037	0.613598	0.612022	0.0753996	0.133165	0.0912296	0.0632802	98.9702	0.0997616	0.0297632	0.00682254
2126.59	0.00833333	0.943586	0.100027	0.102127	0.133373	0.507142	0.144512	0.488199	0.258435	0.364809	0.248	0.295224	0.126271	0.754393	0.708633	0.294312	0.0767663	99.0076	0.0999675	0.0298669	0.00461654
2126.59	0.00833333	0.949995	0.922917	0.757241	0.552906	0.177547	0.31772	0.910193	0.802507	0.437942	0.0833864	0.315096	0.176576	0.179994	0.24832	0.22683	0.070814	97.8731	0.0999305	0.029819	0.007505
2126.6	0.00833333	0.944497	0.695767	0.71861	0.28637	0.327492	0.187375	0.678342	0.0195707	0.141955	0.148279	0.610352	0.666447	0.383207	0.0636481	0.103447	0.150271	98.6553	0.0998353	0.0298958	0.00365292
2126.62	0.00833333	0.943429	0.687869	0.822258	0.0235151	0.0755645	0.392162	0.168808	0.699254	0.490242	0.000919431	0.664393	0.395899	0.239907	0.63224	0.0252729	0.0870052	98.3334	0.0999393	0.0299096	0.000112157
2126.62	0.00833333	0.949236	0.298213	0.265672	0.259556	0.736388	0.363804	0.898299	0.135504	0.177016	0.148658	0.537463	0.75156	0.0603196	0.17327	0.101561	0.019384	97.8064	0.0997973	0.0298404	0.00568149
2126.62	0.00833333	0.950777	0.313615	0.523543	0.289982	0.737569	0.210295	0.52262	0.617225	0.203266	0.436271	0.791043	0.594684	0.0516006	0.475854	0.0750668	0.119047	98.1317	0.099891	0.0298115	0.00853237
2126.62	0.00833333	0.94602	0.684405	0.932524	0.334412	0.431087	0.440107	0.962829	0.195176	0.172032	0.00391987	0.305062	0.938665	0.302803	0.0916297	0.0290223	0.187545	98.5698	0.0999424	0.0297878	0.00978798
2126.62	0.00833333	0.950501	0.904776	0.236619	0.207583	0.6875	0.178407	0.0339548	0.0455416	0.524424	0.0541155	0.376613	0.724535	0.0211162	0.062053	0.0814671	0.281724	98.8983	0.0996782	0.0296531	0.0105614
2126.63	0.00833333	0.947871	0.626434	0.969529	0.761456	0.280613	0.019246	0.265026	0.0725126	0.816108	0.203756	0.74523	0.286605	0.0665249	0.236133	0.342399	0.0529792	99.0158	0.0998496	0.0297378	0.00959583
2126.63	0.00833333	0.949791	0.891927	0.818151	0.421399	0.526951	0.0314937	0.557772	0.224479	0.0331462	0.0441034	0.961518	0.254297	0.799568	0.332132	0.065872	0.0160697	99.0308	0.0998127	0.0295694	0.0123573
2126.63	0.00833333	0.94767	0.35511	0.400725	0.0520778	0.988612	0.0641319	0.346167	0.417422	0.867306	0.0965892	0.862465	0.67549	0.18789	0.34777	0.20985	0.0669934	98.2505	0.0999698	0.0299128	0.00877368
2126.64	0.00833333	0.950888	0.439144	0.386978	0.873708	0.18412	0.391096	0.819282	0.897838	0.343483	0.155242	0.0870647	0.293571	0.710131	0.0263582	0.0768994	0.0352329	97.5906	0.0997206	0.0297982	0.00630371
2126.64	0.00833333	0.952109	0.58097	0.512797	0.561748	0.103206	0.484535	0.0289816	0.857915	0.536577	0.238034	0.744183	0.973132	0.643609	0.578593	0.0928072	0.0379429	97.8419	0.099946	0.0297534	0.0124536
2126.65	0.00833333	0.946055	0.0772513	0.811455	0.407264	0.869579	0.282884	0.643548	0.526201	0.462125	0.153405	0.728955	0.798463	0.0117851	0.601477	0.162912	0.0176324	98.0864	0.0999629	0.0298689	0.000532123
2126.65	0.00833333	0.948638	0.459853	0.297083	0.636708	0.277404	0.549541	0.66123	0.811876	0.241401	0.18664	0.226491	0.489425	0.712412	0.263613	0.0173092	0.137647	99.0506	0.0997977	0.0295784	0.0131146
2126.65	0.00833333	0.951261	0.167757	0.0102223	0.910379	0.27384	0.0684438	0.795089	0.23912	0.603723	0.154116	0.475563	0.369341	0.813088	0.711856	0.168864	0.0522015	98.4399	0.0997209	0.0297863	0.0048875
2126.66	0.00833333	0.947133	0.752313	0.853688	0.532122	0.0222367	0.230014	0.829628	0.463245	0.107296	0.438189	0.385056	0.806052	0.443215	0.214991	0.123274	0.0331587	97.9158	0.0999288	0.029927	0.00345777
2126.66	0.00833333	0.947042	0.613223	0.178127	0.19936	0.308174	0.100101	0.620382	0.522507	0.913873	0.19437	0.870447	0.793261	0.432523	0.203056	0.0742109	0.00686713	98.7638	0.0999715	0.0297307	0.00625458
2126.66	0.00833333	0.952736	0.556746	0.200247	0.608433	0.446384	0.077795	0.809278	0.937195	0.338389	0.0455993	0.46322	0.524221	0.573266	0.116734	0.00539972	0.131374	99.4746	0.0999507	0.0284996	0.0234987
2126.66	0.00833333	0.946996	0.833613	0.134522	0.531246	0.557205	0.123866	0.692908	0.622479	0.11563	0.17096	0.80319	0.183652	0.360683	0.497035	0.170448	0.0156335	97.9162	0.0999748	0.0298759	0.00141956
2126.66	0.00833333	0.949365	0.406412	0.232515	0.881732	0.444246	0.143005	0.337982	0.0548234	0.208841	0.112911	0.86072	0.797212	0.329192	0.148329	0.0332871	0.107577	99.0656	0.0996708	0.029421	0.0158802
2126.67	0.00833333	0.948457	0.897755	0.908986	0.46865	0.810878	0.0678298	0.421537	0.789047	0.732388	0.305882	0.372992	0.344606	0.536674	0.310672	0.145793	0.0372331	99.1123	0.0998562	0.0296075	0.0145081
2126.67	0.00833333	0.947374	0.217788	0.0112861	0.165778	0.925432	0.203992	0.998685	0.460965	0.364684	0.0798077	0.586582	0.486848	0.584896	0.0633554	0.193798	0.0725847	98.8955	0.0997691	0.029792	0.00744913
2126.67	0.00833333	0.945023	0.0658064	0.721288	0.00894008	0.508094	0.276201	0.772416	0.697605	0.109921	0.296216	0.166266	0.117321	0.155917	0.509007	0.0115913	0.122643	98.9754	0.099847	0.0298453	0.00458206
2126.68	0.00833333	0.947083	0.226053	0.610195	0.176222	0.652404	0.406596	0.280958	0.385642	0.497794	0.0192229	0.92133	0.568746	0.376165	0.353187	0.111128	0.1102	98.0051	0.0998545	0.0298652	0.000158135
2126.68	0.00833333	0.954436	0.749948	0.229258	0.657802	0.379744	0.076968	0.714338	0.12377	0.251798	0.220762	0.414694	0.523775	0.283194	0.0503491	0.00480575	0.173093	99.4046	0.0997063	0.0286625	0.0225745
2126.68	0.00833333	0.941375	0.820386	0.361517	0.412029	0.276183	0.214078	0.886767	0.710983	0.0634418	0.26132	0.00049305	0.357124	0.398333	0.283591	0.0693545	0.0321935	99.0433	0.0999154	0.0299852	0.0015753
2126.68	0.00833333	0.950546	0.535493	0.434872	0.109922	0.486034	0.471642	0.159468	0.608159	0.572136	0.316509	0.334577	0.477443	0.637327	0.0149447	0.028456	0.112836	98.9963	0.0998523	0.0292065	0.0195407
2126.68	0.00833333	0.944567	0.140911	0.996638	0.520722	0.369699	0.274027	0.802191	0.0306496	0.270809	0.010193	0.230325	0.314275	0.0562111	0.426611	0.0498714	0.0927629	98.9579	0.0997258	0.0297872	7.9059e-05
2126.68	0.00833333	0.952534	0.519693	0.0110497	0.653813	0.377496	0.26838	0.147632	0.970435	0.420269	0.0345909	0.325914	0.939732	0.442976	0.083644	0.0892409	0.246127	97.7504	0.0999734	0.0295838	0.0161744
2126.69	0.00833333	0.950377	0.850222	0.0733455	0.0837056	0.127499	0.0394896	0.669175	0.452714	0.245762	0.203925	0.90552	0.560821	0.741047	0.672996	0.0767976	0.0370807	98.2869	0.0998568	0.0297939	0.00101151
2126.69	0.00833333	0.948697	0.103077	0.362495	0.72142	0.43365	0.156276	0.022411	0.467449	0.554743	0.059558	0.615824	0.971071	0.47307	0.308197	0.134707	0.0587977	99.1933	0.0996005	0.0297894	0.00623459
2126.69	0.00833333	0.942986	0.586626	0.93689	0.21432	0.325606	0.143707	0.666981	0.200351	0.149936	0.0607091	0.776292	0.45865	0.0569832	0.15539	0.180932	0.184044	100.092	0.0998012	0.0297068	0.00867047
2126.69	0.00833333	0.946827	0.363207	0.849142	0.209659	0.323418	0.0489415	0.661575	0.206694	0.460749	0.0289727	0.0399474	0.276263	0.0139797	0.450405	0.092107	0.151131	98.7345	0.0998433	0.0297333	0.00284388
2126.7	0.00833333	0.949986	0.634827	0.250937	0.913429	0.537731	0.372719	0.530502	0.913021	0.263044	0.184737	0.39502	0.266274	0.789963	0.278625	0.158468	0.0897451	97.8924	0.0997191	0.029852	0.00714184
2126.7	0.00833333	0.944636	0.781231	0.381987	0.169029	0.561264	0.0790786	0.233268	0.845127	0.80727	0.314829	0.0300574	0.617664	0.936655	0.159785	0.114219	0.0207681	99.088	0.0998073	0.0298203	0.00668648
2126.7	0.00833333	0.943108	0.23134	0.305724	0.882041	0.395902	0.204491	0.553962	0.85909	0.754169	0.0546805	0.572471	0.94087	0.77395	0.328338	0.126241	0.0582691	98.8919	0.0998097	0.0298477	0.00551933
2126.71	0.00833333	0.947782	0.649712	0.462423	0.944122	0.990017	0.198183	0.15564	0.340076	0.392116	0.106283	0.294009	0.316544	0.0985149	0.374807	0.207105	0.042323	99.2991	0.0996757	0.0297218	0.0079915
2126.71	0.00833333	0.948794	0.459639	0.0629602	0.0947607	0.650735	0.0308524	0.58089	0.562449	0.194651	0.143076	0.654545	0.299517	0.0874228	0.978558	0.277146	0.00435144	99.1544	0.0998383	0.0293432	0.0175857
2126.71	0.00833333	0.949084	0.621518	0.549169	0.480575	0.320944	0.0129402	0.372983	0.988361	0.308156	0.11991	0.6423	0.440616	0.486183	0.779601	0.220894	0.0758687	99.0265	0.0998556	0.029495	0.0157186
2126.71	0.00833333	0.947817	0.692715	0.420173	0.978909	0.292909	0.0560153	0.508449	0.156422	0.997081	0.103217	0.575692	0.925097	0.791203	0.950533	0.0636665	0.154601	98.6633	0.0999404	0.0296772	0.0114409
2126.72	0.00833333	0.951503	0.48698	0.593805	0.990746	0.634279	0.4402	0.576351	0.334708	0.214957	0.244924	0.435986	0.279298	0.533771	0.0963769	0.000539035	0.134441	99.1925	0.0995235	0.0295547	0.0130208
2126.72	0.00833333	0.949772	0.296323	0.247263	0.311148	0.329109	0.365005	0.97977	0.837995	0.673593	0.217637	0.884452	0.519941	0.83279	0.329065	0.183345	0.0787549	98.5962	0.0997144	0.0295811	0.0132687
2126.72	0.00833333	0.944986	0.608085	0.496064	0.715365	0.778751	0.44306	0.681465	0.228719	0.691215	0.0162502	0.735491	0.398035	0.0521306	0.234036	0.10617	0.0405066	98.6062	0.0997315	0.0297941	0.00168165
2126.72	0.00833333	0.943378	0.0994821	0.154126	0.0954617	0.695272	0.47458	0.19064	0.696601	0.166771	0.0189839	0.164866	0.315998	0.634639	0.273469	0.178859	0.0523143	99.1451	0.0998218	0.0299416	0.00580621
2126.73	0.00833333	0.946382	0.352596	0.258288	0.362034	0.948093	0.0905744	0.334929	0.53605	0.143239	0.52746	0.368484	0.265835	0.320969	0.342469	0.15619	0.0515731	98.9772	0.0998801	0.0297676	0.00740927
