distance	weight	r0	r1	r2	r3	r4	r5	r6	r7	r8	r9	r10	r11	r12	r13	r14	r15	tp	dr1	dr2
2958.78	0.00833333	2.59742	0.979017	0.776875	0.194549	0.356491	0.374116	0.192528	0.228635	0.721142	0.750112	0.677684	0.371435	0.108333	0.0111351	0.251321	0.298243	53.3043	0.097621	0.000109151
2958.78	0.00833333	0.728675	0.270726	0.57854	0.145478	0.0382456	0.146865	0.0342932	0.461664	0.879785	0.158899	0.643717	0.672305	0.0519206	0.284177	0.816129	0.387843	65.3034	0.0444366	0.000330529
2958.78	0.00833333	2.04639	0.525242	0.310193	0.302466	0.790363	0.833166	0.862759	0.989225	0.920271	0.718295	0.498189	0.541551	0.766713	0.400357	0.868958	0.796912	37.4337	0.0496378	0.00054246
2958.78	0.00833333	1.89756	0.77587	0.53832	0.765384	0.538536	0.732271	0.351652	0.241738	0.35305	0.112003	0.461981	0.44385	0.662435	0.765881	0.181298	0.296853	43.6462	0.0139446	0.00030769
2958.78	0.00833333	0.287151	0.743302	0.839797	0.317079	0.224041	0.905786	0.656262	0.371518	0.34808	0.32676	0.0218742	0.363001	0.811099	0.859632	0.533049	0.46992	50.3532	0.0585549	0.000151016
2958.78	0.00833333	0.0806789	0.797106	0.905117	0.114334	0.327291	0.434051	0.752126	0.234209	0.863314	0.0639128	0.490598	0.222761	0.15656	0.485638	0.726685	0.707178	70.6428	0.0337219	0.000382719
2958.78	0.00833333	1.79948	0.640429	0.794671	0.463256	0.482343	0.727513	0.0901379	0.705982	0.748322	0.0765879	0.0207847	0.350932	0.776803	0.216419	0.759553	0.426663	97.7071	0.0826696	0.000520024
2958.78	0.00833333	1.44365	0.154732	0.153623	0.936225	0.120094	0.332384	0.643247	0.586471	0.50732	0.586535	0.683176	0.855533	0.406511	0.717769	0.208903	0.120043	60.1387	0.0496246	0.00024642
2958.78	0.00833333	1.15545	0.285951	0.963762	0.0394158	0.452383	0.12322	0.23701	0.241066	0.115088	0.452189	0.166434	0.542994	0.2366	0.906074	0.186908	0.683094	68.608	0.0611593	0.000924897
2958.78	0.00833333	0.248265	0.415778	0.109041	0.109898	0.318558	0.464871	0.908261	0.320697	0.379451	0.190581	0.434578	0.330892	0.315211	0.993236	0.870189	0.40659	37.9245	0.0753069	0.000327386
2958.78	0.00833333	2.19302	0.98659	0.241056	0.850883	0.792408	0.255803	0.133738	0.987662	0.501241	0.409589	0.959974	0.370756	0.956926	0.650652	0.823698	0.935896	89.957	0.0805282	0.000727709
2958.78	0.00833333	0.299886	0.327946	0.263812	0.277862	0.34112	0.0915374	0.396369	0.152892	0.437199	0.0374624	0.935655	0.354844	0.783037	0.1091	0.909974	0.226487	92.988	0.0918301	0.000479558
2958.78	0.00833333	0.326886	0.259336	0.714457	0.713589	0.564745	0.108475	0.660297	0.180246	0.144694	0.603195	0.299738	0.877207	0.625162	0.362712	0.370443	0.817175	91.1371	0.071249	0.000122624
2958.78	0.00833333	1.9764	0.504543	0.817099	0.67266	0.893852	0.840389	0.933532	0.734202	0.561507	0.545308	0.470037	0.468947	0.616207	0.142689	0.986069	0.168085	49.1565	0.0788256	0.000633887
2958.78	0.00833333	1.41796	0.316328	0.824973	0.979548	0.281892	0.982805	0.268399	0.379971	0.897032	0.675376	0.589859	0.789244	0.109238	0.767592	0.218268	0.396416	85.4837	0.0798836	0.000889898
2958.78	0.00833333	2.33752	0.235144	0.350363	0.347499	0.530965	0.304484	0.757014	0.233573	0.662717	0.267524	0.186603	0.407419	0.261911	0.341339	0.24878	0.156372	46.1463	0.0393577	0.000829207
2958.78	0.00833333	2.41627	0.214638	0.590877	0.618119	0.207763	0.632052	0.892178	0.282883	0.398044	0.488626	0.116221	0.261625	0.858741	0.627419	0.310282	0.0282938	85.8541	0.035742	0.000974835
2958.78	0.00833333	2.29088	0.0401298	0.125823	0.133148	0.117625	0.436493	0.0641685	0.204661	0.51125	0.723864	0.765166	0.143066	0.972412	0.634621	0.723579	0.64165	72.4874	0.0229703	0.000765888
2958.78	0.00833333	1.27965	0.78949	0.686965	0.856287	0.754641	0.178013	0.178612	0.666028	0.936695	0.564143	0.218311	0.280395	0.773042	0.0852574	0.632545	0.408301	81.7401	0.0377147	0.000496048
2958.78	0.00833333	0.992175	0.733777	0.908745	0.895282	0.236501	0.337097	0.357244	0.477209	0.383351	0.735492	0.597228	0.120769	0.348874	0.500016	0.732452	0.104085	40.9122	0.0673283	0.000766897
2958.78	0.00833333	1.00213	0.300058	0.336229	0.412602	0.06623	0.406146	0.0662591	0.131032	0.0059007	0.182983	0.80843	0.539338	0.224959	0.985368	0.246674	0.299844	79.9737	0.0509269	0.000613239
2958.78	0.00833333	2.88884	0.179672	0.992781	0.756456	0.21632	0.216393	0.889382	0.854931	0.793994	0.794161	0.988548	0.571306	0.41863	0.779908	0.260388	0.497808	57.5259	0.0996467	7.21662e-05
2958.78	0.00833333	2.75272	0.589061	0.53829	0.224495	0.561089	0.691557	0.546486	0.275481	0.304153	0.571271	0.330026	0.292466	0.565654	0.175071	0.679646	0.716708	52.8797	0.0207235	0.000232785
2958.78	0.00833333	1.13649	0.486192	0.638143	0.138933	0.473723	0.775163	0.00580674	0.229611	0.425772	0.677326	0.561791	0.803615	0.250514	0.428674	0.693843	0.795236	27.6029	0.0743176	0.000162979
2958.78	0.00833333	0.298948	0.963359	0.0677608	0.0868411	0.325083	0.729988	0.773137	0.701344	0.739224	0.599022	0.33646	0.22521	0.642277	0.811319	0.751889	0.641529	79.883	0.044373	0.00099834
2958.78	0.00833333	1.47183	0.112096	0.198164	0.895895	0.303876	0.439109	0.895733	0.951851	0.210951	0.685009	0.00158274	0.517518	0.598807	0.897801	0.109708	0.496383	48.4603	0.0463282	0.000578084
2958.78	0.00833333	0.592287	0.701006	0.365054	0.381993	0.497161	0.709934	0.414211	0.267273	0.498467	0.209069	0.636998	0.481205	0.300395	0.75369	0.541542	0.586873	50.1942	0.0347658	0.000588342
2958.78	0.00833333	2.38725	0.638824	0.648934	0.0295064	0.696416	0.92863	0.414423	0.0751273	0.922279	0.433162	0.766612	0.275893	0.57817	0.452544	0.86527	0.994357	72.8225	0.0978218	0.000833126
2958.78	0.00833333	1.91792	0.757011	0.624938	0.395215	0.660769	0.56929	0.213117	0.88129	0.472513	0.337823	0.444104	0.589056	0.687763	0.334654	0.493377	0.0302396	92.9579	0.000632036	0.000309053
2958.78	0.00833333	2.87115	0.899372	0.942659	0.798631	0.853373	0.59916	0.00589323	0.227008	0.763393	0.727221	0.651968	0.186415	0.412026	0.464345	0.484571	0.817115	32.4362	0.0482682	0.000128015
2958.78	0.00833333	1.34529	0.888013	0.471193	0.421384	0.754743	0.33882	0.449248	0.710259	0.381656	0.582788	0.857433	0.216671	0.448915	0.669058	0.407076	0.387171	86.4666	0.00872095	0.000720319
2958.78	0.00833333	1.73117	0.962001	0.49643	0.163737	0.975143	0.694653	0.958585	0.393285	0.332686	0.386176	0.995651	0.855258	0.640318	0.24086	0.248776	0.463332	46.2427	0.0970546	0.000780334
2958.78	0.00833333	2.37561	0.72318	0.974792	0.58259	0.307665	0.741971	0.668656	0.203019	0.921173	0.734069	0.325787	0.236297	0.574418	0.632782	0.542363	0.334339	91.7002	0.0792387	0.000389153
2958.78	0.00833333	1.78072	0.906542	0.773793	0.223228	0.934698	0.360714	0.843925	0.105312	0.305457	0.0886652	0.207807	0.383261	0.603743	0.80515	0.707893	0.137092	86.0755	0.0163642	0.000156529
2958.78	0.00833333	1.56095	0.0753105	0.716806	0.531985	0.238517	0.486052	0.597478	0.584708	0.836629	0.752387	0.775964	0.166472	0.0277778	0.242559	0.74914	0.246867	36.7254	0.0655465	0.000811806
2958.78	0.00833333	2.39509	0.398212	0.902144	0.687952	0.586491	0.745355	0.801022	0.552571	0.43088	0.52586	0.758987	0.625787	0.812281	0.11652	0.739292	0.858415	27.5033	0.075912	0.000724158
2958.78	0.00833333	2.61583	0.542195	0.367092	0.482438	0.354177	0.41453	0.411146	0.565879	0.836265	0.741332	0.524188	0.692078	0.383639	0.395722	0.0533442	0.564132	33.9188	0.0915769	0.000362458
2958.78	0.00833333	0.337187	0.947619	0.765257	0.342285	0.679751	0.237823	0.239984	0.782954	0.197052	0.850438	0.799543	0.87781	0.882874	0.408658	0.428937	0.503672	58.1785	0.0428638	0.000917569
2958.78	0.00833333	2.34497	0.211709	0.540389	0.699573	0.365082	0.220239	0.144444	0.282285	0.455443	0.477852	0.188583	0.669755	0.340275	0.812865	0.403455	0.111661	58.2291	0.0100165	0.000378507
2958.78	0.00833333	2.51557	0.506796	0.492954	0.723215	0.999429	0.148925	0.875789	0.0639234	0.404953	0.162294	0.409839	0.648168	0.0445246	0.595649	0.100225	0.673218	58.075	0.086975	0.000819595
2958.78	0.00833333	2.96385	0.563241	0.82905	0.285811	0.64522	0.63432	0.688501	0.267744	0.0299005	0.530763	0.732813	0.787529	0.186893	0.00957552	0.341262	0.393455	87.037	0.0690498	0.000640288
2958.78	0.00833333	2.84205	0.688328	0.628561	0.76543	0.327012	0.252031	0.654302	0.767657	0.509672	0.0347553	0.293631	0.069896	0.0166723	0.86839	0.895508	0.220637	77.4342	0.084737	0.000527118
2958.78	0.00833333	0.745629	0.716873	0.732596	0.553379	0.485985	0.818279	0.0142499	0.432193	0.671791	0.335735	0.88382	0.480887	0.46619	0.828859	0.506306	0.980947	90.92	0.0721834	0.000645272
2958.78	0.00833333	1.66052	0.160647	0.983349	0.881642	0.30389	0.55233	0.712376	0.28648	0.66067	0.608055	0.863635	0.492453	0.23451	0.978822	0.689916	0.967374	73.2195	0.0942583	0.000572463
2958.78	0.00833333	2.20986	0.179799	0.924728	0.172562	0.743904	0.7276	0.61267	0.530841	0.311062	0.0148109	0.150025	0.057072	0.169378	0.73159	0.904576	0.357592	83.8997	0.00600199	0.000378412
2958.78	0.00833333	1.84239	0.410858	0.909049	0.658641	0.473672	0.0859979	0.0442561	0.876255	0.866368	0.816565	0.35435	0.0578206	0.581211	0.112654	0.87638	0.354126	98.8613	0.00273945	0.00065087
2958.78	0.00833333	1.46707	0.52718	0.110229	0.922945	0.283885	0.499191	0.843413	0.508184	0.235422	0.509219	0.674179	0.247029	0.798007	0.308085	0.399326	0.647871	78.5674	0.0311856	0.000956549
2958.78	0.00833333	2.24042	0.0233085	0.468147	0.392101	0.184029	0.479002	0.252866	0.981436	0.574284	0.742961	0.46601	0.713924	0.271257	0.546399	0.77398	0.851319	81.0687	0.0307905	5.90448e-05
2958.78	0.00833333	1.81904	0.745667	0.138138	0.62947	0.424008	0.80173	0.694393	0.327422	0.385906	0.893517	0.701693	0.421392	0.337141	0.625465	0.154556	0.302581	38.6611	0.0765697	0.000580229
2958.78	0.00833333	2.41116	0.0597243	0.4047	0.432546	0.324312	0.691618	0.606149	0.992568	0.828721	0.992388	0.113966	0.32852	0.312567	0.888942	0.716717	0.12166	38.2367	0.0418333	0.000162495
2958.78	0.00833333	0.608196	0.572523	0.324555	0.167093	0.17649	0.231828	0.0154593	0.39334	0.0225246	0.292158	0.0620525	0.63243	0.987893	0.650287	0.91951	0.282458	95.7096	0.0430204	0.000152671
2958.78	0.00833333	2.22275	0.775297	0.955125	0.585721	0.387715	0.725002	0.46443	0.41402	0.656643	0.610252	0.243986	0.512806	0.750237	0.870315	0.39204	0.875931	35.1291	0.0231811	0.000912569
2958.78	0.00833333	2.52941	0.533072	0.466858	0.991515	0.204674	0.741471	0.470349	0.232876	0.715961	0.822435	0.280766	0.500489	0.538474	0.335323	0.580172	0.558527	73.4769	0.0535425	0.000634979
2958.78	0.00833333	1.36406	0.636598	0.698261	0.83975	0.452061	0.393373	0.00303647	0.409173	0.439623	0.435981	0.728355	0.757837	0.397388	0.36865	0.853385	0.0773742	34.0888	0.0625236	0.000254391
2958.78	0.00833333	0.393052	0.827583	0.0696557	0.171778	0.240951	0.525044	0.212153	0.642891	0.604532	0.111294	0.660722	0.123121	0.206125	0.27379	0.126351	0.745988	60.8295	0.0763499	0.000336644
2958.78	0.00833333	0.212874	0.110413	0.0973121	0.537247	0.971199	0.469853	0.401788	0.219478	0.177241	0.110566	0.657146	0.401417	0.391011	0.280915	0.551339	0.0914642	60.9838	0.0767203	0.000733958
2958.78	0.00833333	0.901458	0.556278	0.780238	0.385276	0.111206	0.231527	0.603261	0.768362	0.389423	0.596756	0.0992414	0.44421	0.464212	0.285631	0.902205	0.109282	79.5705	0.0464874	0.000959705
2958.78	0.00833333	2.45851	0.761603	0.148673	0.858778	0.309193	0.603226	0.692849	0.56194	0.0776414	0.960594	0.424615	0.577884	0.45207	0.325789	0.231247	0.181446	52.312	0.0461218	0.000379815
2958.78	0.00833333	1.10633	0.0308675	0.351765	0.329524	0.466621	0.994595	0.438855	0.400614	0.330251	0.963886	0.193134	0.911582	0.435066	0.237509	0.112407	0.191881	40.6924	0.0201815	0.000280035
2958.78	0.00833333	2.52623	0.850685	0.97812	0.706564	0.732544	0.290543	0.0793173	0.492955	0.103716	0.246243	0.910267	0.397244	0.643742	0.497424	0.764109	0.694772	45.6662	0.0337162	0.000133757
2958.78	0.00833333	1.39112	0.355061	0.508059	0.474641	0.346556	0.209717	0.128501	0.094206	0.0670798	0.0602406	0.688469	0.859552	0.0759161	0.0121851	0.583481	0.360086	62.0924	0.0940936	0.000487947
2958.78	0.00833333	2.88382	0.676863	0.0674346	0.185046	0.757858	0.69159	0.799392	0.88329	0.763904	0.624057	0.67986	0.791117	0.104961	0.494906	0.662159	0.0536119	82.0006	0.0358125	9.04818e-05
2958.78	0.00833333	2.53238	0.0453822	0.953089	0.0808215	0.380969	0.928112	0.490309	0.9673	0.925853	0.270292	0.667623	0.161677	0.575708	0.876249	0.805678	0.543645	76.8625	0.0421408	0.000782834
2958.78	0.00833333	1.40514	0.686806	0.595824	0.870793	0.850492	0.76535	0.590376	0.800864	0.07347	0.62949	0.532086	0.548524	0.0759379	0.789293	0.884401	0.315178	89.3012	0.0793409	0.000495512
2958.78	0.00833333	1.80619	0.199612	0.593449	0.328036	0.685294	0.39337	0.560986	0.576556	0.803452	0.816352	0.655021	0.304918	0.532817	0.0577172	0.976187	0.417856	36.0201	0.0373245	0.000504561
2958.78	0.00833333	2.21539	0.311727	0.710446	0.0195847	0.660018	0.238331	0.0791884	0.0132615	0.575587	0.53561	0.966671	0.179289	0.0370528	0.352908	0.373099	0.215733	68.7378	0.0557006	0.000945185
2958.78	0.00833333	1.80394	0.154706	0.751059	0.880142	0.104924	0.626538	0.0218561	0.0532446	0.414686	0.911439	0.777336	0.408525	0.10729	0.270248	0.948106	0.647399	58.9291	0.0711781	0.000257341
2958.78	0.00833333	2.86799	0.699667	0.294384	0.86262	0.499824	0.592377	0.40946	0.607457	0.822635	0.539594	0.528997	0.904187	0.932777	0.706961	0.354137	0.912007	43.9276	0.0655059	0.000241438
2958.78	0.00833333	2.33007	0.644476	0.806646	0.794452	0.918341	0.836885	0.00634909	0.534122	0.324055	0.0355796	0.451072	0.458528	0.881926	0.0220896	0.960358	0.514794	84.8894	0.0412543	0.000366256
2958.78	0.00833333	1.15498	0.500452	0.764797	0.323911	0.486898	0.32699	0.425035	0.396186	0.387234	0.428883	0.094084	0.895655	0.364968	0.490004	0.548887	0.0106743	47.9111	0.0497236	0.000558094
2958.78	0.00833333	1.82309	0.700694	0.958113	0.293762	0.521224	0.530552	0.65132	0.320112	0.318076	0.243779	0.425903	0.198777	0.657547	0.171551	0.574108	0.575035	99.8622	0.0206594	0.0004407
2958.78	0.00833333	1.99193	0.608102	0.762252	0.460574	0.34023	0.190607	0.554201	0.619282	0.681205	0.568792	0.0270452	0.348598	0.363409	0.256075	0.661685	0.49329	74.0302	0.079668	0.000549522
2958.78	0.00833333	2.01222	0.992408	0.321518	0.700257	0.820002	0.57232	0.16696	0.919526	0.33165	0.132695	0.796552	0.504153	0.135858	0.513066	0.762658	0.429091	73.3547	0.0682649	0.000249545
2958.78	0.00833333	2.593	0.732077	0.613412	0.99296	0.363448	0.615397	0.205415	0.726951	0.906804	0.685911	0.38913	0.653588	0.347664	0.541436	0.43481	0.218882	97.5836	0.0631569	0.000685181
2958.78	0.00833333	2.34599	0.240209	0.805797	0.962518	0.590489	0.714659	0.419757	0.0743378	0.36838	0.348732	0.659252	0.513108	0.448912	0.287331	0.575	0.268721	73.9714	0.0785869	0.00046727
2958.78	0.00833333	2.08818	0.956352	0.288599	0.00225776	0.88556	0.559697	0.322473	0.232851	0.855393	0.0525445	0.782754	0.208821	0.84083	0.247215	0.803668	0.695252	76.2046	0.0896652	0.000181195
2958.78	0.00833333	2.98868	0.974108	0.540889	0.192599	0.188016	0.358661	0.823668	0.143558	0.136359	0.762123	0.142793	0.245612	0.673019	0.235021	0.747635	0.495697	86.9304	0.00352714	0.000613722
2958.78	0.00833333	0.266559	0.24618	0.678756	0.228773	0.862087	0.249815	0.651082	0.946556	0.776547	0.37133	0.0276021	0.816489	0.517158	0.0367061	0.870499	0.140787	70.703	0.0493618	0.000177512
2958.78	0.00833333	0.32754	0.356378	0.0216134	0.549063	0.713031	0.264862	0.592219	0.462166	0.435546	0.682461	0.423328	0.675845	0.412459	0.228756	0.419772	0.0857507	73.5101	0.0267927	0.000974876
2958.78	0.00833333	0.00274336	0.764859	0.515058	0.830513	0.086337	0.695011	0.576402	0.818212	0.606133	0.478162	0.738438	0.271902	0.773282	0.515265	0.49384	0.573646	66.2901	0.0250085	0.00066962
2958.78	0.00833333	2.90169	0.456741	0.38175	0.983062	0.415535	0.87211	0.477993	0.104218	0.454936	0.631124	0.729597	0.43567	0.221526	0.721794	0.488798	0.269718	63.8033	0.0793031	0.000761
2958.78	0.00833333	1.84409	0.668281	0.616659	0.770073	0.431051	0.168709	0.509929	0.570826	0.35688	0.698559	0.400834	0.181831	0.218056	0.889663	0.271947	0.493613	94.0661	0.0106017	0.000609879
2958.78	0.00833333	0.431373	0.469164	0.348813	0.383373	0.425392	0.89573	0.506041	0.231166	0.571877	0.453282	0.936884	0.628321	0.790071	0.409194	0.575511	0.625787	89.782	0.0977352	0.000208423
2958.78	0.00833333	0.492969	0.175672	0.976868	0.685064	0.612333	0.893753	0.0601065	0.864969	0.916815	0.412788	0.255194	0.229118	0.55941	0.991982	0.514337	0.669731	65.5856	0.0622038	0.000875084
2958.78	0.00833333	0.735398	0.468825	0.647116	0.428983	0.994993	0.715233	0.735308	0.756768	0.732233	0.0332969	0.744739	0.449965	0.607737	0.454566	0.355243	0.280734	69.1798	0.0118314	0.000503006
2958.78	0.00833333	1.43213	0.711732	0.684223	0.0687355	0.32855	0.756864	0.651626	0.754971	0.483175	0.196555	0.133825	0.810449	0.527582	0.609146	0.517664	0.936424	76.7966	0.0863409	0.000435798
2958.78	0.00833333	0.997467	0.240519	0.76596	0.114505	0.714011	0.593096	0.758008	0.656824	0.80894	0.531895	0.563724	0.0784619	0.635727	0.368386	0.242195	0.421322	65.859	0.0593498	0.000871134
2958.78	0.00833333	1.76382	0.109512	0.0301356	0.369097	0.0855531	0.572777	0.392228	0.475652	0.300476	0.601582	0.524082	0.543624	0.521163	0.702871	0.553918	0.694395	79.7612	0.0904711	0.000575871
2958.78	0.00833333	2.19257	0.0797399	0.545757	0.26074	0.145746	0.549265	0.373767	0.201693	0.849803	0.180949	0.425287	0.622031	0.813439	0.611282	0.912909	0.471441	41.9367	0.0758445	0.000742596
2958.78	0.00833333	1.24417	0.683368	0.682129	0.584679	0.806364	0.670983	0.105379	0.483393	0.361368	0.404278	0.530804	0.76856	0.276055	0.175125	0.602875	0.357532	74.9075	0.0812422	0.000659989
2958.78	0.00833333	0.996391	0.318645	0.561995	0.830381	0.479058	0.67851	0.632112	0.626709	0.446478	0.871725	0.711477	0.214654	0.433428	0.0385713	0.356614	0.556108	99.7261	0.0977944	0.000729492
2958.78	0.00833333	2.05536	0.0632328	0.458308	0.279033	0.141189	0.748832	0.742206	0.554774	0.15191	0.303413	0.213436	0.86479	0.346082	0.460073	0.440989	0.267952	41.3329	0.0646345	0.000402241
2958.78	0.00833333	0.823309	0.754139	0.144914	0.469782	0.301129	0.381474	0.214564	0.177291	0.607611	0.363537	0.765997	0.72719	0.452301	0.05245	0.415842	0.1235	70.848	0.0640495	0.00095953
2958.78	0.00833333	1.93477	0.383322	0.787	0.06236	0.360753	0.457123	0.213848	0.739901	0.333282	0.622949	0.0697847	0.696637	0.0120979	0.845066	0.340957	0.378316	60.9489	0.0659681	0.000485171
2958.78	0.00833333	1.55625	0.853076	0.150222	0.591874	0.58688	0.646456	0.167812	0.153872	0.438947	0.103597	0.429556	0.487706	0.681331	0.619166	0.167501	0.618972	35.3232	0.0134966	0.000426252
2958.78	0.00833333	1.76911	0.768927	0.794382	0.541148	0.936576	0.117397	0.213428	0.67879	0.201245	0.636305	0.573934	0.699211	0.014306	0.599093	0.851226	0.560294	69.4195	0.0451044	0.000348534
2958.78	0.00833333	2.12162	0.253312	0.722364	0.502432	0.999833	0.360121	0.178545	0.179174	0.521505	0.413887	0.145419	0.104746	0.445728	0.612644	0.27727	0.492902	82.6081	0.0214485	0.000923159
2958.78	0.00833333	1.57957	0.746877	0.112612	0.0101609	0.416496	0.712783	0.86542	0.726945	0.324103	0.384138	0.0886207	0.159925	0.76947	0.0834297	0.459769	0.091949	28.4469	0.0918322	0.000476381
2958.78	0.00833333	1.6365	0.762951	0.253916	0.473446	0.255074	0.89465	0.104394	0.526243	0.576156	0.0289213	0.579769	0.634073	0.183433	0.639506	0.177838	0.27017	78.3983	0.0341537	0.000972385
2958.78	0.00833333	0.63085	0.0955603	0.080817	0.338187	0.538313	0.372535	0.876785	0.615983	0.426319	0.576939	0.907274	0.898468	0.957398	0.593255	0.484172	0.347197	79.9548	0.0309909	0.000483648
2958.78	0.00833333	2.69161	0.0724272	0.715491	0.138652	0.291736	0.340427	0.216814	0.133052	0.177977	0.567913	0.757249	0.691357	0.866299	0.1571	0.449364	0.555856	82.9269	0.0686488	0.000422815
2958.78	0.00833333	1.61147	0.559095	0.263812	0.286291	0.952992	0.142988	0.820691	0.26834	0.271633	0.624131	0.538937	0.946596	0.158521	0.8872	0.367842	0.0135441	74.7227	0.0747435	0.000315196
2958.78	0.00833333	1.36518	0.91802	0.224656	0.412122	0.927507	0.790383	0.709328	0.069397	0.17253	0.895416	0.629192	0.794571	0.109873	0.0928612	0.4417	0.979024	48.8331	0.0182448	0.000211044
2958.78	0.00833333	0.35401	0.303239	0.75152	0.957663	0.0967972	0.923023	0.660181	0.345806	0.416	0.735119	0.428327	0.346132	0.037174	0.468316	0.974967	0.50225	91.7023	0.0234444	0.000529275
2958.78	0.00833333	2.68713	0.144875	0.53935	0.177039	0.464887	0.03658	0.558887	0.348357	0.0913948	0.593163	0.635853	0.371412	0.405456	0.894496	0.246638	0.213523	88.6169	0.0320245	0.000660087
2958.78	0.00833333	2.57007	0.450878	0.235095	0.0747794	0.0763531	0.00331157	0.787723	0.352192	0.441949	0.294333	0.338077	0.47056	0.58717	0.906124	0.664419	0.0205682	81.9494	0.0270874	0.000176469
2958.78	0.00833333	1.4906	0.358359	0.0898585	0.350404	0.133608	0.406214	0.686578	0.297123	0.660855	0.925886	0.751473	0.00282255	0.403335	0.151529	0.824597	0.672916	81.5278	0.0278849	0.000450234
2958.78	0.00833333	1.37923	0.289515	0.402817	0.227101	0.876253	0.120538	0.445241	0.411253	0.637187	0.982301	0.960829	0.631997	0.151493	0.519666	0.556559	0.93356	97.6314	0.0324029	0.00012083
2958.78	0.00833333	0.0390244	0.763942	0.486254	0.425354	0.384403	0.956135	0.509285	0.136885	0.940782	0.270713	0.931706	0.229832	0.937055	0.708798	0.325757	0.490939	42.4512	0.0607207	0.000577739
2958.78	0.00833333	0.234997	0.961289	0.464092	0.389634	0.573834	0.0827973	0.943269	0.749054	0.582318	0.577067	0.0113488	0.00896928	0.490918	0.383744	0.991034	0.740525	71.8163	0.0666658	0.00071569
2958.78	0.00833333	2.75673	0.408494	0.809896	0.271764	0.38999	0.305557	0.20476	0.455527	0.342665	0.313929	0.021645	0.67402	0.370903	0.165157	0.5838	0.865359	69.9838	0.0348821	0.000230272
2958.78	0.00833333	2.11881	0.197022	0.774043	0.468259	0.948432	0.810721	0.264926	0.328926	0.64906	0.126082	0.945859	0.804489	0.49466	0.18206	0.733674	0.921984	74.1344	0.0794309	0.000200425
2958.78	0.00833333	1.49978	0.767527	0.854306	0.582621	0.260529	0.592133	0.745289	0.31888	0.314548	0.0585958	0.122053	0.157222	0.328401	0.178256	0.623128	0.647429	46.636	0.038576	0.000395872
2958.78	0.00833333	0.201244	0.642822	0.970952	0.824588	0.69504	0.971591	0.0682981	0.81403	0.64415	0.0580744	0.513666	0.484554	0.658893	0.171891	0.623055	0.102116	73.1595	0.0441977	0.00085068
2958.78	0.00833333	2.94525	0.860117	0.614969	0.691113	0.600327	0.105798	0.918694	0.279383	0.395358	0.391234	0.388302	0.71784	0.101437	0.123769	0.225784	0.914325	65.2825	0.0310876	0.00036342
2958.78	0.00833333	0.863271	0.28609	0.0242591	0.449302	0.215371	0.51064	0.346825	0.0086363	0.544817	0.79693	0.872877	0.169304	0.00570834	0.387954	0.804747	0.740505	87.9604	0.0237549	0.000119071
2958.78	0.00833333	1.22984	0.498229	0.152928	0.563399	0.200589	0.540491	0.896077	0.206652	0.252795	0.429446	0.367322	0.0785392	0.789968	0.831023	0.219858	0.516364	52.512	0.0218894	0.000719292
2958.78	0.00833333	2.1043	0.879942	0.1865	0.446217	0.719787	0.205382	0.810106	0.809696	0.0397805	0.112418	0.312362	0.297246	0.38806	0.737027	0.78295	0.665127	33.5525	0.0615473	7.73405e-05
2958.78	0.00833333	1.26821	0.820867	0.462752	0.459582	0.948001	0.130748	0.689945	0.156753	0.200192	0.186008	0.862776	0.661627	0.85181	0.399844	0.588451	0.22453	76.2647	0.0233495	0.000470714
2958.78	0.00833333	0.563472	0.789087	0.447257	0.624193	0.196376	0.761432	0.32686	0.659608	0.910741	0.378871	0.460668	0.592505	0.630114	0.655683	0.21385	0.311843	64.2627	0.0683646	0.000519842
