distance	weight	r0	r1	r2	r3	r4	r5	r6	r7	r8	r9	r10	r11	r12	r13	r14	r15	tp	dr1	dr2
2958.78	0.00833333	1.39147	0.31242	0.434635	0.472026	0.623884	0.0605321	0.0537824	0.344832	0.518924	0.640263	0.817514	0.833813	0.404202	0.0134779	0.434909	0.646226	47.7652	0.0588732	0.000943634
2958.78	0.00833333	1.82882	0.881959	0.589581	0.653068	0.978097	0.773457	0.459856	0.455255	0.0155141	0.241431	0.604939	0.409169	0.768371	0.0191721	0.332067	0.193701	73.7122	0.0792829	0.000617239
2958.78	0.00833333	1.07577	0.731033	0.733151	0.602929	0.0618574	0.234749	0.914207	0.810484	0.550072	0.960015	0.527061	0.0955544	0.317242	0.243054	0.0289214	0.524106	44.8862	0.0860254	0.000324257
2958.78	0.00833333	0.24777	0.127113	0.176713	0.301664	0.292718	0.542305	0.713587	0.36228	0.299923	0.431591	0.814131	0.758099	0.897755	0.679535	0.0645525	0.578382	93.6906	0.0639848	0.000321643
2958.78	0.00833333	2.75019	0.229884	0.979535	0.028717	0.095073	0.0239839	0.760902	0.973074	0.598985	0.0651784	0.0586538	0.842802	0.27992	0.386639	0.604913	0.973393	78.811	0.0581569	0.000883452
2958.78	0.00833333	0.391362	0.840823	0.266181	0.757194	0.641157	0.590086	0.233266	0.47065	0.431498	0.0151976	0.0349604	0.74478	0.616531	0.00670487	0.845796	0.00486192	84.1053	0.0347656	0.000535147
2958.78	0.00833333	2.4346	0.0476547	0.383579	0.0138008	0.0593081	0.307434	0.824248	0.372059	0.170774	0.809247	0.522957	0.847716	0.429806	0.912048	0.35729	0.232722	28.8828	0.041003	0.000175086
2958.78	0.00833333	2.72084	0.237081	0.816203	0.350715	0.391923	0.346525	0.58576	0.830213	0.00566998	0.336228	0.350802	0.67064	0.565415	0.571216	0.514818	0.0393614	88.0285	0.0608425	0.000497527
2958.78	0.00833333	1.02511	0.522199	0.344356	0.647266	0.0213664	0.0716789	0.493164	0.301931	0.0520452	0.615279	0.842288	0.268572	0.00134672	0.50017	0.241442	0.125311	94.3463	0.0853727	5.08317e-05
2958.78	0.00833333	1.96854	0.88321	0.248608	0.965623	0.516467	0.469475	0.357287	0.0923176	0.301931	0.629465	0.799469	0.121967	0.656267	0.926973	0.595656	0.887514	39.8571	0.0535299	0.000398365
2958.78	0.00833333	2.09195	0.846515	0.966038	0.675447	0.466351	0.198301	0.543055	0.903727	0.281631	0.369249	0.384525	0.983136	0.166292	0.0330216	0.286442	0.747671	42.9697	0.0931635	0.000554908
2958.78	0.00833333	1.7734	0.134736	0.316278	0.320017	0.439193	0.132566	0.446722	0.122661	0.25007	0.361829	0.571676	0.274539	0.63216	0.500128	0.414648	0.714103	67.5438	0.0494505	0.000555819
2958.78	0.00833333	1.5239	0.529146	0.435106	0.212375	0.552175	0.77799	0.0240524	0.0453124	0.697754	0.589283	0.3315	0.329168	0.0977725	0.462955	0.661798	0.892357	91.2536	0.0865508	0.000889834
2958.78	0.00833333	2.63327	0.531584	0.219927	0.827071	0.161417	0.734087	0.667925	0.0759175	0.294611	0.379757	0.775923	0.345437	0.356638	0.338289	0.331706	0.89147	26.9931	0.043933	0.00089828
2958.78	0.00833333	2.15079	0.536789	0.439508	0.795796	0.667999	0.166595	0.0395714	0.668478	0.264654	0.148307	0.874269	0.12505	0.651181	0.483128	0.907933	0.403289	99.0171	0.0517245	0.000684641
2958.78	0.00833333	1.55017	0.0946133	0.379284	0.617671	0.578343	0.30197	0.103876	0.829252	0.0605864	0.54664	0.427032	0.663412	0.222069	0.294191	0.133359	0.425959	34.2617	0.0758529	0.000762502
2958.78	0.00833333	2.02036	0.556264	0.908065	0.374883	0.711509	0.665689	0.802502	0.589085	0.31759	0.926571	0.169753	0.567405	0.476561	0.401314	0.654447	0.682117	71.6484	0.0512325	0.000560554
2958.78	0.00833333	2.14748	0.0618821	0.433195	0.950234	0.505542	0.783885	0.188201	0.164443	0.810683	0.350554	0.574145	0.595479	0.279492	0.667285	0.889329	0.403433	35.5802	0.0632413	8.50867e-05
2958.78	0.00833333	1.17845	0.97007	0.401022	0.057973	0.425405	0.853322	0.371865	0.466131	0.670275	0.687452	0.478546	0.245241	0.828693	0.327522	0.764617	0.611516	30.4862	0.0540281	0.00045488
2958.78	0.00833333	1.06646	0.952092	0.593968	0.550533	0.879701	0.434705	0.387904	0.166561	0.35002	0.842785	0.593196	0.987649	0.0504835	0.755001	0.0115876	0.597582	97.1761	0.0994573	0.000842312
2958.78	0.00833333	2.15003	0.827849	0.551051	0.389534	0.0801499	0.36712	0.599195	0.473512	0.711447	0.553992	0.205678	0.195335	0.371524	0.566096	0.342734	0.651402	88.3748	0.0572458	0.000484089
2958.78	0.00833333	1.3635	0.723696	0.738314	0.494518	0.959291	0.673671	0.159187	0.671677	0.648353	0.0169525	0.458978	0.577141	0.0886856	0.386492	0.610465	0.267683	31.2024	0.023451	0.000493354
2958.78	0.00833333	1.0301	0.0471492	0.800213	0.745629	0.398848	0.561011	0.927069	0.678547	0.424491	0.726585	0.546875	0.276849	0.00361192	0.404355	0.529436	0.139653	54.8891	0.0278689	0.000688937
2958.78	0.00833333	1.65925	0.207414	0.40546	0.472448	0.033356	0.54858	0.821217	0.179266	0.585341	0.105906	0.737769	0.211956	0.138051	0.262387	0.468972	0.602611	58.5117	0.0169235	0.000139554
2958.78	0.00833333	0.298949	0.269957	0.507258	0.299178	0.811802	0.162683	0.716704	0.212134	0.439056	0.805633	0.202278	0.489942	0.0871607	0.905214	0.67216	0.988165	93.1758	0.0899835	0.000647294
2958.78	0.00833333	1.97427	0.181391	0.807909	0.626699	0.600575	0.356732	0.147326	0.928458	0.0916485	0.564275	0.127124	0.110378	0.0725854	0.394808	0.851942	0.401614	52.6225	0.0337219	0.000516033
2958.78	0.00833333	2.66911	0.468765	0.876471	0.0740331	0.442577	0.216467	0.116179	0.416356	0.562309	0.475113	0.260274	0.718465	0.9083	0.646537	0.696516	0.466196	49.9549	0.0517075	0.000221557
2958.78	0.00833333	1.80687	0.80645	0.26257	0.295177	0.173128	0.0921983	0.734714	0.147107	0.074166	0.524163	0.4704	0.872211	0.434567	0.701429	0.189191	0.0458275	88.2781	0.0253161	0.000930285
2958.78	0.00833333	1.74353	0.682246	0.135796	0.153794	0.291872	0.284128	0.123329	0.770802	0.607549	0.59313	0.519179	0.553876	0.635783	0.256791	0.266182	0.149652	71.0606	0.0886641	0.000626974
2958.78	0.00833333	0.689426	0.966223	0.959054	0.160683	0.559376	0.568642	0.272469	0.442583	0.379129	0.235908	0.668222	0.870468	0.319663	0.291353	0.283352	0.422844	43.9	0.0920872	2.637e-05
2958.78	0.00833333	1.01612	0.5932	0.485797	0.121896	0.219866	0.0673019	0.416929	0.870444	0.611172	0.162759	0.0543414	0.305202	0.412831	0.330464	0.668529	0.621943	79.4417	0.0124672	0.000644997
2958.78	0.00833333	1.04874	0.598215	0.448922	0.768177	0.752178	0.115337	0.310595	0.0480739	0.187267	0.909499	0.414216	0.712431	0.738826	0.383973	0.63678	0.745329	59.7324	0.0248001	0.000557939
2958.78	0.00833333	0.303389	0.0394308	0.888864	0.190317	0.151854	0.429922	0.753837	0.987306	0.318907	0.00967194	0.083639	0.963896	0.571634	0.329669	0.556162	0.674842	78.8005	0.0729848	0.00086399
2958.78	0.00833333	2.08205	0.642913	0.127721	0.302626	0.90414	0.730188	0.441201	0.981141	0.638605	0.272959	0.405668	0.723688	0.446509	0.227312	0.470496	0.783885	96.0364	0.0138562	0.000510969
2958.78	0.00833333	2.24527	0.551298	0.931143	0.631415	0.737151	0.252843	0.810215	0.636476	0.253781	0.942158	0.724773	0.739505	0.646932	0.918469	0.01572	0.0744238	41.7523	0.0745081	0.000375857
2958.78	0.00833333	0.940114	0.180426	0.619052	0.117264	0.979828	0.315427	0.481105	0.299985	0.806856	0.0521849	0.438664	0.700136	0.192917	0.932549	0.677341	0.0737006	58.6801	0.0747081	0.000137402
2958.78	0.00833333	0.448798	0.761741	0.21473	0.211029	0.870178	0.119385	0.149672	0.153123	0.556828	0.306331	0.695882	0.991762	0.800047	0.559426	0.530617	0.690638	83.7034	0.0417372	0.000821937
2958.78	0.00833333	2.1726	0.129204	0.865265	0.0363929	0.754623	0.241151	0.430161	0.596423	0.391965	0.520587	0.138413	0.5363	0.496882	0.424749	0.492219	0.856141	79.9366	0.0433493	0.000206849
2958.78	0.00833333	1.65493	0.674157	0.334573	0.165444	0.474202	0.430766	0.616982	0.140156	0.189112	0.455811	0.346007	0.542035	0.046407	0.613108	0.881817	0.686498	58.148	0.0429032	0.000800494
2958.78	0.00833333	0.73278	0.413484	0.85493	0.749486	0.533668	0.915603	0.523831	0.783301	0.350839	0.20789	0.666396	0.431119	0.65158	0.30886	0.554448	0.793477	38.1508	0.0618659	0.000436477
2958.78	0.00833333	1.26638	0.101069	0.953782	0.756481	0.628881	0.14877	0.257881	0.107484	0.388663	0.525577	0.302338	0.462681	0.310013	0.593883	0.899926	0.560821	45.7477	0.038194	0.000813748
2958.78	0.00833333	1.17033	0.881833	0.958855	0.186293	0.557121	0.122351	0.294939	0.859355	0.338511	0.29272	0.968503	0.825912	0.749771	0.223348	0.610626	0.267085	74.2702	0.0728147	0.000227637
2958.78	0.00833333	0.427469	0.696771	0.189251	0.701672	0.348878	0.055863	0.578733	0.65374	0.267239	0.155291	0.199031	0.268962	0.181151	0.33238	0.227561	0.0582405	64.8558	0.0633713	0.000765372
2958.78	0.00833333	0.51505	0.509744	0.314857	0.624865	0.421423	0.648346	0.778344	0.913431	0.578958	0.82066	0.437174	0.669453	0.528754	0.947239	0.61624	0.882553	46.9209	0.0287038	0.000412367
2958.78	0.00833333	2.82053	0.0137535	0.643746	0.0399461	0.607798	0.913555	0.996091	0.650768	0.854339	0.604025	0.332161	0.420096	0.057454	0.445639	0.749731	0.328806	27.0296	0.0357753	0.000865884
2958.78	0.00833333	1.71677	0.876696	0.439656	0.605287	0.271369	0.0733932	0.589414	0.600205	0.231862	0.824668	0.837904	0.0701114	0.657649	0.269322	0.380217	0.500197	88.8279	0.0437024	7.14071e-05
2958.78	0.00833333	2.86517	0.469799	0.7063	0.670733	0.808245	0.0815668	0.442351	0.516168	0.675596	0.383587	0.19704	0.444867	0.323496	0.63318	0.698892	0.237662	57.2795	0.00617398	0.000371021
2958.78	0.00833333	1.11226	0.190463	0.609065	0.590117	0.659284	0.543247	0.868235	0.363101	0.364671	0.265318	0.452114	0.265103	0.129825	0.88842	0.693277	0.0304379	30.8496	0.049153	0.000592619
2958.78	0.00833333	2.27017	0.889216	0.686932	0.454375	0.123499	0.400476	0.453609	0.0886731	0.708224	0.367755	0.375731	0.42196	0.135973	0.786059	0.213262	0.672302	40.1221	0.0707335	0.000827917
2958.78	0.00833333	1.52132	0.738825	0.839167	0.551422	0.252157	0.728904	0.992575	0.908547	0.541877	0.492142	0.169395	0.36094	0.702949	0.0177532	0.759948	0.32293	76.2008	0.0108173	0.000237292
2958.78	0.00833333	2.15324	0.376346	0.641568	0.297617	0.0518178	0.553502	0.224585	0.479596	0.922808	0.575965	0.048447	0.841914	0.388678	0.331536	0.348643	0.4228	73.9366	0.0434357	0.000881619
2958.78	0.00833333	1.20244	0.744999	0.0999233	0.253344	0.413422	0.155563	0.692973	0.0177907	0.199503	0.0869064	0.490645	0.604792	0.196936	0.861906	0.150502	0.485559	65.8959	0.0380586	0.000588302
2958.78	0.00833333	2.56246	0.858465	0.326185	0.738886	0.612766	0.175885	0.269489	0.768183	0.824163	0.89025	0.0615399	0.254447	0.257148	0.622678	0.93109	0.883544	99.558	0.0633061	0.00019971
2958.78	0.00833333	2.36894	0.337097	0.457373	0.0344502	0.0399577	0.136212	0.560826	0.278243	0.197652	0.590655	0.191119	0.351274	0.859147	0.278632	0.784356	0.559052	90.6917	0.0127654	0.000983769
2958.78	0.00833333	0.761727	0.528721	0.278464	0.942566	0.686226	0.658364	0.6428	0.445264	0.128943	0.30309	0.556983	0.833327	0.219297	0.796802	0.261396	0.600784	57.2553	0.00155775	0.000990151
2958.78	0.00833333	1.1721	0.25851	0.612148	0.47979	0.290629	0.345271	0.369458	0.197964	0.408568	0.632083	0.664138	0.306944	0.575797	0.665631	0.366898	0.310217	84.4535	0.0396182	7.82919e-05
2958.78	0.00833333	0.346029	0.46148	0.964859	0.00468394	0.575021	0.27735	0.463641	0.71669	0.314802	0.258873	0.198925	0.518463	0.188088	0.583265	0.414058	0.375908	85.2296	0.0185821	0.000132993
2958.78	0.00833333	2.30491	0.495143	0.62893	0.64536	0.371514	0.188408	0.0771898	0.850307	0.320993	0.78274	0.0306571	0.55025	0.598204	0.787421	0.662747	0.718114	87.6223	0.0122886	0.000531302
2958.78	0.00833333	2.70117	0.307791	0.615896	0.853899	0.519718	0.576088	0.572831	0.788883	0.118257	0.383654	0.373492	0.29135	0.473191	0.338438	0.602953	0.749777	38.4903	0.0765068	0.000144017
2958.78	0.00833333	0.742065	0.412432	0.860645	0.774673	0.396456	0.256806	0.937219	0.593617	0.762834	0.0403402	0.489111	0.374146	0.175572	0.241027	0.680087	0.61003	97.9215	0.0753355	0.000841953
2958.78	0.00833333	2.64778	0.657571	0.246534	0.0758158	0.341378	0.830001	0.984897	0.738566	0.528823	0.711712	0.524173	0.764531	0.953278	0.691024	0.297347	0.973513	74.4261	0.0272912	0.000753698
2958.78	0.00833333	0.425405	0.202283	0.985117	0.856555	0.3486	0.559241	0.226667	0.329626	0.732807	0.221093	0.519933	0.160298	0.581411	0.5478	0.501804	0.637917	66.7897	0.0202289	0.000678375
2958.78	0.00833333	0.289684	0.5201	0.614982	0.444829	0.716782	0.840087	0.0172613	0.340778	0.353417	0.392973	0.272432	0.263451	0.713053	0.12133	0.709436	0.711246	93.5224	0.0735337	0.000765785
2958.78	0.00833333	2.73587	0.440718	0.648103	0.97741	0.30648	0.746838	0.590749	0.707194	0.898357	0.517384	0.917293	0.232818	0.374636	0.933494	0.787595	0.893256	93.3668	0.0967217	0.00061404
2958.78	0.00833333	1.63043	0.662758	0.442989	0.311746	0.480771	0.837256	0.609273	0.328428	0.729996	0.276403	0.983723	0.553329	0.270186	0.433129	0.723565	0.94273	68.3842	0.0735313	0.000556716
2958.78	0.00833333	2.40765	0.213193	0.154171	0.176297	0.0151912	0.0512888	0.583252	0.807829	0.349116	0.857104	0.883984	0.602695	0.756006	0.435309	0.524959	0.388478	38.5333	0.0213693	0.000271154
2958.78	0.00833333	2.54987	0.256243	0.635696	0.780051	0.548905	0.923624	0.769755	0.28592	0.821477	0.213996	0.280752	0.628924	0.811065	0.414802	0.607817	0.634846	90.3112	0.0512731	0.000136613
2958.78	0.00833333	1.57888	0.037443	0.884741	0.883039	0.667115	0.530873	0.0471937	0.662768	0.435871	0.454577	0.586926	0.386127	0.614875	0.444373	0.298649	0.954548	52.0869	0.0942245	0.000102846
2958.78	0.00833333	0.940032	0.793901	0.739768	0.263091	0.322031	0.629742	0.159649	0.158577	0.182031	0.120576	0.131185	0.567845	0.863242	0.265386	0.480588	0.663763	84.5081	0.0345415	0.000365113
2958.78	0.00833333	2.97635	0.000139236	0.315204	0.185256	0.46535	0.728837	0.921387	0.703225	0.537905	0.389469	0.674572	0.474848	0.788911	0.669937	0.0989236	0.482696	52.0206	0.0403612	0.000666605
2958.78	0.00833333	0.136101	0.253108	0.168259	0.0546574	0.633185	0.302657	0.263854	0.775295	0.413411	0.512559	0.317527	0.378482	0.551311	0.498338	0.913305	0.248904	61.1307	0.0856013	0.00080841
2958.78	0.00833333	1.82853	0.55952	0.43153	0.487791	0.777882	0.1252	0.262391	0.683951	0.63748	0.0255429	0.23687	0.435989	0.679036	0.0541289	0.592224	0.3078	38.2519	0.0298199	0.00053133
2958.78	0.00833333	2.80741	0.151849	0.571651	0.19855	0.717903	0.182624	0.400863	0.000408947	0.425248	0.253201	0.873778	0.210036	0.601317	0.0701544	0.830617	0.896177	58.1652	0.0914831	0.000313651
2958.78	0.00833333	2.7689	0.0110322	0.545752	0.493634	0.798461	0.42139	0.29178	0.124817	0.929672	0.980425	0.972994	0.790542	0.893806	0.282741	0.919643	0.403283	72.4664	0.0411769	0.000471723
2958.78	0.00833333	0.628148	0.384732	0.330473	0.422058	0.0971264	0.584999	0.215243	0.184869	0.773937	0.569333	0.674683	0.276685	0.628352	0.298988	0.404988	0.867269	52.2684	0.0630739	0.000587695
2958.78	0.00833333	2.91138	0.31724	0.0236435	0.0623066	0.539047	0.411323	0.497964	0.471986	0.845002	0.555848	0.743711	0.870399	0.192061	0.0909766	0.401659	0.462355	93.0815	0.0217668	0.000423698
2958.78	0.00833333	2.15173	0.931808	0.814713	0.250677	0.793084	0.753792	0.393568	0.99084	0.31896	0.910082	0.759322	0.0168437	0.902779	0.264518	0.628757	0.104095	74.5286	0.01364	0.000595618
2958.78	0.00833333	1.65234	0.41191	0.262751	0.146825	0.602685	0.756915	0.115883	0.543496	0.186576	0.86846	0.106456	0.755	0.680479	0.145769	0.549387	0.48199	54.9849	0.0761011	0.000647236
2958.78	0.00833333	2.94957	0.933029	0.732505	0.482083	0.859335	0.521389	0.063093	0.703296	0.217973	0.262561	0.295086	0.839864	0.924192	0.567744	0.710048	0.269737	99.1611	0.062987	0.000121408
2958.78	0.00833333	1.55858	0.330871	0.613742	0.866287	0.511962	0.621654	0.789599	0.368802	0.274205	0.537241	0.328825	0.49505	0.199886	0.485051	0.883924	0.733204	82.9706	0.00688531	0.000256877
2958.78	0.00833333	2.98707	0.184432	0.70403	0.955271	0.836665	0.818929	0.855944	0.635993	0.667118	0.106692	0.620856	0.32299	0.941996	0.348813	0.506002	0.278904	42.8705	0.0164099	0.000454367
2958.78	0.00833333	2.21726	0.395916	0.910255	0.159507	0.0879305	0.447658	0.340909	0.323681	0.924078	0.538421	0.452969	0.433798	0.342382	0.404342	0.878718	0.580483	80.5958	0.0128356	0.000822345
2958.78	0.00833333	2.58718	0.941179	0.168643	0.361196	0.179517	0.0864225	0.267877	0.401151	0.551163	0.438582	0.754673	0.842745	0.95343	0.239862	0.788733	0.325294	66.4691	0.00737437	0.000847868
2958.78	0.00833333	0.393289	0.608393	0.507143	0.290254	0.720628	0.589572	0.504411	0.567846	0.0515236	0.131645	0.125049	0.00176654	0.970199	0.154087	0.189766	0.725006	65.6757	0.0603356	0.000228625
2958.78	0.00833333	1.44279	0.0144399	0.383157	0.33391	0.480676	0.53762	0.684172	0.996664	0.926419	0.530985	0.923083	0.784587	0.694769	0.695419	0.719221	0.243444	79.6417	0.0573373	0.000149765
2958.78	0.00833333	2.09134	0.374407	0.457788	0.466688	0.552147	0.0483814	0.347176	0.71162	0.588202	0.0864915	0.0163682	0.543199	0.977526	0.130915	0.791157	0.538338	50.2518	0.0293589	0.000228882
2958.78	0.00833333	2.82677	0.304807	0.710435	0.264583	0.827545	0.548359	0.0523644	0.951517	0.900732	0.162387	0.557285	0.725337	0.734754	0.953207	0.755309	0.322555	91.2188	0.0656666	0.000577314
2958.78	0.00833333	0.780668	0.975102	0.995548	0.898723	0.954079	0.34356	0.25365	0.301126	0.635793	0.839707	0.0920533	0.333777	0.332351	0.139511	0.834942	0.718553	29.6523	0.0398608	0.000622371
2958.78	0.00833333	1.82894	0.830284	0.817807	0.685783	0.253646	0.526238	0.241549	0.861546	0.678172	0.0531018	0.926704	0.494633	0.255905	0.551454	0.708385	0.425845	66.4508	0.0262701	0.000753978
2958.78	0.00833333	2.08594	0.400167	0.407753	0.331089	0.0737716	0.599858	0.345428	0.820191	0.594748	0.585925	0.707566	0.379092	0.731679	0.763525	0.143128	0.124454	50.5555	0.0243026	0.000111706
2958.78	0.00833333	1.35325	0.365795	0.687592	0.56374	0.316094	0.0987554	0.742478	0.340196	0.804809	0.456604	0.561557	0.987799	0.982271	0.732145	0.0115483	0.992841	41.2065	0.0414144	0.000256587
2958.78	0.00833333	1.91535	0.121457	0.243746	0.684189	0.598738	0.582851	0.611719	0.694467	0.884949	0.454831	0.289168	0.92318	0.72894	0.313409	0.835366	0.759969	58.4288	0.0111909	0.000674089
2958.78	0.00833333	0.208211	0.939815	0.0847097	0.703676	0.613887	0.333343	0.37216	0.895179	0.260704	0.582643	0.251656	0.497037	0.638264	0.722617	0.851068	0.0239281	84.8044	0.0185596	0.000414315
2958.78	0.00833333	0.278098	0.721335	0.638697	0.958024	0.617966	0.382502	0.156606	0.711476	0.410804	0.319144	0.0166522	0.169854	0.774855	0.604416	0.479518	0.937054	31.9126	0.0627922	0.00075844
2958.78	0.00833333	0.514208	0.791576	0.366451	0.27867	0.421384	0.245536	0.722071	0.118444	0.668832	0.651652	0.665076	0.147808	0.165728	0.188802	0.381356	0.766508	89.7354	0.0684206	8.01535e-05
2958.78	0.00833333	2.28582	0.412071	0.669803	0.990913	0.103721	0.872545	0.0773863	0.683857	0.202429	0.556568	0.813333	0.832757	0.655353	0.676404	0.666009	0.449812	35.6228	0.0705433	0.000904998
2958.78	0.00833333	2.42218	0.86975	0.27779	0.315401	0.330023	0.511291	0.470405	0.207952	0.541214	0.825956	0.905601	0.66036	0.276105	0.183504	0.981189	0.0828197	93.4954	0.0228433	0.00044119
2958.78	0.00833333	2.44747	0.293871	0.0524179	0.225592	0.58936	0.490001	0.321495	0.611214	0.615649	0.12346	0.698108	0.866193	0.612303	0.946698	0.78191	0.556998	35.5869	0.0167433	0.0003999
2958.78	0.00833333	2.18661	0.573158	0.75572	0.362089	0.490859	0.343671	0.890678	0.379114	0.477869	0.233071	0.681744	0.0416552	0.236682	0.206106	0.357729	0.827682	37.3829	0.0386972	0.000788655
2958.78	0.00833333	2.23567	0.851645	0.826455	0.675965	0.712377	0.924839	0.230933	0.277982	0.662878	0.699491	0.399356	0.20314	0.441561	0.547867	0.333985	0.973013	73.7663	0.0756052	0.000856525
2958.78	0.00833333	1.40453	0.574103	0.208266	0.507134	0.271587	0.113113	0.871805	0.362191	0.0218861	0.541227	0.942742	0.658139	0.437856	0.615292	0.0984762	0.328626	84.4169	0.00443722	0.000464664
2958.78	0.00833333	0.447094	0.611405	0.745548	0.234992	0.416726	0.372392	0.576157	0.115695	0.946127	0.10497	0.537799	0.547911	0.359741	0.358483	0.174821	0.21373	59.8361	0.0722595	1.90809e-05
2958.78	0.00833333	2.62125	0.795185	0.578207	0.220187	0.360991	0.138472	0.294885	0.194363	0.460987	0.196253	0.146965	0.392684	0.256064	0.759445	0.913678	0.188146	51.4803	0.051296	0.000509007
2958.78	0.00833333	0.17243	0.506021	0.659876	0.541462	0.770217	0.478647	0.236626	0.481247	0.766128	0.934836	0.725679	0.232748	0.664737	0.0649725	0.929407	0.879089	61.6577	0.0411389	0.000511102
2958.78	0.00833333	2.77257	0.889484	0.0909157	0.232845	0.555811	0.710814	0.0459633	0.692495	0.299037	0.631019	0.857011	0.0132002	0.266115	0.216163	0.781199	0.844772	40.1199	0.0997782	0.000199006
2958.78	0.00833333	0.941928	0.0222872	0.544383	0.262738	0.904575	0.364298	0.0503294	0.646456	0.390393	0.898461	0.500604	0.137481	0.125638	0.633173	0.380741	0.816569	85.0744	0.0589148	0.000683589
2958.78	0.00833333	1.76084	0.536883	0.037589	0.450208	0.584852	0.204	0.36599	0.53694	0.385141	0.786493	0.605318	0.212199	0.456146	0.337308	0.531736	0.578551	67.9399	0.075664	0.000431252
2958.78	0.00833333	1.49021	0.426035	0.196318	0.481865	0.226248	0.863482	0.449822	0.647434	0.424271	0.633315	0.551258	0.7643	0.858312	0.396418	0.799084	0.424444	39.65	0.0987204	3.95348e-05
2958.78	0.00833333	1.26774	0.858795	0.733361	0.344232	0.560892	0.313007	0.480993	0.123481	0.0928488	0.584933	0.519537	0.865528	0.954841	0.980685	0.403457	0.403145	42.841	0.0540887	0.000322034
2958.78	0.00833333	0.460494	0.866035	0.910286	0.872337	0.408411	0.236765	0.508379	0.307657	0.867987	0.215151	0.660934	0.738645	0.908278	0.121554	0.850732	0.134649	41.2146	0.075189	0.000716356
2958.78	0.00833333	1.53599	0.436361	0.636139	0.11982	0.659615	0.605051	0.465982	0.949322	0.914368	0.557501	0.287013	0.572937	0.179016	0.0295647	0.749932	0.436127	65.6947	0.0658049	0.000666275
2958.78	0.00833333	1.79135	0.956797	0.750529	0.35682	0.550978	0.600227	0.510954	0.760582	0.417914	0.558964	0.210183	0.0167607	0.667714	0.727264	0.703443	0.651035	87.6029	0.0979622	0.000795194
2958.78	0.00833333	1.97194	0.0665102	0.793877	0.609146	0.408735	0.460299	0.888598	0.294596	0.770764	0.74576	0.685506	0.64834	0.297948	0.554618	0.770101	0.0263501	72.0496	0.0650101	0.000926304
2958.78	0.00833333	1.98861	0.843142	0.742522	0.458976	0.750173	0.112956	0.978041	0.0436557	0.59139	0.16911	0.852258	0.2284	0.466453	0.523371	0.73024	0.34933	61.6475	0.0457941	0.000307954
2958.78	0.00833333	0.0260195	0.113151	0.368674	0.201376	0.983983	0.520872	0.497924	0.814966	0.0151982	0.284558	0.251616	0.564981	0.92385	0.287368	0.313542	0.739703	56.681	0.0196485	0.000417678
2958.78	0.00833333	2.1359	0.430893	0.378389	0.0704466	0.98635	0.764882	0.0829394	0.348226	0.178425	0.0397307	0.517933	0.575243	0.246522	0.758246	0.409237	0.572298	96.628	0.00716287	0.000207376
2958.78	0.00833333	0.419986	0.484305	0.159999	0.27289	0.0841875	0.782179	0.51154	0.255201	0.80236	0.569265	0.904526	0.916188	0.777196	0.391075	0.536098	0.635358	26.7074	0.0190901	1.04731e-05
2958.78	0.00833333	1.29286	0.809343	0.778057	0.834111	0.132718	0.011114	0.353087	0.503076	0.83157	0.459488	0.334476	0.666817	0.94524	0.39986	0.854861	0.813616	78.0586	0.0438199	0.000337101
2958.78	0.00833333	2.78739	0.488744	0.131505	0.109817	0.328928	0.69093	0.284451	0.0122451	0.892279	0.510856	0.16137	0.69744	0.648702	0.391878	0.403441	0.95287	44.1614	0.0206495	0.000289669
2958.78	0.00833333	2.32362	0.84343	0.714384	0.657725	0.217282	0.202572	0.417162	0.199883	0.751932	0.560987	0.0417632	0.470883	0.957783	0.237369	0.867613	0.012728	93.906	0.0674439	0.000275466
