distance	weight	r0	r1	r2	r3	r4	r5	r6	r7	r8	r9	r10	r11	r12	r13	r14	r15	tp	dr1	dr2	dr3
2140.63	0.00833333	0.943906	0.641698	0.924339	0.445278	0.504584	0.245967	0.620336	0.106304	0.347884	0.418981	0.0502352	0.599402	0.145787	0.433998	0.630478	0.438836	103.922	0.0961798	0.0121803	0.0460562
2146.8	0.00833333	0.995552	0.300683	0.644503	0.520491	0.788149	0.34158	0.634039	0.354115	0.285914	0.0590996	0.0901924	0.661549	0.439618	0.463027	0.473351	0.0921302	101.777	0.0936281	0.0271981	0.0169627
2157.54	0.00833333	0.951075	0.55768	0.962684	0.509649	0.15818	0.376349	0.361993	0.349494	0.940822	0.0757496	0.648758	0.208814	0.250096	0.904478	0.64461	0.73302	107.23	0.0923465	0.0107397	0.045153
2169.65	0.00833333	1.00741	0.303184	0.160961	0.337651	0.240594	0.539845	0.27091	0.356395	0.576013	0.210299	0.412329	0.161556	0.303936	0.732309	0.296514	0.29931	107.337	0.0895264	0.0265722	0.0120058
2188.13	0.00833333	1.01843	0.165249	0.788217	0.472542	0.0363443	0.156804	0.24322	0.669303	0.302578	0.12671	0.0921202	0.0834532	0.973671	0.770638	0.3395	0.640797	100.737	0.0891498	0.0266648	0.0200089
2203.72	0.00833333	0.975261	0.427366	0.227259	0.351929	0.463405	0.361189	0.43815	0.641169	0.433843	0.470657	0.238614	0.0169987	0.180166	0.354744	0.361948	0.396062	100.708	0.0926768	0.023139	0.0369082
2204.62	0.00833333	0.962967	0.733327	0.495687	0.528429	0.644256	0.851094	0.329226	0.248139	0.949554	0.776884	0.685117	0.721847	0.665405	0.982145	0.679744	0.432938	101.976	0.0955488	0.0189686	0.0401708
2209.32	0.00833333	0.971143	0.30912	0.596862	0.185141	0.859259	0.108483	0.369872	0.20883	0.385658	0.181547	0.537902	0.452664	0.339852	0.597453	0.761896	0.380568	112.053	0.0908904	0.024707	0.0299773
2243.73	0.00833333	0.919534	0.531788	0.158218	0.915024	0.537867	0.954307	0.405217	0.495663	0.018965	0.23432	0.726081	0.528275	0.125622	0.455612	0.812226	0.672427	97.5551	0.0960371	0.00561218	0.0491428
2249.61	0.00833333	1.03034	0.00894724	0.562176	0.196801	0.258534	0.516597	0.748518	0.661909	0.0441682	0.656463	0.822742	0.302744	0.310382	0.464875	0.236057	0.629448	114.519	0.0804939	0.0200148	0.0324816
2283.9	0.00833333	0.871996	0.141935	0.901831	0.43587	0.942743	0.65748	0.584083	0.173035	0.942206	0.202149	0.764136	0.165292	0.67501	0.445209	0.103189	0.0584448	116.467	0.0972704	0.0247074	0.0375064
2288.01	0.00833333	1.0372	0.939474	0.766993	0.265183	0.261661	0.913491	0.712438	0.566894	0.327656	0.489407	0.822272	0.477401	0.657965	0.775901	0.489569	0.687675	111.519	0.0847059	0.0160903	0.0351302
2288.48	0.00833333	1.0736	0.72391	0.102131	0.362835	0.573366	0.343944	0.419721	0.91553	0.659411	0.619911	0.587783	0.0158654	0.781185	0.525645	0.176742	0.770108	103.925	0.08448	0.0222284	0.0268018
2303.23	0.00833333	0.837237	0.411668	0.462709	0.556592	0.146372	0.336751	0.917262	0.241478	0.359994	0.617592	0.649693	0.969294	0.417763	0.338587	0.922705	0.200694	113.281	0.098975	0.010816	0.0491737
2309.59	0.00833333	0.994979	0.762511	0.621711	0.360398	0.0433121	0.0212423	0.236197	0.741416	0.177556	0.315585	0.728954	0.362024	0.547679	0.976668	0.311718	0.761908	89.1982	0.0932359	0.00330579	0.0482559
2310.6	0.00833333	1.05924	0.414439	0.302447	0.124313	0.451412	0.243108	0.15957	0.126709	0.282487	0.618771	0.648102	0.399594	0.207611	0.534727	0.610296	0.601197	109.469	0.0809247	0.0141072	0.0379384
2323.93	0.00833333	0.941965	0.731114	0.405839	0.978477	0.520296	0.540264	0.482793	0.71228	0.66763	0.0850489	0.128242	0.294025	0.239054	0.681065	0.67637	0.857395	124.21	0.0876023	0.00913578	0.0404531
2328.53	0.00833333	0.858507	0.823893	0.779353	0.658769	0.473919	0.710841	0.247538	0.710974	0.986016	0.269788	0.184945	0.897726	0.339711	0.229695	0.19373	0.790325	111.316	0.097861	0.0301509	0.0177504
2336.44	0.00833333	0.930949	0.827775	0.111646	0.421856	0.304477	0.0682237	0.45232	0.447891	0.13844	0.290877	0.260103	0.222236	0.359793	0.280971	0.504389	0.384718	127.8	0.088103	0.0179713	0.036346
2338.8	0.00833333	0.87897	0.404104	0.473557	0.286318	0.577446	0.139741	0.354735	0.402593	0.21781	0.213559	0.177496	0.667318	0.211181	0.673816	0.498444	0.441615	122.623	0.0939664	0.0289669	0.00804835
2341.88	0.00833333	1.03007	0.494538	0.214472	0.623396	0.349564	0.203337	0.277306	0.376399	0.0750233	0.365596	0.412888	0.823541	0.769455	0.35747	0.410066	0.365096	101.647	0.0797847	0.00255083	0.040479
2350.05	0.00833333	1.0341	0.192565	0.4305	0.412099	0.777387	0.283843	0.0646119	0.170573	0.555716	0.324794	0.584666	0.262728	0.722177	0.610848	0.5256	0.381084	100.607	0.0925962	0.0265832	0.0194107
2356.16	0.00833333	0.93573	0.611271	0.338286	0.290798	0.88232	0.63309	0.743897	0.92374	0.400543	0.364696	0.251563	0.841047	0.339336	0.198062	0.884649	0.62114	114.409	0.0955901	0.0266868	0.0295397
2361.8	0.00833333	1.03417	0.612067	0.627775	0.0741537	0.60146	0.812125	0.55688	0.428447	0.729287	0.173171	0.309354	0.37771	0.0571319	0.198801	0.932313	0.931017	81.0352	0.0937844	0.00329598	0.0465282
2364.6	0.00833333	1.01566	0.6268	0.350567	0.382437	0.836973	0.527034	0.571743	0.773187	0.123075	0.465222	0.722429	0.873929	0.275209	0.532509	0.605684	0.333369	94.7065	0.0962199	0.0161734	0.0400701
2368.35	0.00833333	0.964805	0.830408	0.500584	0.866034	0.643692	0.863996	0.378062	0.0433996	0.264655	0.337631	0.858481	0.696396	0.277754	0.312509	0.361056	0.903502	119.579	0.0899608	0.0268234	0.0122731
2377.75	0.00833333	0.935641	0.190771	0.547179	0.951418	0.544313	0.373396	0.516042	0.548437	0.420908	0.370083	0.443518	0.230199	0.441923	0.295089	0.24561	0.29483	114.721	0.0846657	0.00730137	0.0444891
2381.46	0.00833333	0.976415	0.751609	0.954054	0.974652	0.0995766	0.570618	0.442692	0.853839	0.836644	0.221499	0.648223	0.095673	0.750393	0.0712883	0.0411194	0.589878	116.46	0.0932449	0.0236035	0.0282161
2386.51	0.00833333	1.00885	0.387728	0.79763	0.574219	0.779517	0.687749	0.402057	0.239024	0.235123	0.817874	0.524767	0.606194	0.444268	0.399637	0.612396	0.267431	88.0952	0.0965395	0.0308699	0.00663868
2399.79	0.00833333	1.04213	0.738698	0.412725	0.640178	0.96094	0.196182	0.499076	0.204879	0.28076	0.0578435	0.634851	0.722204	0.890783	0.925099	0.664555	0.664589	85.6212	0.0912378	0.0243667	0.0341444
2404.94	0.00833333	0.877135	0.944656	0.328138	0.507799	0.997843	0.661595	0.88739	0.588286	0.644163	0.374437	0.00649008	0.486927	0.178118	0.463078	0.155691	0.832851	117.674	0.0918341	0.00812895	0.0482794
2415.89	0.00833333	0.93209	0.555165	0.367479	0.731814	0.913687	0.477216	0.640951	0.157634	0.98935	0.446927	0.354604	0.125899	0.34489	0.605099	0.131007	0.0568359	133.062	0.0815562	0.00493	0.039099
2431.78	0.00833333	1.02269	0.910612	0.576373	0.0769452	0.16805	0.773659	0.46052	0.819352	0.408138	0.755722	0.0813083	0.866985	0.530097	0.994981	0.289523	0.101441	87.7734	0.0931285	0.00486498	0.0435206
2434.56	0.00833333	0.821447	0.958264	0.439726	0.586867	0.433475	0.533747	0.975913	0.254954	0.888033	0.869185	0.449059	0.0878801	0.455384	0.368756	0.256655	0.133202	118.021	0.0985562	0.030435	0.0242023
2442.88	0.00833333	0.889473	0.483727	0.0455386	0.887559	0.333761	0.208926	0.102247	0.616981	0.0576323	0.0898527	0.851595	0.722745	0.0598892	0.106337	0.027165	0.831299	133.3	0.0866718	0.015276	0.0401087
2447.24	0.00833333	0.992787	0.166632	0.390102	0.361494	0.986474	0.446621	0.57433	0.756528	0.526874	0.860966	0.265892	0.866343	0.470194	0.880497	0.985542	0.297612	107.446	0.0944695	0.0105404	0.0426574
2454.25	0.00833333	1.01445	0.0895527	0.870128	0.374011	0.311821	0.860501	0.601127	0.276359	0.390824	0.429225	0.41778	0.511269	0.685312	0.236147	0.136359	0.496929	119.662	0.0783448	0.0104239	0.0403132
2462.63	0.00833333	0.987349	0.165522	0.574732	0.463551	0.514202	0.969272	0.663729	0.374896	0.371059	0.795784	0.307839	0.81934	0.113917	0.122882	0.32959	0.672081	112.836	0.0781344	0.00736512	0.0411374
2463.27	0.00833333	1.12573	0.498733	0.779021	0.473038	0.605836	0.510752	0.242951	0.845768	0.646007	0.468325	0.429672	0.499698	0.227489	0.98618	0.420919	0.355905	70.7187	0.0969282	0.0267626	0.0244954
2470.05	0.00833333	0.910646	0.341661	0.773842	0.357834	0.873266	0.541883	0.72859	0.389078	0.730006	0.865887	0.716955	0.291925	0.591419	0.670325	0.664744	0.161383	96.6955	0.0963425	0.0291981	0.0277998
2470.85	0.00833333	0.936636	0.338285	0.44392	0.868785	0.158484	0.911574	0.898369	0.368268	0.67317	0.460084	0.387551	0.449894	0.440925	0.865613	0.50098	0.257993	100.696	0.0963736	0.0240547	0.0325482
2476.78	0.00833333	0.963403	0.78184	0.152623	0.612196	0.508936	0.017083	0.415796	0.578913	0.113992	0.392886	0.896176	0.860011	0.813467	0.0900782	0.0324567	0.320857	134.689	0.0818977	0.0250433	0.0131581
2485.2	0.00833333	0.912749	0.969377	0.706218	0.710261	0.456504	0.994048	0.720895	0.602427	0.701569	0.451747	0.713588	0.852666	0.378329	0.274649	0.864245	0.39552	133.394	0.0826845	0.0184044	0.0372808
2485.39	0.00833333	0.942659	0.532224	0.6387	0.707355	0.16256	0.803046	0.684749	0.886984	0.0518459	0.493968	0.379369	0.426212	0.395994	0.225906	0.173847	0.649299	116.004	0.094833	0.0100109	0.0414434
2491.35	0.00833333	1.08606	0.634491	0.270764	0.902092	0.430327	0.347782	0.54695	0.817581	0.537104	0.209676	0.590164	0.848724	0.163944	0.968361	0.537815	0.616076	85.4407	0.0960238	0.0239642	0.0341017
2498.63	0.00833333	0.849369	0.421997	0.144924	0.871631	0.000760157	0.45213	0.679826	0.807938	0.648922	0.429477	0.0795145	0.816051	0.328961	0.18763	0.441283	0.637941	112.715	0.0979647	0.0209815	0.0408198
2503.68	0.00833333	1.03168	0.646664	0.396894	0.649258	0.921375	0.55514	0.0865076	0.670971	0.731225	0.0825778	0.359817	0.4353	0.685127	0.11722	0.956264	0.0528649	121.094	0.0838366	0.0222796	0.0248474
2504.94	0.00833333	0.937581	0.342032	0.247627	0.813143	0.931424	0.8568	0.531844	0.342405	0.898941	0.39735	0.323048	0.80743	0.0221247	0.715507	0.697798	0.849738	116.041	0.084266	0.0185545	0.0404803
2506.71	0.00833333	0.96091	0.618931	0.692394	0.572953	0.640148	0.0692418	0.739004	0.718667	0.690477	0.718301	0.348906	0.208679	0.384309	0.25853	0.22559	0.47021	112.125	0.0829797	0.0271781	0.0145385
2511.6	0.00833333	1.17425	0.574198	0.473787	0.685535	0.331869	0.625371	0.419383	0.819332	0.328065	0.5036	0.923334	0.557426	0.25742	0.479508	0.886132	0.9726	105.01	0.0684845	0.0193477	0.0114041
2515.36	0.00833333	1.05172	0.925411	0.440385	0.845459	0.730811	0.899724	0.105969	0.484262	0.435658	0.419761	0.466857	0.0907221	0.319222	0.661972	0.32247	0.152416	80.0534	0.0949611	0.0217654	0.0361261
2518.63	0.00833333	0.807374	0.695092	0.391732	0.440481	0.426165	0.561742	0.464639	0.341512	0.58209	0.727452	0.529334	0.657607	0.875202	0.13235	0.636358	0.494061	130.058	0.0931293	0.00950539	0.0472442
2521.74	0.00833333	1.02001	0.885372	0.72681	0.378626	0.882697	0.126759	0.211902	0.427748	0.0958875	0.68417	0.245017	0.711422	0.737516	0.133686	0.908711	0.645875	83.1273	0.0954408	0.0266684	0.0281169
2523.33	0.00833333	0.900199	0.680679	0.0910723	0.778524	0.748241	0.858807	0.728028	0.117244	0.77254	0.610405	0.319479	0.621743	0.11309	0.429159	0.567315	0.216417	126.287	0.0936757	0.00720548	0.0419061
2529.76	0.00833333	0.983534	0.290444	0.21844	0.594917	0.880579	0.615925	0.528594	0.600425	0.925712	0.295744	0.564828	0.813092	0.781202	0.529208	0.133462	0.225971	96.697	0.0955013	0.000333848	0.0422688
2532.48	0.00833333	0.839891	0.52249	0.700502	0.521907	0.705422	0.702383	0.462831	0.328846	0.675571	0.468061	0.534074	0.0882385	0.113175	0.46013	0.891809	0.00518523	137.032	0.0917373	0.0268363	0.0167409
2532.91	0.00833333	1.10682	0.914084	0.191781	0.567532	0.72371	0.816602	0.895093	0.0531008	0.130543	0.444313	0.0496178	0.365774	0.462872	0.176578	0.518314	0.96129	100.792	0.0821187	0.0173162	0.0341864
2534.63	0.00833333	1.08268	0.34817	0.666973	0.713826	0.38744	0.8805	0.142131	0.987881	0.404407	0.506004	0.045341	0.642677	0.576855	0.045301	0.696441	0.452508	108.165	0.075097	0.0247347	0.0074591
2540.5	0.00833333	0.9015	0.686687	0.567568	0.0061474	0.272599	0.0358859	0.55279	0.269026	0.507267	0.626154	0.594951	0.377867	0.461524	0.964543	0.622459	0.227547	114.843	0.086484	0.00652304	0.0447895
2553.87	0.00833333	1.11299	0.221353	0.812051	0.569267	0.152619	0.615198	0.12991	0.403772	0.373311	0.4545	0.725827	0.764386	0.0134714	0.167356	0.268738	0.30632	83.8143	0.0922958	0.0197674	0.0386027
2555.24	0.00833333	1.0982	0.752128	0.692292	0.075498	0.572841	0.8235	0.250391	0.176423	0.296242	0.848445	0.544892	0.583741	0.330379	0.551725	0.31096	0.650579	89.398	0.0906972	0.0184343	0.0385803
2562.7	0.00833333	1.03807	0.376876	0.202108	0.619194	0.427494	0.159113	0.596423	0.0751833	0.40712	0.0146088	0.485738	0.551595	0.578402	0.614314	0.350349	0.094328	83.8724	0.0960128	0.0271206	0.00331649
2575.85	0.00833333	1.07508	0.464096	0.294592	0.882084	0.462884	0.934077	0.596278	0.833466	0.835783	0.0200484	0.511098	0.651587	0.280464	0.285741	0.280081	0.617272	76.9628	0.0914353	0.0269578	0.0322195
2590.24	0.00833333	1.1938	0.33746	0.20632	0.733082	0.606563	0.986183	0.265537	0.196495	0.118874	0.879165	0.512234	0.271921	0.470833	0.286879	0.318392	0.052446	105.196	0.062806	0.00896412	0.0280539
2591.62	0.00833333	0.966599	0.710272	0.543728	0.537402	0.292275	0.519121	0.251332	0.652009	0.854193	0.150538	0.508406	0.667323	0.279366	0.649006	0.82162	0.317426	115.477	0.0948088	0.0224581	0.03672
2593.11	0.00833333	0.823855	0.839113	0.584262	0.289199	0.597882	0.871988	0.365699	0.546117	0.74824	0.0345897	0.308834	0.032108	0.226016	0.915394	0.644534	0.7125	139.271	0.0905031	0.008908	0.046134
2594.39	0.00833333	1.0057	0.269644	0.489708	0.277506	0.369268	0.789632	0.897927	0.282622	0.819576	0.27148	0.774083	0.720411	0.0905741	0.971809	0.128981	0.0137865	83.0682	0.09846	0.0317926	0.0234321
2594.49	0.00833333	0.958977	0.492809	0.698901	0.952384	0.380622	0.322747	0.69853	0.40124	0.219993	0.232527	0.0792939	0.0480616	0.394652	0.306054	0.143739	0.601426	138.209	0.0823823	0.0251372	0.00994296
2600.72	0.00833333	0.901954	0.476834	0.968807	0.633022	0.494146	0.977579	0.924549	0.390524	0.513928	0.899968	0.132621	0.306425	0.124865	0.512193	0.120067	0.856875	138.044	0.0846534	0.0113529	0.0383017
2602.53	0.00833333	0.939122	0.510855	0.955945	0.287579	0.601371	0.174578	0.258898	0.667465	0.346539	0.184254	0.130062	0.909527	0.542358	0.309523	0.422662	0.41186	131.333	0.0857569	0.0115603	0.0426197
2610.19	0.00833333	0.917105	0.398087	0.834923	0.136144	0.716382	0.419795	0.989239	0.828416	0.851495	0.906011	0.0565959	0.504913	0.255063	0.438948	0.523626	0.744125	110.58	0.0883814	0.0172173	0.0457818
2611.69	0.00833333	1.18434	0.740444	0.265077	0.0197468	0.879225	0.779672	0.527569	0.0299415	0.856045	0.218614	0.366469	0.162701	0.427075	0.686114	0.933198	0.454514	86.6316	0.0788766	0.0157811	0.0333164
2614.11	0.00833333	0.899158	0.691199	0.858139	0.1617	0.583543	0.470252	0.243982	0.611622	0.376251	0.836398	0.60648	0.366594	0.604029	0.467507	0.566059	0.0766268	102.329	0.0959623	0.0295455	0.0338074
2618.42	0.00833333	0.940901	0.116848	0.465261	0.586826	0.421781	0.455931	0.424443	0.417818	0.816566	0.390096	0.128344	0.890235	0.764798	0.536365	0.515503	0.212716	92.5669	0.0993097	0.0328369	0.0191604
2618.86	0.00833333	1.14331	0.621498	0.23555	0.132928	0.796044	0.721309	0.342433	0.400143	0.385971	0.540737	0.369289	0.492189	0.165905	0.476297	0.732293	0.706471	69.9734	0.0870859	0.0211048	0.0370494
2621.87	0.00833333	0.88415	0.722586	0.845677	0.339578	0.999701	0.729835	0.720554	0.871936	0.202782	0.667845	0.894937	0.236252	0.297911	0.863858	0.926169	0.66902	135.38	0.0944877	0.0151015	0.0408218
2627.6	0.00833333	1.04907	0.788599	0.0856673	0.22922	0.376923	0.417658	0.765985	0.550583	0.345754	0.255387	0.544713	0.534036	0.589507	0.87705	0.319936	0.622291	100.194	0.0825727	0.026494	0.0232898
2629.29	0.00833333	0.977382	0.13446	0.299933	0.794435	0.186331	0.568897	0.626833	0.931252	0.999984	0.337603	0.739295	0.375231	0.669309	0.526604	0.778849	0.472818	127.133	0.0773213	0.021318	0.0232557
2637.47	0.00833333	0.898212	0.657183	0.795702	0.655808	0.654097	0.724009	0.940301	0.445223	0.443194	0.655418	0.133103	0.137746	0.342978	0.61172	0.346698	0.480503	120.27	0.0840385	0.0118127	0.044446
2641.89	0.00833333	0.892512	0.518521	0.984391	0.210956	0.783578	0.825944	0.319659	0.903376	0.127597	0.47228	0.0103101	0.000344932	0.214948	0.468288	0.694998	0.609457	123.87	0.0971223	0.0261013	0.00155744
2642.64	0.00833333	1.01643	0.429897	0.990061	0.24759	0.696528	0.191573	0.287553	0.404282	0.0374049	0.765375	0.761883	0.561675	0.293737	0.568278	0.396638	0.715242	78.5592	0.0931975	0.0234194	0.0387959
2659.8	0.00833333	0.911937	0.22217	0.10485	0.479307	0.869424	0.841125	0.720913	0.624116	0.326232	0.575091	0.275188	0.214079	0.120537	0.19048	0.728637	0.851545	93.7344	0.0971749	0.00104017	0.0463552
2660.17	0.00833333	1.00734	0.568892	0.0917522	0.464449	0.754859	0.681086	0.726583	0.769288	0.382118	0.64627	0.242428	0.430572	0.510474	0.365151	0.0561116	0.259124	134.767	0.0803572	0.0140418	0.0351903
2661.05	0.00833333	1.09514	0.657186	0.253779	0.531125	0.422347	0.424239	0.247247	0.347746	0.163538	0.607829	0.267532	0.0966165	0.702987	0.53121	0.617368	0.732585	81.0931	0.0851344	0.0263271	0.0114382
2662.96	0.00833333	0.81332	0.346191	0.807179	0.42619	0.13751	0.708855	0.238598	0.751683	0.110191	0.897927	0.649815	0.232072	0.531803	0.404178	0.158692	0.239465	135.711	0.0978151	0.01311	0.0428514
2682.6	0.00833333	0.846633	0.752463	0.19172	0.526249	0.4585	0.0802471	0.887683	0.504709	0.383875	0.636415	0.356013	0.627543	0.526551	0.59974	0.525623	0.414713	107.587	0.0936808	0.0316915	0.0140035
2685.76	0.00833333	0.940028	0.55851	0.813964	0.286876	0.777146	0.14248	0.632403	0.495414	0.247794	0.438841	0.136214	0.198336	0.415891	0.576042	0.356596	0.0524834	101.419	0.0876807	0.0189342	0.0440614
2692.47	0.00833333	1.13301	0.642657	0.796572	0.204699	0.448152	0.224316	0.919824	0.616749	0.678483	0.686057	0.44646	0.978866	0.395927	0.273374	0.607555	0.913982	78.8174	0.0896606	0.0147479	0.036525
2694.25	0.00833333	0.991415	0.330647	0.345586	0.390079	0.84609	0.917357	0.37539	0.871266	0.174447	0.423563	0.272906	0.720377	0.461254	0.030174	0.478449	0.350952	102.972	0.0996618	0.0224396	0.0394524
2698.17	0.00833333	1.19616	0.0137933	0.120616	0.131457	0.0554658	0.48785	0.665755	0.0179448	0.627111	0.353644	0.547551	0.0595928	0.211673	0.0708594	0.776131	0.276014	88.3088	0.0751155	0.00814868	0.0363668
2699.57	0.00833333	0.955155	0.280812	0.223675	0.936004	0.768127	0.980905	0.338534	0.738175	0.0153522	0.704354	0.918094	0.455449	0.707729	0.672669	0.026965	0.68143	146.944	0.0749792	0.0122506	0.0328699
2704.37	0.00833333	1.05717	0.60517	0.483641	0.660406	0.880311	0.877421	0.448644	0.322895	0.199277	0.388342	0.447039	0.476748	0.00437731	0.200335	0.72623	0.439911	97.4301	0.089584	0.0218933	0.0376642
2713.03	0.00833333	1.03842	0.764921	0.502757	0.371892	0.872662	0.0230809	0.833739	0.861984	0.783217	0.592003	0.756827	0.271192	0.746143	0.0348456	0.506859	0.468413	102.75	0.095007	0.0193716	0.0365581
2716.34	0.00833333	0.781033	0.961471	0.627086	0.0263574	0.382587	0.444281	0.52958	0.153814	0.118374	0.454551	0.487132	0.965035	0.126889	0.442366	0.908461	0.646245	110.354	0.0986927	0.0321767	0.0260752
2717.22	0.00833333	0.893128	0.376426	0.220182	0.899906	0.131597	0.593883	0.465307	0.596022	0.00621444	0.802412	0.506356	0.729377	0.595698	0.620619	0.506902	0.867257	153.549	0.0828931	0.00695258	0.0387462
2718.86	0.00833333	0.875321	0.636382	0.592297	0.146259	0.796599	0.590678	0.620588	0.37946	0.361454	0.0953325	0.159951	0.652583	0.636142	0.647036	0.352212	0.275589	132.905	0.0892404	0.0281822	0.0209224
2727	0.00833333	0.788654	0.492388	0.605584	0.915376	0.77325	0.273507	0.560276	0.617183	0.345116	0.623444	0.260603	0.936428	0.53113	0.499023	0.186065	0.785315	135.253	0.0907277	0.00358069	0.0453647
2727.18	0.00833333	0.942482	0.614912	0.551862	0.559631	0.442454	0.532324	0.857691	0.668556	0.259231	0.557942	0.760265	0.299464	0.0547299	0.301626	0.336247	0.165855	101.896	0.0870446	0.0190742	0.0448267
2727.8	0.00833333	1.20387	0.014066	0.504163	0.154458	0.365312	0.226355	0.838565	0.786706	0.402691	0.251924	0.245786	0.483282	0.186666	0.203567	0.594814	0.60226	69.4275	0.07891	0.00558313	0.0387734
2731.75	0.00833333	1.10641	0.906321	0.567716	0.288312	0.642204	0.0679335	0.614038	0.63835	0.0872342	0.446803	0.686698	0.376132	0.489814	0.0197801	0.901935	0.855429	81.3423	0.0834752	0.000181309	0.0392247
2731.95	0.00833333	0.94659	0.129981	0.636343	0.39585	0.436411	0.385674	0.352013	0.697664	0.812794	0.616708	0.680807	0.786168	0.193174	0.105864	0.578762	0.664132	167.154	0.0674389	0.00808433	0.0339231
2741.19	0.00833333	0.873815	0.475837	0.107335	0.438525	0.389366	0.545537	0.796656	0.33084	0.541697	0.224392	0.277756	0.941735	0.552505	0.950882	0.810271	0.301548	147.856	0.0852998	0.0242416	0.00907748
2742.32	0.00833333	0.780214	0.213139	0.101623	0.503641	0.317051	0.329112	0.733683	0.959882	0.168649	0.302443	0.261747	0.208271	0.150685	0.40305	0.379541	0.270207	143.783	0.0906234	0.0175082	0.0431224
2743.74	0.00833333	0.976053	0.847131	0.556448	0.559542	0.281333	0.290176	0.632686	0.410962	0.111978	0.182573	0.221812	0.488244	0.856742	0.803783	0.640143	0.130963	102.12	0.0826797	0.0277269	0.0165854
2745.06	0.00833333	0.96608	0.00204638	0.700059	0.811638	0.273881	0.568312	0.233195	0.649443	0.851169	0.651272	0.540393	0.564584	0.322426	0.262968	0.612021	0.593989	100.533	0.0979969	0.0126581	0.0403038
2745.8	0.00833333	0.979549	0.788949	0.451906	0.19973	0.594841	0.594621	0.494187	0.516303	0.198708	0.362828	0.334112	0.145812	0.355661	0.397	0.233862	0.491015	77.1644	0.0995856	0.0274096	0.0435097
2748.24	0.00833333	0.984205	0.553373	0.651499	0.597315	0.56148	0.624686	0.893775	0.50223	0.318332	0.889193	0.858842	0.858845	0.177497	0.485385	0.858965	0.143379	132.719	0.0829319	0.0236109	0.0248427
2748.93	0.00833333	0.967982	0.608641	0.30906	0.692636	0.456225	0.743876	0.344777	0.827889	0.334579	0.830297	0.403679	0.556615	0.310624	0.260459	0.441831	0.531148	123.731	0.0724466	0.00446971	0.0410884
2749.18	0.00833333	1.13859	0.14732	0.110281	0.846495	0.951505	0.782758	0.680733	0.337296	0.399588	0.223435	0.829017	0.752428	0.232173	0.29547	0.157356	0.239464	82.3643	0.0777996	0.014121	0.0387632
2752.98	0.00833333	0.930467	0.380577	0.474686	0.992584	0.985077	0.898964	0.929192	0.62119	0.611986	0.751979	0.517907	0.740148	0.279182	0.0609637	0.496988	0.483382	128.186	0.095603	0.0227168	0.0321929
2756.6	0.00833333	0.930507	0.622369	0.576378	0.23126	0.539718	0.0512209	0.588495	0.511863	0.956722	0.530155	0.0808635	0.650325	0.652887	0.340944	0.352253	0.935249	102.246	0.0986394	0.0266036	0.0409193
2760.56	0.00833333	0.84764	0.360125	0.838446	0.464942	0.547372	0.675343	0.304948	0.89039	0.658203	0.60167	0.757224	0.788739	0.161844	0.715203	0.620156	0.486077	130.146	0.085904	0.0220456	0.0379104
2763.44	0.00833333	1.04868	0.0234603	0.833415	0.69505	0.865381	0.855244	0.0144683	0.127045	0.43432	0.64944	0.103261	0.230734	0.758452	0.623698	0.508664	0.770375	85.1324	0.0970818	0.00818822	0.0418153
2765.31	0.00833333	0.817952	0.00736097	0.494945	0.332699	0.441597	0.733198	0.463196	0.192981	0.424583	0.129146	0.50947	0.415409	0.386721	0.706657	0.0534529	0.874031	119.799	0.0936366	0.0271565	0.0380414
2770.65	0.00833333	1.02812	0.538587	0.604421	0.0359558	0.311932	0.302795	0.0517133	0.520531	0.52994	0.752198	0.669125	0.449377	0.507501	0.210553	0.714278	0.777186	125.884	0.0647488	0.00593427	0.0362684
2771.79	0.00833333	0.885002	0.717216	0.803169	0.936092	0.770962	0.430802	0.608029	0.499927	0.433195	0.235698	0.345662	0.44534	0.204874	0.766718	0.407806	0.361579	94.1132	0.0959593	0.0261487	0.0432339
2771.87	0.00833333	0.83576	0.0241347	0.237215	0.637723	0.0681069	0.597002	0.653675	0.734245	0.459962	0.227665	0.362134	0.149036	0.0300308	0.408026	0.227089	0.487128	152.9	0.0895324	0.0219635	0.0325984
2777.89	0.00833333	1.26247	0.307743	0.824138	0.355058	0.839407	0.793882	0.434082	0.158237	0.116817	0.169256	0.270782	0.187283	0.955869	0.67723	0.376812	0.578804	69.2299	0.0733734	0.0204432	0.0250584
2780.46	0.00833333	0.855152	0.371713	0.758063	0.118241	0.702256	0.960136	0.41125	0.435335	0.562737	0.952118	0.578061	0.229673	0.672493	0.520946	0.449753	0.751221	130.163	0.084475	0.0277172	0.0180205
2782.81	0.00833333	0.779783	0.55026	0.729934	0.659179	0.944758	0.325234	0.849035	0.742679	0.486619	0.0406049	0.532448	0.163348	0.355251	0.630342	0.497474	0.372736	148.728	0.0898395	0.0264005	0.0236879
