distance	weight	r0	r1	r2	r3	r4	r5	r6	r7	r8	r9	r10	r11	r12	r13	r14	r15	tp	dr1	dr2
2958.78	0.00833333	1.71388	0.125323	0.576545	0.513284	0.836513	0.232015	0.982098	0.288949	0.366263	0.61097	0.459929	0.422872	0.521599	0.412669	0.0438297	0.698718	63.852	0.0553067	5.72409e-05
2958.78	0.00833333	1.22376	0.0933719	0.914856	0.110142	0.683798	0.879256	0.328196	0.559436	0.703391	0.70131	0.422805	0.438212	0.952003	0.645263	0.0928408	0.77	73.8206	0.0148915	0.00070335
2958.78	0.00833333	2.11973	0.11218	0.293193	0.567958	0.732025	0.250232	0.286092	0.827083	0.450805	0.143881	0.600461	0.201702	0.838984	0.935857	0.260751	0.143373	42.2163	0.0728712	0.000403936
2958.78	0.00833333	1.78885	0.160165	0.052123	0.603365	0.607999	0.280293	0.22733	0.466325	0.571213	0.282586	0.149163	0.797985	0.504556	0.326183	0.28489	0.448402	33.4281	0.0558936	0.000552716
2958.78	0.00833333	2.74654	0.314812	0.65144	0.812657	0.368259	0.869579	0.0704203	0.502938	0.380573	0.763882	0.269154	0.593015	0.789029	0.0226842	0.369443	0.788094	77.3023	0.0490699	4.23354e-05
2958.78	0.00833333	0.101436	0.325184	0.874831	0.986431	0.746236	0.993969	0.0393316	0.106172	0.22853	0.89233	0.0167214	0.680754	0.862414	0.569524	0.942451	0.766724	29.2529	0.0305163	0.000546305
2958.78	0.00833333	2.434	0.534205	0.149272	0.332259	0.86407	0.899888	0.316837	0.806287	0.363789	0.692692	0.893381	0.647456	0.989344	0.921686	0.982856	0.355546	57.8616	0.0560383	0.000462579
2958.78	0.00833333	0.849508	0.926295	0.19875	0.327215	0.845678	0.927099	0.539858	0.706585	0.0651443	0.436017	0.688804	0.95965	0.418693	0.785599	0.252425	0.305258	51.0793	0.0231215	1.0667e-05
2958.78	0.00833333	2.07358	0.637056	0.309008	0.190776	0.863747	0.159839	0.217627	0.893479	0.686018	0.964313	0.999627	0.875248	0.668739	0.274195	0.440173	0.62097	27.582	0.0236326	0.00076876
2958.78	0.00833333	0.728237	0.11052	0.368448	0.240881	0.105047	0.532504	0.459049	0.640579	0.869499	0.371161	0.265115	0.132231	0.80969	0.742205	0.0419373	0.58809	87.2635	0.022271	0.000735885
2958.78	0.00833333	1.44756	0.597397	0.741658	0.776319	0.982982	0.861953	0.711998	0.507458	0.188988	0.891945	0.209867	0.25442	0.77714	0.635856	0.160705	0.485425	64.0645	0.078372	0.000467283
2958.78	0.00833333	1.45962	0.758355	0.0168475	0.255612	0.889122	0.491543	0.226646	0.731787	0.10378	0.282788	0.79377	0.397032	0.801567	0.214869	0.463567	0.141419	50.0583	0.00165528	0.000337253
2958.78	0.00833333	1.27294	0.370337	0.138516	0.505333	0.769372	2.99811e-05	0.580725	0.0323336	0.932703	0.996917	0.643882	0.38878	0.339157	0.434719	0.251937	0.137367	70.6425	0.0417592	3.71854e-05
2958.78	0.00833333	0.228806	0.972017	0.337927	0.875926	0.704805	0.283589	0.700797	0.271359	0.339762	0.936732	0.259186	0.350854	0.526156	0.472105	0.0216606	0.645962	64.8536	0.0418584	0.000999981
2958.78	0.00833333	1.75741	0.921915	0.255224	0.692601	0.0247237	0.175486	0.421492	0.332682	0.441101	0.790348	0.455116	0.835836	0.851454	0.532183	0.891554	0.392794	61.2278	0.09868	9.29968e-05
2958.78	0.00833333	0.255745	0.241422	0.55335	0.30365	0.288198	0.887373	0.414414	0.770275	0.0443438	0.565848	0.277492	0.0543537	0.249047	0.888902	0.618853	0.782964	33.3614	0.0618425	0.000517042
2958.78	0.00833333	1.0651	0.485153	0.512153	0.816119	0.804147	0.039925	0.402191	0.285282	2.5928e-05	0.614248	0.80982	0.0652197	0.222731	0.853285	0.580765	0.703357	73.3533	0.084802	0.000715083
2958.78	0.00833333	1.3696	0.550988	0.339075	0.64341	0.45992	0.970232	0.412348	0.190079	0.995585	0.0431538	0.55554	0.544396	0.198845	0.779227	0.298816	0.839377	39.3176	0.0286464	3.94409e-05
2958.78	0.00833333	1.9663	0.668932	0.731495	0.716756	0.916646	0.887688	0.579066	0.237175	0.653074	0.961869	0.484312	0.603017	0.699647	0.503298	0.880803	0.0953527	66.5733	0.0457323	0.000360501
2958.78	0.00833333	2.47331	0.377197	0.144837	0.411572	0.319983	0.848074	0.470138	0.430721	0.523012	0.22446	0.91325	0.53543	0.694539	0.305944	0.278586	0.974431	92.8767	0.0582782	0.000261174
2958.78	0.00833333	2.46289	0.388017	0.0214561	0.400622	0.0176777	0.421029	0.273284	0.218882	0.206386	0.469547	0.69371	0.92071	0.222997	0.0549245	0.545605	0.905924	43.8031	0.0376934	0.000398261
2958.78	0.00833333	0.195632	0.599104	0.946842	0.793655	0.347615	0.726845	0.598138	0.68722	0.785539	0.208521	0.525734	0.843183	0.526276	0.964742	0.695436	0.664647	77.1988	0.0534743	0.00021511
2958.78	0.00833333	0.688453	0.765407	0.632979	0.576034	0.37552	0.615741	0.643383	0.926749	0.826777	0.358233	0.39212	0.062112	0.787251	0.242986	0.684784	0.919329	30.5106	0.0362298	0.000603318
2958.78	0.00833333	1.62356	0.584413	0.633445	0.732388	0.733087	0.440106	0.17591	0.966566	0.866966	0.579391	0.0904599	0.0416965	0.0943408	0.158286	0.290501	0.82602	59.044	0.024278	0.000676058
2958.78	0.00833333	2.51068	0.983717	0.531479	0.296725	0.90079	0.813337	0.668047	0.700664	0.83061	0.175843	0.822526	0.591976	0.573949	0.103558	0.476057	0.153295	64.2442	0.0732535	0.000242141
2958.78	0.00833333	1.1448	0.447756	0.307836	0.496932	0.574487	0.86202	0.569299	0.659886	0.881944	0.191692	0.671784	0.646202	0.106609	0.354784	0.979711	0.35962	94.245	0.0752293	0.000242199
2958.78	0.00833333	2.0668	0.340885	0.0835152	0.801127	0.309482	0.560218	0.746958	0.765657	0.357411	0.325444	0.446148	0.969402	0.463751	0.607653	0.398558	0.701555	96.8648	0.049796	0.000576614
2958.78	0.00833333	0.687814	0.86328	0.051373	0.632288	0.517806	0.668986	0.758925	0.253198	0.062488	0.721388	0.512697	0.00214288	0.923553	0.580475	0.214143	0.149508	94.3729	0.0617738	0.000189443
2958.78	0.00833333	0.228733	0.841653	0.276162	0.279217	0.501436	0.0794138	0.255525	0.609023	0.0233027	0.69376	0.691087	0.791825	0.3531	0.368246	0.82287	0.0139103	40.6022	0.0914155	0.000571386
2958.78	0.00833333	2.10252	0.313678	0.665857	0.870444	0.750672	0.0995876	0.729589	0.619767	0.666533	0.461879	0.289552	0.774614	0.632325	0.820459	0.708174	0.941051	82.2423	0.051021	0.000500739
2958.78	0.00833333	0.805441	0.195571	0.344815	0.116581	0.146279	0.688162	0.0715362	0.0874047	0.139088	0.0638872	0.794459	0.735748	0.608674	0.790641	0.501775	0.602659	87.6053	0.0455231	0.000534016
2958.78	0.00833333	2.487	0.396082	0.298329	0.815459	0.96657	0.751285	0.749168	0.337301	0.829596	0.0133383	0.305891	0.941909	0.475441	0.343722	0.657716	0.798886	79.425	0.00310743	0.00051592
2958.78	0.00833333	0.62321	0.141725	0.960519	0.291598	0.380088	0.245626	0.186554	0.651674	0.550739	0.854836	0.304921	0.679111	0.706069	0.244729	0.313886	0.522862	96.4973	0.098803	3.58182e-05
2958.78	0.00833333	1.34094	0.347976	0.833037	0.13107	0.12194	0.719806	0.86313	0.118372	0.370713	0.0389461	0.875465	0.813714	0.237023	0.860672	0.965188	0.0350409	35.1516	0.0679089	0.000443098
2958.78	0.00833333	2.96116	0.576481	0.0980963	0.892478	0.890716	0.501879	0.931733	0.138298	0.841535	0.399673	0.4457	0.158055	0.874126	0.434859	0.150412	0.877869	99.0642	0.0398049	0.000553524
2958.78	0.00833333	0.425946	0.5171	0.21806	0.0347836	0.732664	0.358785	0.863329	0.513081	0.702732	0.747588	0.906276	0.602772	0.717491	0.715115	0.0416264	0.731167	60.2871	0.088654	0.000451647
2958.78	0.00833333	0.448063	0.816041	0.250158	0.162006	0.323406	0.723135	0.285831	0.599237	0.554273	0.866815	0.342829	0.305299	0.587977	0.646793	0.102328	0.276062	68.7454	0.0178144	5.81243e-05
2958.78	0.00833333	1.58277	0.0113708	0.096369	0.523144	0.896488	0.502275	0.157258	0.683324	0.846906	0.528569	0.943273	0.453112	0.67922	0.888396	0.392494	0.661573	86.5093	0.0385543	0.000744812
2958.78	0.00833333	2.55548	0.386476	0.458428	0.318659	0.713762	0.920972	0.532461	0.229025	0.178277	0.332127	0.621478	0.533247	0.271843	0.251817	0.463978	0.540198	29.8671	0.0177617	0.000334864
2958.78	0.00833333	2.39991	0.464931	0.677134	0.462311	0.727525	0.0213308	0.935101	0.0578531	0.880388	0.317099	0.533136	0.81928	0.460578	0.11181	0.981254	0.591491	61.736	0.0973409	0.000799838
2958.78	0.00833333	0.608493	0.994177	0.73855	0.0336632	0.979392	0.250084	0.090017	0.0279425	0.630562	0.0663911	0.312955	0.0105864	0.624286	0.19527	0.0884617	0.791527	44.1531	0.068758	0.000610212
2958.78	0.00833333	2.93985	0.939223	0.0887061	0.111096	0.619363	0.579017	0.56619	0.769557	0.991274	0.684428	0.056473	0.720666	0.581917	0.701453	0.69802	0.869442	83.0261	0.046826	0.000981192
2958.78	0.00833333	0.195354	0.933453	0.524369	0.100104	0.254928	0.463708	0.727022	0.690686	0.369354	0.337526	0.997501	0.633648	0.592908	0.345667	0.547581	0.0384851	68.2799	0.0109081	0.000773859
2958.78	0.00833333	1.92967	0.0539921	0.886362	0.890246	0.571251	0.787767	0.898292	0.686705	0.547394	0.090078	0.452764	0.303375	0.187179	0.765667	0.915377	0.460477	64.2494	0.0987076	0.000320367
2958.78	0.00833333	0.625858	0.470712	0.241656	0.849716	0.758514	0.380877	0.39237	0.107189	0.327853	0.298644	0.749854	0.421344	0.894594	0.0331789	0.856053	0.656026	31.1467	0.00176086	0.0006283
2958.78	0.00833333	2.54164	0.462856	0.651553	0.0524441	0.550183	0.874409	0.0616027	0.434481	0.202571	0.416243	0.957839	0.478372	0.227252	0.2122	0.163862	0.511506	79.2509	0.0973725	0.000237097
2958.78	0.00833333	0.256251	0.268165	0.927554	0.534833	0.199601	0.730709	0.382877	0.602201	0.997256	0.732231	0.171528	0.552979	0.418563	0.303444	0.265673	0.43893	65.4916	0.0281085	0.000955655
2958.78	0.00833333	1.23368	0.252928	0.66551	0.433387	0.575317	0.293317	0.304526	0.85531	0.546211	0.450931	0.129622	0.885801	0.444146	0.779652	0.552841	0.0787631	53.1464	0.046119	0.000125025
2958.78	0.00833333	0.685745	0.922938	0.296163	0.536015	0.712641	0.563865	0.259312	0.246072	0.490236	0.708262	0.541133	0.88177	0.560628	0.697188	0.927263	0.287012	53.4023	0.042759	8.92155e-05
2958.78	0.00833333	0.0690917	0.41273	0.471187	0.514943	0.823848	0.7869	0.0203987	0.710152	0.57685	0.102186	0.665608	0.225943	0.103172	0.94356	0.950352	0.429282	72.7004	0.0603022	0.000197765
2958.78	0.00833333	1.78215	0.496945	0.434463	0.68844	0.86362	0.0314682	0.828887	0.231482	0.0543774	0.732135	0.621628	0.0686361	0.620085	0.646599	0.210571	0.929366	50.2249	0.0874097	0.000302256
2958.78	0.00833333	2.07339	0.382407	0.801322	0.520211	0.309584	0.0268396	0.325417	0.141207	0.538431	0.62694	0.505625	0.509239	0.660354	0.227481	0.914722	0.383373	46.6874	0.070627	0.000837628
2958.78	0.00833333	2.29063	0.257245	0.861209	0.622386	0.621339	0.49277	0.963657	0.794864	0.392399	0.542407	0.899189	0.666438	0.569603	0.162589	0.487547	0.51735	94.7903	0.0696918	0.000157906
2958.78	0.00833333	1.30365	0.0286231	0.488335	0.261429	0.311826	0.774205	0.596175	0.45041	0.435621	0.573129	0.324314	0.431872	0.540879	0.902715	0.29385	0.266037	98.2188	0.0357272	0.000157554
2958.78	0.00833333	2.09487	0.307747	0.232298	0.522113	0.894039	0.304156	0.302753	0.261077	0.98407	0.763109	0.692867	0.214797	0.651122	0.837732	0.759713	0.74126	64.1201	0.0556727	0.000331842
2958.78	0.00833333	2.77182	0.298088	0.888982	0.092302	0.780735	0.133946	0.466096	0.733799	0.677104	0.4837	0.736803	0.598382	0.826547	0.2045	0.867105	0.586086	46.686	0.073907	0.000144991
2958.78	0.00833333	0.824643	0.0631406	0.389106	0.520116	0.43908	0.929462	0.202036	0.8141	0.529027	0.794372	0.385807	0.613038	0.176143	0.094186	0.38222	0.284688	30.5658	0.0341412	0.000603175
2958.78	0.00833333	1.81813	0.540063	0.204941	0.0234707	0.474707	0.1716	0.988456	0.314703	0.623494	0.946127	0.457078	0.119539	0.553446	0.590017	0.109947	0.255338	84.9335	0.0957751	0.000155915
2958.78	0.00833333	1.47797	0.363998	0.000267655	0.000342965	0.717271	0.820662	0.897908	0.849172	0.395628	0.575397	0.667293	0.12463	0.39193	0.592127	0.386117	0.644271	90.1344	0.0499922	0.000654369
2958.78	0.00833333	2.14994	0.73524	0.583113	0.866314	0.18849	0.185801	0.0245892	0.340167	0.570749	0.988254	0.119744	0.527755	0.346437	0.404626	0.129777	0.846564	26.0335	0.0498313	0.000201247
2958.78	0.00833333	0.542045	0.0891552	0.511344	0.627629	0.306734	0.491608	0.552129	0.945412	0.245032	0.486175	0.267775	0.881666	0.815339	0.0088537	0.728808	0.378813	55.2011	0.0585429	0.000413114
2958.78	0.00833333	1.63067	0.408749	0.670232	0.456677	0.3461	0.629526	0.894751	0.898856	0.856453	0.409448	0.256627	0.163811	0.565725	0.134053	0.289389	0.691296	66.5543	0.0432743	4.21228e-05
2958.78	0.00833333	0.612971	0.562881	0.442659	0.619811	0.447048	0.718492	0.831074	0.19418	0.0676071	0.800895	0.943082	0.302818	0.162114	0.0292266	0.750566	0.639216	86.5086	0.0580585	0.000274994
2958.78	0.00833333	1.43068	0.152364	0.508288	0.753327	0.386232	0.482735	0.880457	0.82153	0.597287	0.751464	0.294868	0.327335	0.611413	0.716761	0.875626	0.275555	84.982	0.0447453	0.000127832
2958.78	0.00833333	0.720202	0.4129	0.655584	0.968436	0.390651	0.707909	0.634571	0.124583	0.77378	0.107489	0.516171	0.786085	0.394105	0.800468	0.352267	0.0636901	46.9289	0.0748515	0.000436135
2958.78	0.00833333	1.9367	0.889103	0.260637	0.057862	0.714178	0.742803	0.676561	0.809404	0.0187152	0.902833	0.136866	0.773406	0.580679	0.156893	0.884883	0.945842	68.3623	0.0392621	0.00036173
2958.78	0.00833333	2.75146	0.398835	0.971039	0.795148	0.622724	0.726206	0.644987	0.376502	0.318358	0.418924	0.436535	0.652381	0.0268331	0.0622485	0.543783	0.292528	29.2697	0.0110881	0.000558925
2958.78	0.00833333	1.71178	0.336913	0.149753	0.843229	0.04092	0.106943	0.564006	0.140608	0.648241	0.139589	0.379086	0.848176	0.638908	0.703367	0.331886	0.92404	96.8161	0.0118316	0.000686891
2958.78	0.00833333	0.881932	0.24084	0.149156	0.23178	0.15517	0.94736	0.0356341	0.285897	0.84897	0.0604714	0.67971	0.467185	0.287929	0.35241	0.132583	0.960985	47.145	0.0533715	7.3887e-05
2958.78	0.00833333	2.64333	0.474609	0.244697	0.399855	0.664541	0.636483	0.324279	0.460526	0.940772	0.817285	0.552838	0.253405	0.764526	0.660193	0.304243	0.514228	77.0725	0.0598619	0.000416742
2958.78	0.00833333	1.81459	0.117129	0.00532037	0.728992	0.395417	0.556619	0.845526	0.876445	0.159953	0.45046	0.49153	0.102456	0.32656	0.572319	0.303734	0.732281	67.8343	0.0296696	0.000795521
2958.78	0.00833333	1.93864	0.633092	0.714845	0.492398	0.243987	0.662254	0.665636	0.994285	0.465143	0.379772	0.636032	0.603075	0.501184	0.575811	0.922571	0.500028	59.1265	0.0459028	0.00014666
2958.78	0.00833333	0.397707	0.567294	0.785951	0.37184	0.991043	0.703698	0.597855	0.654881	0.821202	0.0845429	0.064826	0.718515	0.601138	0.466679	0.767691	0.725698	30.0871	0.0262556	0.000660766
2958.78	0.00833333	0.873899	0.0266712	0.338321	0.416725	0.565067	0.0110953	0.755404	0.691992	0.376077	0.971569	0.959888	0.82498	0.695708	0.431469	0.0559735	0.122429	80.002	0.0297889	0.000433116
2958.78	0.00833333	0.283434	0.412557	0.373857	0.397308	0.325889	0.772926	0.937907	0.733864	0.535826	0.5085	0.490653	0.745538	0.464621	0.87272	0.131727	0.56198	42.1805	0.0590321	0.000918325
2958.78	0.00833333	2.8133	0.789673	0.698562	0.858814	0.101301	0.686657	0.91044	0.247638	0.175759	0.336569	0.261231	0.625133	0.944978	0.0786024	0.0980664	0.0421904	51.7599	0.0701622	0.000128242
2958.78	0.00833333	2.59936	0.440226	0.281782	0.371471	0.0332111	0.448613	0.481595	0.651035	0.0229856	0.553779	0.387666	0.830581	0.379341	0.181472	0.499939	0.23569	76.6643	0.0548473	0.000918875
2958.78	0.00833333	2.45046	0.0270638	0.102685	0.526119	0.701485	0.866304	0.690437	0.436492	0.051494	0.866597	0.49188	0.390146	0.2625	0.346227	0.470553	0.0322058	38.6728	0.0581269	0.000432294
2958.78	0.00833333	2.28541	0.967018	0.264411	0.698818	0.464082	0.274185	0.632522	0.791948	0.517417	0.418904	0.896323	0.972639	0.497768	0.834214	0.331137	0.93638	53.3682	0.062006	0.000296685
2958.78	0.00833333	2.05355	0.614807	0.8129	0.230278	0.43154	0.606032	0.989889	0.634108	0.630716	0.391237	0.233789	0.432422	0.481897	0.496879	0.738868	0.373296	92.9598	0.081766	1.33319e-05
2958.78	0.00833333	0.401196	0.667043	0.323607	0.493088	0.821567	0.455182	0.0249972	0.14959	0.260169	0.78298	0.0365404	0.471616	0.871363	0.674046	0.763154	0.0715508	44.9722	0.0644419	0.000610607
2958.78	0.00833333	0.399105	0.697088	0.413097	0.338997	0.512108	0.790175	0.630588	0.402354	0.57672	0.599261	0.11594	0.226005	0.257112	0.759704	0.527891	0.90462	71.48	0.00465871	7.03756e-05
2958.78	0.00833333	1.61445	0.521682	0.0464173	0.70013	0.0877403	0.0526323	0.405661	0.913885	0.399465	0.802202	0.402593	0.303843	0.958329	0.598418	0.523085	0.746797	98.2004	0.0525762	7.10701e-05
2958.78	0.00833333	2.06247	0.487201	0.566098	0.197439	0.929254	0.719882	0.865337	0.285202	0.678371	0.483685	0.537868	0.785795	0.141337	0.26987	0.358857	0.48661	70.6444	0.0130263	0.000692306
2958.78	0.00833333	0.554644	0.662183	0.150148	0.335249	0.934922	0.968884	0.670578	0.50242	0.330387	0.223999	0.0274904	0.0869413	0.992136	0.168496	0.960259	0.910038	50.6194	0.0677351	0.000687355
2958.78	0.00833333	1.43745	0.310383	0.616814	0.986342	0.255576	0.222714	0.949092	0.144551	0.448249	0.344289	0.756793	0.334425	0.9112	0.869536	0.501652	0.883273	40.8655	0.026698	0.00085864
2958.78	0.00833333	0.907692	0.676386	0.554698	0.0542704	0.954637	0.876698	0.172789	0.760075	0.507515	0.976118	0.397655	0.353554	0.1821	0.111399	0.647676	0.183953	61.1597	0.044879	0.000364452
2958.78	0.00833333	1.69456	0.314455	0.717434	0.913921	0.955705	0.681645	0.327209	0.0492032	0.165651	0.028619	0.469761	0.207207	0.100343	0.357657	0.918473	0.650019	95.056	0.0928649	0.00049021
2958.78	0.00833333	0.503488	0.762202	0.365189	0.352115	0.742539	0.29299	0.674985	0.188487	0.460923	0.458999	0.380287	0.0395658	0.0992599	0.75323	0.696379	0.166384	54.263	0.039271	0.000425706
2958.78	0.00833333	2.23868	0.462962	0.0289094	0.685795	0.697314	0.631108	0.419561	0.447026	0.161821	0.654076	0.685815	0.0951277	0.1293	0.63966	0.939856	0.0562674	61.6063	0.0551351	4.33408e-05
2958.78	0.00833333	0.833297	0.637996	0.196427	0.828603	0.645891	0.71646	0.471611	0.501037	0.331412	0.917206	0.728512	0.231444	0.714239	0.460595	0.643111	0.495125	85.9943	0.00950829	0.000580511
2958.78	0.00833333	2.60599	0.251423	0.774328	0.264722	0.599971	0.249753	0.652445	0.790513	0.481572	0.467539	0.82489	0.660475	0.102783	0.989668	0.112361	0.689329	36.5947	0.0211752	0.000531114
2958.78	0.00833333	0.893755	0.302782	0.781366	0.684253	0.750126	0.693526	0.890207	0.53864	0.977518	0.817464	0.404706	0.207133	0.535653	0.971843	0.879445	0.940157	77.2539	0.0803278	0.000492858
2958.78	0.00833333	0.555957	0.0377899	0.831063	0.652713	0.264109	0.108173	0.144271	0.760875	0.910397	0.431595	0.265831	0.865601	0.69304	0.41295	0.740456	0.773681	79.9349	0.0351339	0.000867368
2958.78	0.00833333	2.63611	0.128528	0.0353622	0.702436	0.833839	0.0994076	0.289017	0.593375	0.783677	0.600064	0.798273	0.380083	0.90267	0.356706	0.182148	0.252185	51.5767	0.0157679	0.000470707
2958.78	0.00833333	1.01881	0.270998	0.902331	0.777155	0.186672	0.467023	0.812305	0.208224	0.374878	0.854465	0.908636	0.769759	0.786706	0.208339	0.78133	0.695565	44.3491	0.0581736	0.000719932
2958.78	0.00833333	2.29472	0.602808	0.866984	0.895927	0.413227	0.0107012	0.00310394	0.528852	0.828004	0.880157	0.423034	0.423411	0.688849	0.244033	0.441073	0.262629	68.9684	0.00318968	0.000169134
2958.78	0.00833333	2.3091	0.791253	0.244525	0.492259	0.809294	0.998901	0.82039	0.37822	0.455601	0.250274	0.554637	0.932439	0.419862	0.370103	0.731397	0.843748	67.5302	0.0120423	0.000740429
2958.78	0.00833333	2.78431	0.398341	0.464064	0.156425	0.803233	0.971352	0.216803	0.539725	0.555019	0.366718	0.78751	0.894642	0.65021	0.0609226	0.416793	0.652297	75.605	0.0576585	0.000324828
2958.78	0.00833333	0.252239	0.76666	0.302719	0.197466	0.11156	0.334432	0.489451	0.274546	0.165511	0.548569	0.837889	0.265811	0.843848	0.704159	0.48018	0.662275	46.2178	0.0712446	0.000432519
2958.78	0.00833333	2.30153	0.410641	0.703696	0.665661	0.0872989	0.469905	0.415574	0.997413	0.887581	0.101355	0.739048	0.0305758	0.98356	0.383938	0.877777	0.166192	68.9053	0.0931089	0.000951241
2958.78	0.00833333	1.63641	0.29922	0.906774	0.679632	0.740324	0.64044	0.0263085	0.750795	0.214608	0.509002	0.357917	0.291556	0.453599	0.311881	0.585032	0.319082	66.1413	0.0565933	0.000767045
2958.78	0.00833333	1.22718	0.297239	0.495471	0.162724	0.648551	0.422685	0.783347	0.823614	0.499443	0.672342	0.15183	0.348046	0.57987	0.865621	0.0322393	0.552577	65.0151	0.0745796	0.000486207
2958.78	0.00833333	1.64644	0.979587	0.967386	0.446471	0.725504	0.160771	0.858302	0.424024	0.598047	0.680355	0.876646	0.524412	0.462894	0.888501	0.129855	0.400339	64.5059	0.0106808	0.00070131
2958.78	0.00833333	1.5721	0.727377	0.695398	0.294539	0.650028	0.493965	0.584814	0.811313	0.798536	0.824008	0.294334	0.526332	0.18834	0.766352	0.264319	0.646362	39.4454	0.027726	0.000502131
2958.78	0.00833333	1.75892	0.841694	0.955521	0.987498	0.51069	0.208836	0.445933	0.20921	0.937188	0.566938	0.339375	0.436867	0.338051	0.823682	0.124243	0.707191	78.2101	0.0175029	0.000273921
2958.78	0.00833333	0.115755	0.537587	0.824013	0.615269	0.769297	0.663505	0.645351	0.992242	0.625092	0.411633	0.642773	0.362944	0.169906	0.326611	0.582549	0.637707	86.522	0.0549611	0.00023503
2958.78	0.00833333	2.23365	0.508853	0.237579	0.97989	0.182267	0.341961	0.586347	0.334529	0.275041	0.301899	0.821283	0.79118	0.965425	0.220224	0.138633	0.0588006	31.4367	0.0395992	0.000183362
2958.78	0.00833333	1.34419	0.602001	0.402181	0.245621	0.895367	0.398291	0.327405	0.812325	0.377211	0.204709	0.767051	0.586778	0.7761	0.530104	0.413705	0.769469	64.6905	0.0778769	0.000116048
2958.78	0.00833333	2.95185	0.510946	0.987481	0.0827275	0.426416	0.346306	0.318989	0.322222	0.93473	0.848854	0.477297	0.255651	0.878179	0.308729	0.541107	0.514958	56.6283	0.0483462	0.000389474
2958.78	0.00833333	1.38758	0.643153	0.620193	0.779359	0.363815	0.305006	0.0600979	0.654582	0.0358495	0.303974	0.258765	0.754873	0.315529	0.528203	0.689884	0.0340848	57.1943	0.0225751	0.000159412
2958.78	0.00833333	0.850041	0.00297415	0.537373	0.626453	0.689378	0.807144	0.592909	0.548403	0.783789	0.151855	0.156413	0.21344	0.429545	0.0618873	0.883479	0.0817504	82.2408	0.0859584	0.000292863
2958.78	0.00833333	1.31046	0.244931	0.0629597	0.16096	0.429259	0.478636	0.216631	0.324337	0.148156	0.285418	0.96433	0.570352	0.355399	0.959513	0.0401057	0.850562	38.84	0.0819424	0.000711211
2958.78	0.00833333	0.479495	0.183404	0.863182	0.385016	0.249984	0.0242253	0.429782	0.236273	0.375254	0.756148	0.440687	0.107209	0.115611	0.394363	0.312979	0.308677	56.9927	0.028832	0.000180346
2958.78	0.00833333	1.02438	0.231462	0.722499	0.572304	0.790712	0.0463257	0.20554	0.19199	0.619749	0.674387	0.535359	0.130939	0.366216	0.775916	0.233296	0.550965	29.4704	0.0541134	0.000933297
2958.78	0.00833333	1.56391	0.593899	0.841439	0.50731	0.160334	0.467847	0.96411	0.778101	0.54407	0.100522	0.0206228	0.725817	0.458424	0.0321078	0.764988	0.278219	58.915	0.0658283	0.000233408
2958.78	0.00833333	0.333276	0.303932	0.432415	0.170099	0.461918	0.942302	0.877672	0.30061	0.536087	0.721184	0.392925	0.487665	0.693837	0.367179	0.423987	0.50277	48.7515	0.061297	0.000326651
2958.78	0.00833333	1.74646	0.438142	0.224589	0.501261	0.396071	0.226898	0.743246	0.23783	0.871958	0.133326	0.551346	0.479829	0.0529889	0.317123	0.639061	0.535058	70.7408	0.0653883	0.000266781
2958.78	0.00833333	2.87571	0.767416	0.801881	0.33085	0.642281	0.347371	0.265715	0.646238	0.222919	0.305269	0.482141	0.485868	0.408805	0.441311	0.470401	0.513361	52.223	0.025833	0.000641266
2958.78	0.00833333	2.44221	0.3552	0.980541	0.561702	0.296995	0.574087	0.192198	0.454636	0.270546	0.620628	0.221032	0.503152	0.663439	0.779973	0.750326	0.6129	71.8839	0.0438716	0.000314821
