distance	weight	r0	r1	r2	r3	r4	r5	r6	r7	r8	r9	r10	r11	r12	r13	r14	r15	tp	dr1	dr2	dr3
2126.4	0.00833333	0.952044	0.0116787	0.191579	0.104556	0.424333	0.245761	0.77242	0.942298	0.216434	0.0616035	0.380731	0.58336	0.744211	0.0346307	0.323439	0.117062	97.7054	0.0999661	0.0296489	0.013961
2127.68	0.00833333	0.959001	0.649377	0.358445	0.393575	0.542977	0.440243	0.494905	0.0818117	0.326084	0.133649	0.013593	0.404887	0.0461246	0.17686	0.362174	0.106196	97.9304	0.0997974	0.0285379	0.0240098
2127.7	0.00833333	0.958674	0.161906	0.415194	0.0982615	0.643215	0.652089	0.871816	0.141139	0.20804	0.201458	0.283836	0.697698	0.231315	0.378124	0.278414	0.0281603	97.9164	0.0999052	0.0273089	0.029497
2127.81	0.00833333	0.95406	0.154326	0.405146	0.825013	0.430387	0.379718	0.515943	0.197878	0.158659	0.611457	0.382692	0.422435	0.307696	0.760822	0.271304	0.0073131	98.929	0.0994863	0.028866	0.0208119
2127.99	0.00833333	0.944328	0.973067	0.820589	0.52001	0.278937	0.488636	0.162905	0.816752	0.182213	0.148091	0.651591	0.670886	0.152395	0.030714	0.0703312	0.297475	99.2671	0.0996635	0.0297996	0.00726577
2128.02	0.00833333	0.951063	0.0601422	0.842537	0.493773	0.501967	0.358602	0.425334	0.222754	0.814357	0.0871536	0.529443	0.368413	0.648009	0.34216	0.118796	0.139122	98.1945	0.0998516	0.0296104	0.0147304
2128.09	0.00833333	0.95235	0.319759	0.961785	0.699385	0.638481	0.56287	0.75139	0.411258	0.547217	0.208177	0.0468382	0.0115641	0.64604	0.247892	0.114685	0.140927	99.3807	0.0999584	0.0277509	0.0283005
2128.24	0.00833333	0.949941	0.479486	0.106344	0.269083	0.645022	0.273671	0.293258	0.386554	0.680666	0.14119	0.717324	0.864405	0.52237	0.670678	0.284393	0.00192173	99.7355	0.09984	0.0261937	0.0330139
2128.27	0.00833333	0.942113	0.104012	0.718228	0.0891554	0.160334	0.382424	0.890856	0.249542	0.460406	0.122248	0.63684	0.245229	0.449364	0.567572	0.379358	0.188619	99.8204	0.0998706	0.0297462	0.0103764
2128.3	0.00833333	0.960541	0.365615	0.361908	0.908288	0.326047	0.383487	0.603942	0.894075	0.124334	0.174867	0.346045	0.664348	0.131572	0.255995	0.310239	0.17798	96.9754	0.0999181	0.0293802	0.0168831
2128.46	0.00833333	0.950084	0.480222	0.055493	0.612071	0.439447	0.138889	0.837955	0.177607	0.602833	0.82121	0.701093	0.0101416	0.239783	0.292374	0.180516	0.0755395	99.4968	0.099557	0.0297247	0.010222
2128.47	0.00833333	0.952785	0.603332	0.477977	0.56019	0.570242	0.479289	0.292847	0.789526	0.121002	0.172098	0.514949	0.443661	0.684485	0.411487	0.438426	0.149031	98.8092	0.0992602	0.0294009	0.014869
2128.53	0.00833333	0.945706	0.979132	0.206448	0.622632	0.287128	0.196217	0.264965	0.172685	0.32755	0.479285	0.145591	0.843038	0.909643	0.274904	0.235005	0.0891238	100.034	0.0998886	0.02794	0.0269297
2128.59	0.00833333	0.950364	0.485911	0.0649897	0.142801	0.713292	0.440897	0.833849	0.474281	0.351653	0.18212	0.482589	0.202977	0.684057	0.181812	0.324365	0.286909	99.3049	0.099994	0.0296478	0.0132365
2128.6	0.00833333	0.946711	0.239214	0.456443	0.771005	0.222665	0.829483	0.337375	0.573678	0.321018	0.20599	0.207754	0.0769803	0.37612	0.274666	0.723507	0.0368627	98.6269	0.0995662	0.0298068	0.00744453
2128.64	0.00833333	0.947245	0.492747	0.291308	0.524128	0.649873	0.602659	0.463066	0.112224	0.0345666	0.347165	0.467446	0.212938	0.919659	0.748627	0.032932	0.0753968	99.7221	0.0997466	0.0295332	0.0113708
2128.66	0.00833333	0.949714	0.552883	0.805139	0.60785	0.682437	0.713984	0.0618962	0.647499	0.176926	0.134004	0.330073	0.496661	0.0608478	0.665239	0.0897508	0.0232718	99.0088	0.0999757	0.0294813	0.0130265
2128.74	0.00833333	0.951747	0.508041	0.462358	0.942252	0.415686	0.586977	0.340876	0.552354	0.430924	0.225769	0.539444	0.434151	0.619469	0.591128	0.209874	0.238479	98.9536	0.0999032	0.0291182	0.0204299
2128.76	0.00833333	0.954571	0.878457	0.493518	0.0214944	0.627911	0.690943	0.945556	0.515479	0.0440122	0.103489	0.398031	0.598814	0.0369004	0.677834	0.132661	0.131577	99.9422	0.0993247	0.0253649	0.0344021
2128.76	0.00833333	0.956524	0.364249	0.212356	0.511781	0.220381	0.458776	0.294688	0.302209	0.836496	0.301784	0.576555	0.150723	0.770169	0.143721	0.0103786	0.309454	98.5059	0.0994717	0.0288611	0.0199694
2128.77	0.00833333	0.950597	0.275677	0.577813	0.500236	0.422546	0.639202	0.377991	0.426595	0.38467	0.112905	0.603929	0.417925	0.240861	0.149772	0.965678	0.0418817	98.9447	0.0999923	0.029252	0.017331
2128.78	0.00833333	0.947735	0.945042	0.561942	0.757278	0.581552	0.101562	0.31788	0.677614	0.756338	0.164535	0.111452	0.958861	0.595587	0.915966	0.198711	0.0280258	99.9619	0.099785	0.0294104	0.0139988
2128.8	0.00833333	0.953323	0.862809	0.36816	0.993356	0.0613707	0.56251	0.73518	0.108296	0.269327	0.0904705	0.739959	0.604585	0.25542	0.704941	0.020527	0.163701	99.2741	0.0994105	0.0283934	0.0241449
2128.82	0.00833333	0.95084	0.192614	0.0454144	0.206505	0.328395	0.403352	0.472109	0.865988	0.08042	0.677583	0.606994	0.943415	0.523464	0.490088	0.120632	0.0675509	98.2044	0.0994894	0.0297575	0.00128144
2128.82	0.00833333	0.942889	0.882719	0.786949	0.455383	0.95379	0.308284	0.0407513	0.424633	0.327062	0.123703	0.0996143	0.468655	0.318279	0.827167	0.0840673	0.195416	100.303	0.0991678	0.0297359	0.00637534
2128.88	0.00833333	0.959467	0.998811	0.0250148	0.514072	0.0984098	0.105568	0.130079	0.571635	0.57586	0.401914	0.818555	0.198446	0.809421	0.59539	0.238058	0.39481	97.7572	0.0996566	0.0287309	0.0217009
2128.91	0.00833333	0.955629	0.525142	0.821664	0.484798	0.728989	0.266177	0.380649	0.421591	0.105913	0.0181875	0.593765	0.573178	0.26608	0.986332	0.468769	0.216965	99.3329	0.0996678	0.0289554	0.0199237
2128.94	0.00833333	0.959815	0.508142	0.349106	0.346898	0.204438	0.0397876	0.681067	0.202564	0.797022	0.273207	0.73295	0.453081	0.317017	0.581315	0.119009	0.0666734	97.6118	0.0994521	0.0288362	0.0220925
2128.96	0.00833333	0.948305	0.828196	0.320961	0.465513	0.667225	0.881685	0.00600448	0.343967	0.144527	0.295252	0.787571	0.755683	0.167774	0.946092	0.15505	0.0786056	100.47	0.0999969	0.0286993	0.0218467
2128.96	0.00833333	0.95229	0.23295	0.790403	0.948559	0.48607	0.734346	0.665069	0.728026	0.0883621	0.0563281	0.785783	0.769705	0.248358	0.921062	0.214872	0.0292883	98.6787	0.0999944	0.0268454	0.0317041
2128.99	0.00833333	0.944513	0.401988	0.774695	0.496726	0.187733	0.381179	0.802403	0.564761	0.533313	0.459418	0.220115	0.787386	0.224272	0.253875	0.22858	0.143214	100.166	0.0996584	0.0296289	0.00758119
2129	0.00833333	0.950674	0.445139	0.761647	0.0357761	0.520177	0.437979	0.683656	0.594873	0.413019	0.22167	0.349137	0.943636	0.532983	0.667264	0.2294	0.194333	97.7988	0.0997356	0.0298869	0.0108848
2129.02	0.00833333	0.954038	0.266164	0.451226	0.462941	0.209449	0.0659039	0.835925	0.932333	0.108844	0.340808	0.0667224	0.48029	0.0319525	0.12867	0.47978	0.482826	97.7087	0.0999658	0.0291618	0.0200417
2129.04	0.00833333	0.953301	0.213416	0.545333	0.880143	0.0557605	0.164518	0.17697	0.314489	0.839784	0.380104	0.270127	0.620931	0.573317	0.215362	0.139426	0.151117	99.8187	0.0994072	0.0268202	0.0302595
2129.07	0.00833333	0.960126	0.6114	0.644174	0.534852	0.0113298	0.511693	0.299228	0.459483	0.549454	0.276312	0.801786	0.214196	0.751971	0.311978	0.344851	0.146413	97.5146	0.0996296	0.0271975	0.0297841
2129.12	0.00833333	0.958986	0.616522	0.425864	0.66144	0.734777	0.280769	0.0526496	0.0457333	0.360616	0.449523	0.100837	0.557459	0.236012	0.414711	0.19881	0.188941	99.158	0.0991168	0.0278709	0.0257582
2129.16	0.00833333	0.945572	0.307096	0.773677	0.648214	0.820838	0.376285	0.997619	0.466168	0.777658	0.27039	0.604322	0.476894	0.372299	0.0051565	0.175815	0.120355	98.9025	0.0997908	0.0296644	0.0117516
2129.17	0.00833333	0.9617	0.335642	0.445313	0.427014	0.238998	0.0777672	0.735162	0.981809	0.324959	0.182418	0.360132	0.698449	0.70241	0.850277	0.161928	0.254233	97.6643	0.0995012	0.0272202	0.0293888
2129.18	0.00833333	0.948854	0.787397	0.895686	0.616475	0.123588	0.204438	0.671044	0.457438	0.466943	0.558327	0.64396	0.0241717	0.275264	0.676222	0.204858	0.204545	100.103	0.0997284	0.028501	0.0241869
2129.19	0.00833333	0.951038	0.554598	0.341504	0.7822	0.902224	0.126443	0.348906	0.685641	0.0424955	0.358065	0.377312	0.228888	0.0183608	0.237408	0.479087	0.131907	99.9793	0.0993048	0.0277441	0.0274274
2129.2	0.00833333	0.947175	0.985302	0.982073	0.60266	0.455185	0.0615574	0.487401	0.643271	0.698979	0.160483	0.429949	0.632334	0.295698	0.391146	0.573139	0.0220741	98.5761	0.0997757	0.0294309	0.0156248
2129.26	0.00833333	0.949002	0.927461	0.260633	0.818611	0.822649	0.371835	0.572002	0.584341	0.703501	0.130657	0.681772	0.0657163	0.0589272	0.430532	0.386501	0.32877	99.9168	0.099934	0.0284103	0.0246661
2129.29	0.00833333	0.954386	0.622331	0.523121	0.437617	0.444997	0.575703	0.17227	0.39435	0.469055	0.192516	0.437188	0.833628	0.606149	0.0796	0.0524746	0.145882	100.461	0.0992014	0.0270946	0.0289829
2129.3	0.00833333	0.955565	0.833559	0.357274	0.943643	0.128297	0.219394	0.480325	0.510972	0.56247	0.0502045	0.66557	0.677524	0.0753491	0.0198709	0.614338	0.193766	99.1599	0.099367	0.0275768	0.0284288
2129.4	0.00833333	0.953996	0.79699	0.664931	0.0373191	0.597159	0.0900714	0.473264	0.715745	0.767098	0.0724145	0.892122	0.485866	0.510726	0.264094	0.117488	0.193048	99.2684	0.0997879	0.029556	0.0114993
2129.4	0.00833333	0.949549	0.70924	0.834124	0.657667	0.140014	0.805016	0.016205	0.437245	0.45929	0.415675	0.18923	0.282697	0.54417	0.387757	0.0179633	0.233525	99.5368	0.0995672	0.0293261	0.0152071
2129.41	0.00833333	0.953797	0.240192	0.212025	0.372834	0.827797	0.494518	0.274771	0.351235	0.461009	0.312617	0.694582	0.983968	0.112845	0.310767	0.800251	0.140626	99.4823	0.0998216	0.0279996	0.0265822
2129.42	0.00833333	0.943505	0.387383	0.240417	0.810468	0.661367	0.130856	0.718828	0.336949	0.83673	0.641464	0.868613	0.778015	0.688224	0.186164	0.201926	0.37146	98.7388	0.0998028	0.0298382	0.00402828
2129.43	0.00833333	0.954305	0.179647	0.534466	0.829376	0.204783	0.20402	0.388606	0.879799	0.57706	0.247576	0.70009	0.336045	0.619401	0.985672	0.643933	0.0321508	97.5154	0.0999562	0.0283933	0.025816
2129.45	0.00833333	0.956278	0.0792516	0.663456	0.209123	0.613727	0.806448	0.0464619	0.679282	0.667201	0.309393	0.601432	0.124166	0.327702	0.304014	0.176013	0.235891	98.7016	0.0993942	0.0288582	0.0200444
2129.46	0.00833333	0.950558	0.651542	0.107186	0.294504	0.380783	0.561782	0.524092	0.429635	0.27373	0.0521161	0.486037	0.422859	0.950826	0.402029	0.448655	0.340527	99.0019	0.0996821	0.0293985	0.0171891
2129.46	0.00833333	0.945208	0.305281	0.26429	0.728158	0.222026	0.0742168	0.686669	0.197479	0.777136	0.221001	0.542004	0.660809	0.407528	0.320892	0.208753	0.311861	98.3274	0.0999676	0.0297964	0.00173503
2129.48	0.00833333	0.950334	0.185991	0.586263	0.0440613	0.38073	0.55634	0.476162	0.314649	0.688044	0.373266	0.181649	0.696437	0.412148	0.840641	0.416101	0.21817	99.2307	0.09969	0.029364	0.016252
2129.48	0.00833333	0.949263	0.869915	0.239637	0.593284	0.649182	0.875002	0.225896	0.569912	0.377013	0.324433	0.588501	0.568497	0.794339	0.653425	0.17713	0.011296	100.056	0.0988449	0.0294681	0.00435948
2129.53	0.00833333	0.962936	0.620581	0.154412	0.147059	0.6192	0.0895695	0.0620006	0.154552	0.620092	0.0405292	0.855783	0.305563	0.490695	0.492355	0.192319	0.0877193	98.8398	0.0994613	0.0274275	0.0276856
2129.57	0.00833333	0.943462	0.315437	0.494106	0.0472372	0.111461	0.466131	0.924519	0.259881	0.695602	0.249087	0.401647	0.399122	0.50999	0.831307	0.0591083	0.0366985	99.7663	0.0999909	0.0296275	0.00561222
2129.58	0.00833333	0.959253	0.511599	0.503576	0.250904	0.391365	0.55677	0.388179	0.541762	0.689184	0.29364	0.533081	0.302848	0.297471	0.493335	0.057797	0.035158	98.824	0.0989407	0.0275611	0.027273
2129.63	0.00833333	0.949591	0.156093	0.838134	0.87261	0.452282	0.272698	0.755343	0.863044	0.882766	0.288425	0.192916	0.147559	0.372734	0.419747	0.205475	0.0594066	98.6843	0.0997411	0.0294391	0.0130815
2129.65	0.00833333	0.957941	0.399089	0.0631516	0.619178	0.135041	0.35165	0.884983	0.570093	0.715779	0.202999	0.888637	0.0158533	0.479748	0.507382	0.220331	0.415159	99.1245	0.099151	0.0286927	0.0205985
2129.67	0.00833333	0.955283	0.697977	0.688053	0.65628	0.127926	0.834398	0.0417636	0.239594	0.638291	0.148963	0.35749	0.50932	0.0120403	0.747147	0.274039	0.100059	100.245	0.0988232	0.0268838	0.0299875
2129.67	0.00833333	0.94364	0.688921	0.58841	0.518301	0.229797	0.00158639	0.977323	0.948026	0.342529	0.398997	0.127156	0.166689	0.360935	0.0416775	0.372549	0.160261	100.545	0.0997375	0.0292985	0.0163121
2129.7	0.00833333	0.955563	0.814863	0.606524	0.987235	0.425136	0.862653	0.846873	0.682327	0.533429	0.10493	0.18499	0.179641	0.476958	0.948315	0.311376	0.020238	98.5637	0.0990969	0.0294727	0.0133826
2129.71	0.00833333	0.958287	0.440174	0.211688	0.894272	0.616101	0.556169	0.205054	0.34334	0.0472737	0.124913	0.0552441	0.771417	0.503412	0.115199	0.176918	0.17755	100.232	0.0984692	0.0289663	0.0158653
2129.72	0.00833333	0.962277	0.878887	0.138173	0.141151	0.110518	0.477231	0.40535	0.985177	0.535916	0.171241	0.987604	0.536181	0.407532	0.676803	0.553842	0.144427	98.275	0.0995056	0.0285722	0.0225612
2129.72	0.00833333	0.939582	0.661325	0.566818	0.224369	0.342498	0.422789	0.586333	0.192782	0.0993	0.393029	0.459778	0.959759	0.380248	0.641086	0.366636	0.394965	99.9834	0.0997586	0.0298014	0.00605884
2129.72	0.00833333	0.962581	0.172732	0.845231	0.758492	0.124239	0.409281	0.296696	0.421259	0.749921	0.119777	0.786279	0.609296	0.858369	0.0442983	0.100464	0.174294	98.6675	0.0989692	0.0253076	0.0340424
2129.73	0.00833333	0.950503	0.168449	0.351181	0.235841	0.767298	0.439516	0.202636	0.596368	0.734107	0.611899	0.231066	0.442195	0.557813	0.274707	0.199641	0.174573	98.6113	0.0992336	0.029535	0.0121925
2129.74	0.00833333	0.947738	0.249313	0.474239	0.887765	0.752291	0.41158	0.294039	0.299801	0.476021	0.427229	0.618291	0.289522	0.604219	0.197917	0.185575	0.427877	100.29	0.0997393	0.0289276	0.0204176
2129.75	0.00833333	0.95626	0.256899	0.0495713	0.774079	0.377349	0.247328	0.749719	0.802508	0.764193	0.236813	0.210718	0.442159	0.600251	0.0486478	0.0552732	0.0914894	100.228	0.0993907	0.0285736	0.0212693
2129.81	0.00833333	0.944429	0.687008	0.233992	0.348262	0.570695	0.229396	0.106787	0.421833	0.522853	0.667577	0.285618	0.87845	0.93241	0.588944	0.142475	0.155835	99.6254	0.0993057	0.0296058	0.00870539
2129.82	0.00833333	0.952051	0.915286	0.384364	0.714297	0.293259	0.970134	0.0280584	0.682977	0.365773	0.617366	0.938636	0.191507	0.0865608	0.0789496	0.289502	0.148801	98.6624	0.0996087	0.0292227	0.01711
2129.84	0.00833333	0.940756	0.369706	0.791486	0.386887	0.0319276	0.194287	0.186566	0.136423	0.176677	0.285149	0.462561	0.290508	0.655517	0.679329	0.673024	0.282914	99.8515	0.0998761	0.029636	0.0144733
2129.87	0.00833333	0.951127	0.598701	0.868319	0.579094	0.534193	0.468576	0.15753	0.538128	0.125324	0.0589922	0.360299	0.242046	0.853231	0.732759	0.27456	0.0228618	98.3794	0.0990324	0.0296322	1.59321e-05
2129.88	0.00833333	0.948087	0.301373	0.90016	0.477104	0.269259	0.0160305	0.553239	0.779899	0.245487	0.832705	0.248395	0.218486	0.0899865	0.741723	0.287355	0.147715	99.0855	0.0999886	0.0277505	0.0286736
2129.91	0.00833333	0.950503	0.722864	0.428964	0.703448	0.633171	0.695991	0.60204	0.393369	0.714244	0.334292	0.3569	0.307275	0.319659	0.554039	0.138914	0.319628	98.3083	0.0995213	0.0298384	0.00976751
2129.91	0.00833333	0.943873	0.607615	0.204988	0.029594	0.263553	0.989019	0.373693	0.491195	0.809623	0.304948	0.107965	0.0466914	0.0457189	0.483619	0.110524	0.0589234	99.4515	0.0999338	0.0296909	0.00964304
2129.92	0.00833333	0.942788	0.258393	0.294123	0.683249	0.388248	0.0623345	0.479912	0.237955	0.1834	0.623441	0.590507	0.788253	0.188066	0.452718	0.233789	0.23164	99.5513	0.0995315	0.0296674	0.0144925
2129.96	0.00833333	0.943791	0.81218	0.859135	0.032486	0.918316	0.250165	0.246289	0.382449	0.204876	0.791676	0.64463	0.637548	0.714841	0.519263	0.294887	0.0593274	100.125	0.0995298	0.0298234	0.00744
2129.98	0.00833333	0.960071	0.475102	0.839172	0.508508	0.841901	0.307142	0.790726	0.619417	0.19384	0.658155	0.781201	0.134228	0.582434	0.486815	0.162654	0.0527303	97.8231	0.0996834	0.0290424	0.0184113
2129.99	0.00833333	0.950404	0.352417	0.174941	0.456159	0.55815	0.231687	0.445877	0.473136	0.442411	0.0957933	0.511555	0.89691	0.553754	0.33461	0.735309	0.233119	98.7926	0.0999045	0.0281264	0.0258247
2129.99	0.00833333	0.959959	0.712355	0.401249	0.14997	0.526545	0.428195	0.916335	0.486066	0.0358807	0.388983	0.336786	0.597365	0.665406	0.359827	0.038387	0.0370564	98.6461	0.0995753	0.0280756	0.0244192
2130	0.00833333	0.955102	0.162196	0.162423	0.886421	0.592458	0.578658	0.520311	0.357223	0.484212	0.304664	0.120835	0.665353	0.16781	0.1457	0.244221	0.162554	97.9498	0.0996254	0.0295943	0.016173
2130.02	0.00833333	0.959208	0.508431	0.473518	0.48228	0.708319	0.37794	0.392691	0.556987	0.248028	0.444141	0.281823	0.30089	0.106497	0.77637	0.276573	0.047374	97.8408	0.099904	0.0254432	0.0344074
2130.02	0.00833333	0.94847	0.605869	0.313952	0.0287206	0.83239	0.796699	0.525087	0.59261	0.0237292	0.303035	0.105697	0.32627	0.183334	0.32949	0.122086	0.308263	98.5727	0.0992251	0.0298131	0.00687112
2130.03	0.00833333	0.939739	0.458554	0.469046	0.202286	0.953624	0.242393	0.738462	0.913395	0.0307968	0.891371	0.737563	0.156832	0.601111	0.77047	0.449205	0.124607	100.305	0.0999114	0.0298245	0.00734802
2130.04	0.00833333	0.949584	0.988871	0.129186	0.583724	0.179826	0.856536	0.446608	0.754036	0.105775	0.366688	0.52329	0.914205	0.637915	0.179048	0.301458	0.0627749	98.7006	0.0996597	0.0269636	0.0310054
2130.05	0.00833333	0.955822	0.955847	0.757903	0.601375	0.700445	0.046171	0.913078	0.243577	0.359431	0.287627	0.109399	0.95009	0.116237	0.706601	0.52739	0.0150462	97.2802	0.0999557	0.0297684	0.00375643
2130.07	0.00833333	0.943471	0.405723	0.191958	0.144681	0.722268	0.347035	0.262651	0.193211	0.751435	0.222691	0.310295	0.083521	0.592412	0.22657	0.0489035	0.53269	98.7395	0.0997857	0.0297534	0.0105347
2130.07	0.00833333	0.954704	0.826954	0.561618	0.537375	0.382256	0.711175	0.989744	0.19149	0.467356	0.350545	0.401074	0.846181	0.491399	0.684983	0.122034	0.362424	99.039	0.099414	0.028185	0.0255333
2130.08	0.00833333	0.955462	0.587563	0.631511	0.825333	0.0479182	0.855215	0.867574	0.952316	0.29389	0.634415	0.514977	0.20787	0.0372716	0.627144	0.167685	0.0714251	98.2363	0.0992758	0.0293145	0.01749
2130.08	0.00833333	0.950625	0.579847	0.673535	0.612042	0.201184	0.903854	0.844661	0.231679	0.331459	0.369617	0.292044	0.927439	0.596583	0.243552	0.0452378	0.0400623	99.949	0.0985382	0.0295624	0.00796019
2130.1	0.00833333	0.949462	0.201297	0.339235	0.277973	0.682104	0.0166108	0.983173	0.148025	0.0686464	0.474893	0.786805	0.246499	0.128524	0.580988	0.431637	0.19343	96.7643	0.0998821	0.0300352	0.00168051
2130.11	0.00833333	0.954112	0.451104	0.668238	0.718924	0.188293	0.384151	0.703933	0.20858	0.0094046	0.561227	0.46867	0.0674221	0.868789	0.503605	0.133839	0.239912	99.0118	0.0986726	0.0294633	0.00445044
2130.11	0.00833333	0.955367	0.814954	0.70318	0.608868	0.575811	0.591221	0.55626	0.104866	0.000306785	0.428006	0.380152	0.0532226	0.0965907	0.324398	0.194712	0.290792	98.6635	0.099286	0.0264779	0.031886
2130.12	0.00833333	0.949697	0.296411	0.48984	0.842067	0.416159	0.294876	0.459596	0.137293	0.326454	0.248795	0.781659	0.177124	0.669001	0.714593	0.704677	0.00803034	98.3739	0.0998085	0.0297269	0.0152807
2130.13	0.00833333	0.954762	0.565236	0.0782355	0.419577	0.0873562	0.423726	0.290269	0.256464	0.11775	0.465061	0.33002	0.70311	0.629729	0.27945	0.503923	0.26433	98.7588	0.0998759	0.0279231	0.0273916
2130.16	0.00833333	0.962328	0.756945	0.202026	0.491508	0.277213	0.158595	0.969216	0.337589	0.354101	0.4634	0.955281	0.109286	0.947028	0.317019	0.173866	0.0806891	98.3103	0.0994797	0.0287004	0.0203609
2130.19	0.00833333	0.949693	0.309656	0.686196	0.862864	0.223196	0.432353	0.677555	0.748748	0.967583	0.175312	0.754351	0.188997	0.381712	0.561049	0.368623	0.277561	98.7372	0.0992638	0.0297497	0.00677064
2130.2	0.00833333	0.954874	0.176667	0.313584	0.676574	0.543763	0.623489	0.517973	0.582863	0.805531	0.0564375	0.170072	0.0752693	0.603151	0.866841	0.539738	0.403469	98.8872	0.0997645	0.02775	0.0274009
2130.2	0.00833333	0.959449	0.631285	0.647715	0.368575	0.866617	0.143956	0.895037	0.961512	0.29995	0.432633	0.112161	0.10853	0.504473	0.00154282	0.562992	0.246835	98.4241	0.0998145	0.0266236	0.0313152
2130.21	0.00833333	0.957256	0.357275	0.701307	0.844175	0.85818	0.543649	0.954321	0.580306	0.28352	0.515042	0.542272	0.267263	0.797066	0.353915	0.496641	0.133559	97.8072	0.099786	0.0291558	0.0187081
2130.21	0.00833333	0.956631	0.47766	0.526824	0.153942	0.163235	0.466569	0.0963215	0.399255	0.268091	0.0250627	0.414373	0.268917	0.378191	0.344116	0.704087	0.265829	98.0773	0.0995635	0.0295257	0.0108375
2130.22	0.00833333	0.952395	0.371506	0.523019	0.290096	0.728548	0.534587	0.43229	0.277184	0.0891695	0.270236	0.908593	0.653595	0.488378	0.280291	0.215028	0.152307	98.4028	0.0996303	0.0296744	0.0161685
2130.22	0.00833333	0.955377	0.854085	0.297881	0.93828	0.0623641	0.120067	0.408566	0.812133	0.0899359	0.194575	0.216268	0.238949	0.488946	0.606853	0.807918	0.167493	97.5619	0.0998803	0.0291287	0.018257
2130.22	0.00833333	0.94651	0.383236	0.539827	0.38237	0.51352	0.148578	0.3372	0.319467	0.406715	0.584646	0.950236	0.448607	0.141705	0.58502	0.398593	0.0658793	99.9263	0.0991743	0.0295011	0.0102924
2130.22	0.00833333	0.959073	0.922189	0.220605	0.611018	0.423989	0.850243	0.072392	0.580771	0.0873693	0.0898846	0.388902	0.673218	0.00915751	0.338408	0.345548	0.255497	98.7878	0.0989365	0.0292745	0.0128672
2130.24	0.00833333	0.953556	0.997052	0.707554	0.745014	0.300356	0.388551	0.0377811	0.256871	0.842407	0.475654	0.576208	0.297414	0.650267	0.457556	0.15811	0.0475716	100.162	0.0990969	0.0244622	0.0366128
2130.25	0.00833333	0.941535	0.0887665	0.283963	0.50056	0.176464	0.463932	0.160233	0.786909	0.247129	0.153482	0.636031	0.600855	0.261606	0.117299	0.669222	0.134719	99.7947	0.0996888	0.0296272	0.0111494
2130.25	0.00833333	0.943557	0.710242	0.689118	0.890646	0.524115	0.203118	0.303815	0.211127	0.34112	0.654029	0.388796	0.525844	0.451467	0.364165	0.00247093	0.254436	100.304	0.0997602	0.029736	0.0013455
2130.26	0.00833333	0.945826	0.614328	0.740426	0.376707	0.612757	0.713549	0.115974	0.691654	0.79462	0.0477753	0.70592	0.325734	0.757496	0.432035	0.0262891	0.274267	100.607	0.0987072	0.0294789	0.00866261
2130.26	0.00833333	0.945867	0.773898	0.445113	0.0893351	0.948543	0.261675	0.0283076	0.943626	0.622886	0.160232	0.00771073	0.251938	0.0822739	0.327817	0.0231807	0.0474193	101.075	0.0990877	0.0207853	0.0418866
2130.28	0.00833333	0.952241	0.4261	0.698345	0.359591	0.365923	0.343418	0.299424	0.846616	0.256323	0.428488	0.466314	0.605251	0.635796	0.530446	0.463391	0.252957	99.6145	0.0993565	0.0262501	0.0325011
2130.31	0.00833333	0.958238	0.515478	0.555216	0.79151	0.0201555	0.517563	0.309359	0.369911	0.102569	0.207374	0.214237	0.219986	0.0868148	0.707124	0.648082	0.1177	98.064	0.0996853	0.029309	0.0146499
2130.33	0.00833333	0.950132	0.00617582	0.53964	0.723563	0.55514	0.370089	0.0638745	0.837782	0.237298	0.110462	0.613817	0.794532	0.294922	0.973543	0.781747	0.0910125	100.434	0.0997216	0.0276163	0.0285921
2130.34	0.00833333	0.958656	0.17134	0.593992	0.175428	0.909628	0.764513	0.584503	0.823042	0.236681	0.0329277	0.27057	0.672781	0.467775	0.359057	0.00632763	0.0369367	98.005	0.0992193	0.0287983	0.020474
2130.35	0.00833333	0.943077	0.405408	0.589361	0.632862	0.17624	0.468894	0.105966	0.21133	0.431644	0.539632	0.00180274	0.644419	0.614641	0.657388	0.530722	0.292907	99.4128	0.099823	0.0299337	0.00724052
2130.36	0.00833333	0.95373	0.519902	0.326192	0.781838	0.442464	0.188751	0.658777	0.740002	0.265998	0.252293	0.604426	0.958838	0.426345	0.593832	0.741572	0.11451	98.7935	0.0995427	0.0262906	0.032906
2130.4	0.00833333	0.953438	0.847616	0.038015	0.412152	0.115328	0.208892	0.979713	0.775724	0.33249	0.436677	0.689046	0.222088	0.971382	0.0386595	0.0069409	0.0338489	101.331	0.0986669	0.0290303	0.0151209
2130.41	0.00833333	0.947358	0.0357701	0.149004	0.249926	0.40347	0.584373	0.382161	0.667226	0.674192	0.905645	0.843036	0.532769	0.414967	0.506168	0.234345	0.166943	100.346	0.0994769	0.0295947	0.0123101
2130.41	0.00833333	0.947887	0.168714	0.72572	0.806558	0.948057	0.695865	0.634343	0.361455	0.739829	0.347508	0.569358	0.517997	0.474704	0.568893	0.092414	0.38452	97.7996	0.099773	0.0299122	0.00692936
